,Input_TotalNumTests,Input_TotalNumIts,Input_RNRangeStart,Input_RNRangeEnd,Input_RNRangeDiv,Val_kTest,Val_nthIt,Val_RN,Val_A,Val_B,Val_kthTest
0,1001.0,21.0,1.0,100.0,80.0,,1.0,0.8375,0.8375,0.8375,1.0
1,1001.0,21.0,1.0,100.0,80.0,,2.0,0.1625,1.0,1.8375,1.0
2,1001.0,21.0,1.0,100.0,80.0,,3.0,0.525,1.525,3.3625,1.0
3,1001.0,21.0,1.0,100.0,80.0,,4.0,0.4125,1.9375,5.3,1.0
4,1001.0,21.0,1.0,100.0,80.0,,5.0,0.8375,2.775,8.075,1.0
5,1001.0,21.0,1.0,100.0,80.0,,6.0,1.225,4.0,12.075,1.0
6,1001.0,21.0,1.0,100.0,80.0,,7.0,0.7625,4.7625,16.8375,1.0
7,1001.0,21.0,1.0,100.0,80.0,,8.0,0.6,5.3625,22.2,1.0
8,1001.0,21.0,1.0,100.0,80.0,,9.0,0.2625,5.625,27.825,1.0
9,1001.0,21.0,1.0,100.0,80.0,,10.0,0.8625,6.4875,34.3125,1.0
10,1001.0,21.0,1.0,100.0,80.0,,11.0,0.775,7.2625,41.575,1.0
11,1001.0,21.0,1.0,100.0,80.0,,12.0,0.9375,8.2,49.775,1.0
12,1001.0,21.0,1.0,100.0,80.0,,13.0,0.8625,9.0625,58.8375,1.0
13,1001.0,21.0,1.0,100.0,80.0,,14.0,1.1625,10.225,69.0625,1.0
14,1001.0,21.0,1.0,100.0,80.0,,15.0,0.425,10.65,79.7125,1.0
15,1001.0,21.0,1.0,100.0,80.0,,16.0,0.2875,10.9375,90.65,1.0
16,1001.0,21.0,1.0,100.0,80.0,,17.0,0.0125,10.95,101.6,1.0
17,1001.0,21.0,1.0,100.0,80.0,,18.0,0.0125,10.9625,112.5625,1.0
18,1001.0,21.0,1.0,100.0,80.0,,19.0,0.075,11.0375,123.6,1.0
19,1001.0,21.0,1.0,100.0,80.0,,20.0,0.45,11.4875,135.0875,1.0
20,1001.0,21.0,1.0,100.0,80.0,,1.0,0.9375,12.425,147.5125,2.0
21,1001.0,21.0,1.0,100.0,80.0,,2.0,0.3375,12.7625,160.275,2.0
22,1001.0,21.0,1.0,100.0,80.0,,3.0,0.4125,13.175,173.45,2.0
23,1001.0,21.0,1.0,100.0,80.0,,4.0,0.4875,13.6625,187.1125,2.0
24,1001.0,21.0,1.0,100.0,80.0,,5.0,0.6375,14.3,201.4125,2.0
25,1001.0,21.0,1.0,100.0,80.0,,6.0,1.1,15.4,216.8125,2.0
26,1001.0,21.0,1.0,100.0,80.0,,7.0,0.6875,16.0875,232.9,2.0
27,1001.0,21.0,1.0,100.0,80.0,,8.0,0.3,16.3875,249.2875,2.0
28,1001.0,21.0,1.0,100.0,80.0,,9.0,0.5125,16.9,266.1875,2.0
29,1001.0,21.0,1.0,100.0,80.0,,10.0,0.65,17.55,283.7375,2.0
30,1001.0,21.0,1.0,100.0,80.0,,11.0,0.7875,18.3375,302.075,2.0
31,1001.0,21.0,1.0,100.0,80.0,,12.0,0.7875,19.125,321.2,2.0
32,1001.0,21.0,1.0,100.0,80.0,,13.0,0.125,19.25,340.45,2.0
33,1001.0,21.0,1.0,100.0,80.0,,14.0,0.0625,19.3125,359.7625,2.0
34,1001.0,21.0,1.0,100.0,80.0,,15.0,0.2375,19.55,379.3125,2.0
35,1001.0,21.0,1.0,100.0,80.0,,16.0,0.5,20.05,399.3625,2.0
36,1001.0,21.0,1.0,100.0,80.0,,17.0,1.075,21.125,420.4875,2.0
37,1001.0,21.0,1.0,100.0,80.0,,18.0,1.0875,22.2125,442.7,2.0
38,1001.0,21.0,1.0,100.0,80.0,,19.0,0.1625,22.375,465.075,2.0
39,1001.0,21.0,1.0,100.0,80.0,,20.0,0.05,22.425,487.5,2.0
40,1001.0,21.0,1.0,100.0,80.0,,1.0,0.1625,22.5875,510.0875,3.0
41,1001.0,21.0,1.0,100.0,80.0,,2.0,1.1625,23.75,533.8375,3.0
42,1001.0,21.0,1.0,100.0,80.0,,3.0,0.8625,24.6125,558.45,3.0
43,1001.0,21.0,1.0,100.0,80.0,,4.0,0.4875,25.1,583.55,3.0
44,1001.0,21.0,1.0,100.0,80.0,,5.0,0.825,25.925,609.475,3.0
45,1001.0,21.0,1.0,100.0,80.0,,6.0,0.2625,26.1875,635.6625,3.0
46,1001.0,21.0,1.0,100.0,80.0,,7.0,0.2,26.3875,662.05,3.0
47,1001.0,21.0,1.0,100.0,80.0,,8.0,0.4375,26.825,688.875,3.0
48,1001.0,21.0,1.0,100.0,80.0,,9.0,0.3,27.125,716.0,3.0
49,1001.0,21.0,1.0,100.0,80.0,,10.0,1.125,28.25,744.25,3.0
50,1001.0,21.0,1.0,100.0,80.0,,11.0,0.6625,28.9125,773.1625,3.0
51,1001.0,21.0,1.0,100.0,80.0,,12.0,0.85,29.7625,802.925,3.0
52,1001.0,21.0,1.0,100.0,80.0,,13.0,1.0875,30.85,833.775,3.0
53,1001.0,21.0,1.0,100.0,80.0,,14.0,0.925,31.775,865.55,3.0
54,1001.0,21.0,1.0,100.0,80.0,,15.0,0.7875,32.5625,898.1125,3.0
55,1001.0,21.0,1.0,100.0,80.0,,16.0,0.375,32.9375,931.05,3.0
56,1001.0,21.0,1.0,100.0,80.0,,17.0,0.9,33.8375,964.8875,3.0
57,1001.0,21.0,1.0,100.0,80.0,,18.0,0.825,34.6625,999.55,3.0
58,1001.0,21.0,1.0,100.0,80.0,,19.0,0.5375,35.2,1034.75,3.0
59,1001.0,21.0,1.0,100.0,80.0,,20.0,0.2875,35.4875,1070.2375,3.0
60,1001.0,21.0,1.0,100.0,80.0,,1.0,0.8375,36.325,1106.5625,4.0
61,1001.0,21.0,1.0,100.0,80.0,,2.0,0.4375,36.7625,1143.325,4.0
62,1001.0,21.0,1.0,100.0,80.0,,3.0,1.1125,37.875,1181.2,4.0
63,1001.0,21.0,1.0,100.0,80.0,,4.0,0.9,38.775,1219.975,4.0
64,1001.0,21.0,1.0,100.0,80.0,,5.0,0.1375,38.9125,1258.8875,4.0
65,1001.0,21.0,1.0,100.0,80.0,,6.0,0.4375,39.35,1298.2375,4.0
66,1001.0,21.0,1.0,100.0,80.0,,7.0,1.1125,40.4625,1338.7,4.0
67,1001.0,21.0,1.0,100.0,80.0,,8.0,0.025,40.4875,1379.1875,4.0
68,1001.0,21.0,1.0,100.0,80.0,,9.0,0.275,40.7625,1419.95,4.0
69,1001.0,21.0,1.0,100.0,80.0,,10.0,0.175,40.9375,1460.8875,4.0
70,1001.0,21.0,1.0,100.0,80.0,,11.0,1.025,41.9625,1502.85,4.0
71,1001.0,21.0,1.0,100.0,80.0,,12.0,0.125,42.0875,1544.9375,4.0
72,1001.0,21.0,1.0,100.0,80.0,,13.0,0.0875,42.175,1587.1125,4.0
73,1001.0,21.0,1.0,100.0,80.0,,14.0,0.05,42.225,1629.3375,4.0
74,1001.0,21.0,1.0,100.0,80.0,,15.0,0.3125,42.5375,1671.875,4.0
75,1001.0,21.0,1.0,100.0,80.0,,16.0,0.775,43.3125,1715.1875,4.0
76,1001.0,21.0,1.0,100.0,80.0,,17.0,0.175,43.4875,1758.675,4.0
77,1001.0,21.0,1.0,100.0,80.0,,18.0,1.05,44.5375,1803.2125,4.0
78,1001.0,21.0,1.0,100.0,80.0,,19.0,0.725,45.2625,1848.475,4.0
79,1001.0,21.0,1.0,100.0,80.0,,20.0,1.2375,46.5,1894.975,4.0
80,1001.0,21.0,1.0,100.0,80.0,,1.0,0.4375,46.9375,1941.9125,5.0
81,1001.0,21.0,1.0,100.0,80.0,,2.0,0.8875,47.825,1989.7375,5.0
82,1001.0,21.0,1.0,100.0,80.0,,3.0,0.5125,48.3375,2038.075,5.0
83,1001.0,21.0,1.0,100.0,80.0,,4.0,0.6125,48.95,2087.025,5.0
84,1001.0,21.0,1.0,100.0,80.0,,5.0,0.4625,49.4125,2136.4375,5.0
85,1001.0,21.0,1.0,100.0,80.0,,6.0,1.1875,50.6,2187.0375,5.0
86,1001.0,21.0,1.0,100.0,80.0,,7.0,0.9,51.5,2238.5375,5.0
87,1001.0,21.0,1.0,100.0,80.0,,8.0,0.05,51.55,2290.0875,5.0
88,1001.0,21.0,1.0,100.0,80.0,,9.0,0.6375,52.1875,2342.275,5.0
89,1001.0,21.0,1.0,100.0,80.0,,10.0,0.9875,53.175,2395.45,5.0
90,1001.0,21.0,1.0,100.0,80.0,,11.0,0.1875,53.3625,2448.8125,5.0
91,1001.0,21.0,1.0,100.0,80.0,,12.0,1.0875,54.45,2503.2625,5.0
92,1001.0,21.0,1.0,100.0,80.0,,13.0,1.2,55.65,2558.9125,5.0
93,1001.0,21.0,1.0,100.0,80.0,,14.0,1.0875,56.7375,2615.65,5.0
94,1001.0,21.0,1.0,100.0,80.0,,15.0,0.9625,57.7,2673.35,5.0
95,1001.0,21.0,1.0,100.0,80.0,,16.0,0.25,57.95,2731.3,5.0
96,1001.0,21.0,1.0,100.0,80.0,,17.0,0.25,58.2,2789.5,5.0
97,1001.0,21.0,1.0,100.0,80.0,,18.0,0.475,58.675,2848.175,5.0
98,1001.0,21.0,1.0,100.0,80.0,,19.0,0.95,59.625,2907.8,5.0
99,1001.0,21.0,1.0,100.0,80.0,,20.0,1.075,60.7,2968.5,5.0
100,1001.0,21.0,1.0,100.0,80.0,,1.0,1.0125,61.7125,3030.2125,6.0
101,1001.0,21.0,1.0,100.0,80.0,,2.0,0.725,62.4375,3092.65,6.0
102,1001.0,21.0,1.0,100.0,80.0,,3.0,0.5875,63.025,3155.675,6.0
103,1001.0,21.0,1.0,100.0,80.0,,4.0,0.75,63.775,3219.45,6.0
104,1001.0,21.0,1.0,100.0,80.0,,5.0,0.2875,64.0625,3283.5125,6.0
105,1001.0,21.0,1.0,100.0,80.0,,6.0,0.6125,64.675,3348.1875,6.0
106,1001.0,21.0,1.0,100.0,80.0,,7.0,0.725,65.4,3413.5875,6.0
107,1001.0,21.0,1.0,100.0,80.0,,8.0,0.9625,66.3625,3479.95,6.0
108,1001.0,21.0,1.0,100.0,80.0,,9.0,0.075,66.4375,3546.3875,6.0
109,1001.0,21.0,1.0,100.0,80.0,,10.0,1.1,67.5375,3613.925,6.0
110,1001.0,21.0,1.0,100.0,80.0,,11.0,0.225,67.7625,3681.6875,6.0
111,1001.0,21.0,1.0,100.0,80.0,,12.0,0.325,68.0875,3749.775,6.0
112,1001.0,21.0,1.0,100.0,80.0,,13.0,0.1125,68.2,3817.975,6.0
113,1001.0,21.0,1.0,100.0,80.0,,14.0,1.0625,69.2625,3887.2375,6.0
114,1001.0,21.0,1.0,100.0,80.0,,15.0,1.1125,70.375,3957.6125,6.0
115,1001.0,21.0,1.0,100.0,80.0,,16.0,1.075,71.45,4029.0625,6.0
116,1001.0,21.0,1.0,100.0,80.0,,17.0,1.1875,72.6375,4101.7,6.0
117,1001.0,21.0,1.0,100.0,80.0,,18.0,1.2,73.8375,4175.5375,6.0
118,1001.0,21.0,1.0,100.0,80.0,,19.0,0.7375,74.575,4250.1125,6.0
119,1001.0,21.0,1.0,100.0,80.0,,20.0,0.125,74.7,4324.8125,6.0
120,1001.0,21.0,1.0,100.0,80.0,,1.0,0.9125,75.6125,4400.425,7.0
121,1001.0,21.0,1.0,100.0,80.0,,2.0,1.1125,76.725,4477.15,7.0
122,1001.0,21.0,1.0,100.0,80.0,,3.0,0.1875,76.9125,4554.0625,7.0
123,1001.0,21.0,1.0,100.0,80.0,,4.0,0.3875,77.3,4631.3625,7.0
124,1001.0,21.0,1.0,100.0,80.0,,5.0,0.25,77.55,4708.9125,7.0
125,1001.0,21.0,1.0,100.0,80.0,,6.0,0.9,78.45,4787.3625,7.0
126,1001.0,21.0,1.0,100.0,80.0,,7.0,1.0125,79.4625,4866.825,7.0
127,1001.0,21.0,1.0,100.0,80.0,,8.0,1.1375,80.6,4947.425,7.0
128,1001.0,21.0,1.0,100.0,80.0,,9.0,0.3125,80.9125,5028.3375,7.0
129,1001.0,21.0,1.0,100.0,80.0,,10.0,0.0875,81.0,5109.3375,7.0
130,1001.0,21.0,1.0,100.0,80.0,,11.0,0.7,81.7,5191.0375,7.0
131,1001.0,21.0,1.0,100.0,80.0,,12.0,0.225,81.925,5272.9625,7.0
132,1001.0,21.0,1.0,100.0,80.0,,13.0,0.2,82.125,5355.0875,7.0
133,1001.0,21.0,1.0,100.0,80.0,,14.0,0.475,82.6,5437.6875,7.0
134,1001.0,21.0,1.0,100.0,80.0,,15.0,0.45,83.05,5520.7375,7.0
135,1001.0,21.0,1.0,100.0,80.0,,16.0,0.1625,83.2125,5603.95,7.0
136,1001.0,21.0,1.0,100.0,80.0,,17.0,0.9875,84.2,5688.15,7.0
137,1001.0,21.0,1.0,100.0,80.0,,18.0,0.6625,84.8625,5773.0125,7.0
138,1001.0,21.0,1.0,100.0,80.0,,19.0,1.2125,86.075,5859.0875,7.0
139,1001.0,21.0,1.0,100.0,80.0,,20.0,0.6625,86.7375,5945.825,7.0
140,1001.0,21.0,1.0,100.0,80.0,,1.0,1.0625,87.8,6033.625,8.0
141,1001.0,21.0,1.0,100.0,80.0,,2.0,0.8875,88.6875,6122.3125,8.0
142,1001.0,21.0,1.0,100.0,80.0,,3.0,0.2125,88.9,6211.2125,8.0
143,1001.0,21.0,1.0,100.0,80.0,,4.0,1.15,90.05,6301.2625,8.0
144,1001.0,21.0,1.0,100.0,80.0,,5.0,1.2,91.25,6392.5125,8.0
145,1001.0,21.0,1.0,100.0,80.0,,6.0,0.1625,91.4125,6483.925,8.0
146,1001.0,21.0,1.0,100.0,80.0,,7.0,0.8375,92.25,6576.175,8.0
147,1001.0,21.0,1.0,100.0,80.0,,8.0,0.9125,93.1625,6669.3375,8.0
148,1001.0,21.0,1.0,100.0,80.0,,9.0,0.975,94.1375,6763.475,8.0
149,1001.0,21.0,1.0,100.0,80.0,,10.0,0.3625,94.5,6857.975,8.0
150,1001.0,21.0,1.0,100.0,80.0,,11.0,0.8875,95.3875,6953.3625,8.0
151,1001.0,21.0,1.0,100.0,80.0,,12.0,0.1375,95.525,7048.8875,8.0
152,1001.0,21.0,1.0,100.0,80.0,,13.0,0.575,96.1,7144.9875,8.0
153,1001.0,21.0,1.0,100.0,80.0,,14.0,0.825,96.925,7241.9125,8.0
154,1001.0,21.0,1.0,100.0,80.0,,15.0,0.5875,97.5125,7339.425,8.0
155,1001.0,21.0,1.0,100.0,80.0,,16.0,0.55,98.0625,7437.4875,8.0
156,1001.0,21.0,1.0,100.0,80.0,,17.0,0.475,98.5375,7536.025,8.0
157,1001.0,21.0,1.0,100.0,80.0,,18.0,0.8625,99.4,7635.425,8.0
158,1001.0,21.0,1.0,100.0,80.0,,19.0,1.2125,100.6125,7736.0375,8.0
159,1001.0,21.0,1.0,100.0,80.0,,20.0,0.3875,101.0,7837.0375,8.0
160,1001.0,21.0,1.0,100.0,80.0,,1.0,0.4,101.4,7938.4375,9.0
161,1001.0,21.0,1.0,100.0,80.0,,2.0,1.125,102.525,8040.9625,9.0
162,1001.0,21.0,1.0,100.0,80.0,,3.0,0.1125,102.6375,8143.6,9.0
163,1001.0,21.0,1.0,100.0,80.0,,4.0,1.025,103.6625,8247.2625,9.0
164,1001.0,21.0,1.0,100.0,80.0,,5.0,0.925,104.5875,8351.85,9.0
165,1001.0,21.0,1.0,100.0,80.0,,6.0,0.3,104.8875,8456.7375,9.0
166,1001.0,21.0,1.0,100.0,80.0,,7.0,0.1625,105.05,8561.7875,9.0
167,1001.0,21.0,1.0,100.0,80.0,,8.0,0.8,105.85,8667.6375,9.0
168,1001.0,21.0,1.0,100.0,80.0,,9.0,0.6125,106.4625,8774.1,9.0
169,1001.0,21.0,1.0,100.0,80.0,,10.0,0.625,107.0875,8881.1875,9.0
170,1001.0,21.0,1.0,100.0,80.0,,11.0,0.6375,107.725,8988.9125,9.0
171,1001.0,21.0,1.0,100.0,80.0,,12.0,0.2375,107.9625,9096.875,9.0
172,1001.0,21.0,1.0,100.0,80.0,,13.0,1.1125,109.075,9205.95,9.0
173,1001.0,21.0,1.0,100.0,80.0,,14.0,1.1375,110.2125,9316.1625,9.0
174,1001.0,21.0,1.0,100.0,80.0,,15.0,0.6625,110.875,9427.0375,9.0
175,1001.0,21.0,1.0,100.0,80.0,,16.0,0.5125,111.3875,9538.425,9.0
176,1001.0,21.0,1.0,100.0,80.0,,17.0,0.725,112.1125,9650.5375,9.0
177,1001.0,21.0,1.0,100.0,80.0,,18.0,0.35,112.4625,9763.0,9.0
178,1001.0,21.0,1.0,100.0,80.0,,19.0,0.975,113.4375,9876.4375,9.0
179,1001.0,21.0,1.0,100.0,80.0,,20.0,0.5875,114.025,9990.4625,9.0
180,1001.0,21.0,1.0,100.0,80.0,,1.0,0.5125,114.5375,10105.0,10.0
181,1001.0,21.0,1.0,100.0,80.0,,2.0,1.15,115.6875,10220.6875,10.0
182,1001.0,21.0,1.0,100.0,80.0,,3.0,0.1375,115.825,10336.5125,10.0
183,1001.0,21.0,1.0,100.0,80.0,,4.0,0.2375,116.0625,10452.575,10.0
184,1001.0,21.0,1.0,100.0,80.0,,5.0,0.7,116.7625,10569.3375,10.0
185,1001.0,21.0,1.0,100.0,80.0,,6.0,0.85,117.6125,10686.95,10.0
186,1001.0,21.0,1.0,100.0,80.0,,7.0,0.45,118.0625,10805.0125,10.0
187,1001.0,21.0,1.0,100.0,80.0,,8.0,0.675,118.7375,10923.75,10.0
188,1001.0,21.0,1.0,100.0,80.0,,9.0,0.475,119.2125,11042.9625,10.0
189,1001.0,21.0,1.0,100.0,80.0,,10.0,0.2375,119.45,11162.4125,10.0
190,1001.0,21.0,1.0,100.0,80.0,,11.0,0.9625,120.4125,11282.825,10.0
191,1001.0,21.0,1.0,100.0,80.0,,12.0,1.05,121.4625,11404.2875,10.0
192,1001.0,21.0,1.0,100.0,80.0,,13.0,0.025,121.4875,11525.775,10.0
193,1001.0,21.0,1.0,100.0,80.0,,14.0,1.1875,122.675,11648.45,10.0
194,1001.0,21.0,1.0,100.0,80.0,,15.0,0.025,122.7,11771.15,10.0
195,1001.0,21.0,1.0,100.0,80.0,,16.0,0.2625,122.9625,11894.1125,10.0
196,1001.0,21.0,1.0,100.0,80.0,,17.0,0.2,123.1625,12017.275,10.0
197,1001.0,21.0,1.0,100.0,80.0,,18.0,0.95,124.1125,12141.3875,10.0
198,1001.0,21.0,1.0,100.0,80.0,,19.0,0.4125,124.525,12265.9125,10.0
199,1001.0,21.0,1.0,100.0,80.0,,20.0,0.5625,125.0875,12391.0,10.0
200,1001.0,21.0,1.0,100.0,80.0,,1.0,0.1875,125.275,12516.275,11.0
201,1001.0,21.0,1.0,100.0,80.0,,2.0,0.3,125.575,12641.85,11.0
202,1001.0,21.0,1.0,100.0,80.0,,3.0,0.7125,126.2875,12768.1375,11.0
203,1001.0,21.0,1.0,100.0,80.0,,4.0,0.2875,126.575,12894.7125,11.0
204,1001.0,21.0,1.0,100.0,80.0,,5.0,0.7625,127.3375,13022.05,11.0
205,1001.0,21.0,1.0,100.0,80.0,,6.0,1.125,128.4625,13150.5125,11.0
206,1001.0,21.0,1.0,100.0,80.0,,7.0,0.6125,129.075,13279.5875,11.0
207,1001.0,21.0,1.0,100.0,80.0,,8.0,0.7875,129.8625,13409.45,11.0
208,1001.0,21.0,1.0,100.0,80.0,,9.0,0.9,130.7625,13540.2125,11.0
209,1001.0,21.0,1.0,100.0,80.0,,10.0,0.55,131.3125,13671.525,11.0
210,1001.0,21.0,1.0,100.0,80.0,,11.0,1.025,132.3375,13803.8625,11.0
211,1001.0,21.0,1.0,100.0,80.0,,12.0,0.4875,132.825,13936.6875,11.0
212,1001.0,21.0,1.0,100.0,80.0,,13.0,0.7625,133.5875,14070.275,11.0
213,1001.0,21.0,1.0,100.0,80.0,,14.0,0.7,134.2875,14204.5625,11.0
214,1001.0,21.0,1.0,100.0,80.0,,15.0,1.0125,135.3,14339.8625,11.0
215,1001.0,21.0,1.0,100.0,80.0,,16.0,0.9,136.2,14476.0625,11.0
216,1001.0,21.0,1.0,100.0,80.0,,17.0,1.0,137.2,14613.2625,11.0
217,1001.0,21.0,1.0,100.0,80.0,,18.0,0.825,138.025,14751.2875,11.0
218,1001.0,21.0,1.0,100.0,80.0,,19.0,0.9875,139.0125,14890.3,11.0
219,1001.0,21.0,1.0,100.0,80.0,,20.0,0.6875,139.7,15030.0,11.0
220,1001.0,21.0,1.0,100.0,80.0,,1.0,0.45,140.15,15170.15,12.0
221,1001.0,21.0,1.0,100.0,80.0,,2.0,0.2375,140.3875,15310.5375,12.0
222,1001.0,21.0,1.0,100.0,80.0,,3.0,1.1875,141.575,15452.1125,12.0
223,1001.0,21.0,1.0,100.0,80.0,,4.0,1.2,142.775,15594.8875,12.0
224,1001.0,21.0,1.0,100.0,80.0,,5.0,1.0125,143.7875,15738.675,12.0
225,1001.0,21.0,1.0,100.0,80.0,,6.0,1.2,144.9875,15883.6625,12.0
226,1001.0,21.0,1.0,100.0,80.0,,7.0,1.025,146.0125,16029.675,12.0
227,1001.0,21.0,1.0,100.0,80.0,,8.0,0.4375,146.45,16176.125,12.0
228,1001.0,21.0,1.0,100.0,80.0,,9.0,0.3375,146.7875,16322.9125,12.0
229,1001.0,21.0,1.0,100.0,80.0,,10.0,0.2625,147.05,16469.9625,12.0
230,1001.0,21.0,1.0,100.0,80.0,,11.0,0.45,147.5,16617.4625,12.0
231,1001.0,21.0,1.0,100.0,80.0,,12.0,0.4875,147.9875,16765.45,12.0
232,1001.0,21.0,1.0,100.0,80.0,,13.0,0.775,148.7625,16914.2125,12.0
233,1001.0,21.0,1.0,100.0,80.0,,14.0,0.5875,149.35,17063.5625,12.0
234,1001.0,21.0,1.0,100.0,80.0,,15.0,1.025,150.375,17213.9375,12.0
235,1001.0,21.0,1.0,100.0,80.0,,16.0,1.0375,151.4125,17365.35,12.0
236,1001.0,21.0,1.0,100.0,80.0,,17.0,0.4625,151.875,17517.225,12.0
237,1001.0,21.0,1.0,100.0,80.0,,18.0,0.9875,152.8625,17670.0875,12.0
238,1001.0,21.0,1.0,100.0,80.0,,19.0,0.4625,153.325,17823.4125,12.0
239,1001.0,21.0,1.0,100.0,80.0,,20.0,0.375,153.7,17977.1125,12.0
240,1001.0,21.0,1.0,100.0,80.0,,1.0,0.65,154.35,18131.4625,13.0
241,1001.0,21.0,1.0,100.0,80.0,,2.0,1.2,155.55,18287.0125,13.0
242,1001.0,21.0,1.0,100.0,80.0,,3.0,0.725,156.275,18443.2875,13.0
243,1001.0,21.0,1.0,100.0,80.0,,4.0,0.8375,157.1125,18600.4,13.0
244,1001.0,21.0,1.0,100.0,80.0,,5.0,1.0375,158.15,18758.55,13.0
245,1001.0,21.0,1.0,100.0,80.0,,6.0,0.375,158.525,18917.075,13.0
246,1001.0,21.0,1.0,100.0,80.0,,7.0,0.5625,159.0875,19076.1625,13.0
247,1001.0,21.0,1.0,100.0,80.0,,8.0,1.05,160.1375,19236.3,13.0
248,1001.0,21.0,1.0,100.0,80.0,,9.0,0.3125,160.45,19396.75,13.0
249,1001.0,21.0,1.0,100.0,80.0,,10.0,1.075,161.525,19558.275,13.0
250,1001.0,21.0,1.0,100.0,80.0,,11.0,0.5625,162.0875,19720.3625,13.0
251,1001.0,21.0,1.0,100.0,80.0,,12.0,0.6375,162.725,19883.0875,13.0
252,1001.0,21.0,1.0,100.0,80.0,,13.0,0.65,163.375,20046.4625,13.0
253,1001.0,21.0,1.0,100.0,80.0,,14.0,0.675,164.05,20210.5125,13.0
254,1001.0,21.0,1.0,100.0,80.0,,15.0,0.775,164.825,20375.3375,13.0
255,1001.0,21.0,1.0,100.0,80.0,,16.0,1.125,165.95,20541.2875,13.0
256,1001.0,21.0,1.0,100.0,80.0,,17.0,0.6,166.55,20707.8375,13.0
257,1001.0,21.0,1.0,100.0,80.0,,18.0,0.95,167.5,20875.3375,13.0
258,1001.0,21.0,1.0,100.0,80.0,,19.0,1.0375,168.5375,21043.875,13.0
259,1001.0,21.0,1.0,100.0,80.0,,20.0,1.1625,169.7,21213.575,13.0
260,1001.0,21.0,1.0,100.0,80.0,,1.0,0.2875,169.9875,21383.5625,14.0
261,1001.0,21.0,1.0,100.0,80.0,,2.0,0.775,170.7625,21554.325,14.0
262,1001.0,21.0,1.0,100.0,80.0,,3.0,0.0625,170.825,21725.15,14.0
263,1001.0,21.0,1.0,100.0,80.0,,4.0,1.0375,171.8625,21897.0125,14.0
264,1001.0,21.0,1.0,100.0,80.0,,5.0,1.225,173.0875,22070.1,14.0
265,1001.0,21.0,1.0,100.0,80.0,,6.0,0.475,173.5625,22243.6625,14.0
266,1001.0,21.0,1.0,100.0,80.0,,7.0,0.7125,174.275,22417.9375,14.0
267,1001.0,21.0,1.0,100.0,80.0,,8.0,0.2875,174.5625,22592.5,14.0
268,1001.0,21.0,1.0,100.0,80.0,,9.0,1.05,175.6125,22768.1125,14.0
269,1001.0,21.0,1.0,100.0,80.0,,10.0,1.05,176.6625,22944.775,14.0
270,1001.0,21.0,1.0,100.0,80.0,,11.0,0.5875,177.25,23122.025,14.0
271,1001.0,21.0,1.0,100.0,80.0,,12.0,0.5875,177.8375,23299.8625,14.0
272,1001.0,21.0,1.0,100.0,80.0,,13.0,0.175,178.0125,23477.875,14.0
273,1001.0,21.0,1.0,100.0,80.0,,14.0,1.025,179.0375,23656.9125,14.0
274,1001.0,21.0,1.0,100.0,80.0,,15.0,0.4125,179.45,23836.3625,14.0
275,1001.0,21.0,1.0,100.0,80.0,,16.0,0.0625,179.5125,24015.875,14.0
276,1001.0,21.0,1.0,100.0,80.0,,17.0,1.1375,180.65,24196.525,14.0
277,1001.0,21.0,1.0,100.0,80.0,,18.0,0.2,180.85,24377.375,14.0
278,1001.0,21.0,1.0,100.0,80.0,,19.0,0.2875,181.1375,24558.5125,14.0
279,1001.0,21.0,1.0,100.0,80.0,,20.0,0.1,181.2375,24739.75,14.0
280,1001.0,21.0,1.0,100.0,80.0,,1.0,1.1,182.3375,24922.0875,15.0
281,1001.0,21.0,1.0,100.0,80.0,,2.0,0.0125,182.35,25104.4375,15.0
282,1001.0,21.0,1.0,100.0,80.0,,3.0,1.1875,183.5375,25287.975,15.0
283,1001.0,21.0,1.0,100.0,80.0,,4.0,0.4125,183.95,25471.925,15.0
284,1001.0,21.0,1.0,100.0,80.0,,5.0,0.85,184.8,25656.725,15.0
285,1001.0,21.0,1.0,100.0,80.0,,6.0,1.0875,185.8875,25842.6125,15.0
286,1001.0,21.0,1.0,100.0,80.0,,7.0,1.2,187.0875,26029.7,15.0
287,1001.0,21.0,1.0,100.0,80.0,,8.0,1.225,188.3125,26218.0125,15.0
288,1001.0,21.0,1.0,100.0,80.0,,9.0,0.65,188.9625,26406.975,15.0
289,1001.0,21.0,1.0,100.0,80.0,,10.0,0.45,189.4125,26596.3875,15.0
290,1001.0,21.0,1.0,100.0,80.0,,11.0,1.175,190.5875,26786.975,15.0
291,1001.0,21.0,1.0,100.0,80.0,,12.0,0.0375,190.625,26977.6,15.0
292,1001.0,21.0,1.0,100.0,80.0,,13.0,0.325,190.95,27168.55,15.0
293,1001.0,21.0,1.0,100.0,80.0,,14.0,0.2,191.15,27359.7,15.0
294,1001.0,21.0,1.0,100.0,80.0,,15.0,1.0625,192.2125,27551.9125,15.0
295,1001.0,21.0,1.0,100.0,80.0,,16.0,0.0875,192.3,27744.2125,15.0
296,1001.0,21.0,1.0,100.0,80.0,,17.0,0.875,193.175,27937.3875,15.0
297,1001.0,21.0,1.0,100.0,80.0,,18.0,0.3,193.475,28130.8625,15.0
298,1001.0,21.0,1.0,100.0,80.0,,19.0,0.5375,194.0125,28324.875,15.0
299,1001.0,21.0,1.0,100.0,80.0,,20.0,0.025,194.0375,28518.9125,15.0
300,1001.0,21.0,1.0,100.0,80.0,,1.0,0.475,194.5125,28713.425,16.0
301,1001.0,21.0,1.0,100.0,80.0,,2.0,0.375,194.8875,28908.3125,16.0
302,1001.0,21.0,1.0,100.0,80.0,,3.0,0.3375,195.225,29103.5375,16.0
303,1001.0,21.0,1.0,100.0,80.0,,4.0,0.1125,195.3375,29298.875,16.0
304,1001.0,21.0,1.0,100.0,80.0,,5.0,0.9625,196.3,29495.175,16.0
305,1001.0,21.0,1.0,100.0,80.0,,6.0,0.825,197.125,29692.3,16.0
306,1001.0,21.0,1.0,100.0,80.0,,7.0,1.0125,198.1375,29890.4375,16.0
307,1001.0,21.0,1.0,100.0,80.0,,8.0,0.125,198.2625,30088.7,16.0
308,1001.0,21.0,1.0,100.0,80.0,,9.0,1.2,199.4625,30288.1625,16.0
309,1001.0,21.0,1.0,100.0,80.0,,10.0,0.9125,200.375,30488.5375,16.0
310,1001.0,21.0,1.0,100.0,80.0,,11.0,0.55,200.925,30689.4625,16.0
311,1001.0,21.0,1.0,100.0,80.0,,12.0,0.6875,201.6125,30891.075,16.0
312,1001.0,21.0,1.0,100.0,80.0,,13.0,0.275,201.8875,31092.9625,16.0
313,1001.0,21.0,1.0,100.0,80.0,,14.0,0.4375,202.325,31295.2875,16.0
314,1001.0,21.0,1.0,100.0,80.0,,15.0,0.475,202.8,31498.0875,16.0
315,1001.0,21.0,1.0,100.0,80.0,,16.0,0.6125,203.4125,31701.5,16.0
316,1001.0,21.0,1.0,100.0,80.0,,17.0,0.6875,204.1,31905.6,16.0
317,1001.0,21.0,1.0,100.0,80.0,,18.0,0.6375,204.7375,32110.3375,16.0
318,1001.0,21.0,1.0,100.0,80.0,,19.0,0.425,205.1625,32315.5,16.0
319,1001.0,21.0,1.0,100.0,80.0,,20.0,0.2875,205.45,32520.95,16.0
320,1001.0,21.0,1.0,100.0,80.0,,1.0,0.8625,206.3125,32727.2625,17.0
321,1001.0,21.0,1.0,100.0,80.0,,2.0,0.625,206.9375,32934.2,17.0
322,1001.0,21.0,1.0,100.0,80.0,,3.0,0.7125,207.65,33141.85,17.0
323,1001.0,21.0,1.0,100.0,80.0,,4.0,0.1,207.75,33349.6,17.0
324,1001.0,21.0,1.0,100.0,80.0,,5.0,0.4,208.15,33557.75,17.0
325,1001.0,21.0,1.0,100.0,80.0,,6.0,1.0625,209.2125,33766.9625,17.0
326,1001.0,21.0,1.0,100.0,80.0,,7.0,0.45,209.6625,33976.625,17.0
327,1001.0,21.0,1.0,100.0,80.0,,8.0,0.55,210.2125,34186.8375,17.0
328,1001.0,21.0,1.0,100.0,80.0,,9.0,0.0625,210.275,34397.1125,17.0
329,1001.0,21.0,1.0,100.0,80.0,,10.0,1.1125,211.3875,34608.5,17.0
330,1001.0,21.0,1.0,100.0,80.0,,11.0,1.0125,212.4,34820.9,17.0
331,1001.0,21.0,1.0,100.0,80.0,,12.0,0.45,212.85,35033.75,17.0
332,1001.0,21.0,1.0,100.0,80.0,,13.0,0.45,213.3,35247.05,17.0
333,1001.0,21.0,1.0,100.0,80.0,,14.0,0.5625,213.8625,35460.9125,17.0
334,1001.0,21.0,1.0,100.0,80.0,,15.0,0.35,214.2125,35675.125,17.0
335,1001.0,21.0,1.0,100.0,80.0,,16.0,0.1125,214.325,35889.45,17.0
336,1001.0,21.0,1.0,100.0,80.0,,17.0,1.2125,215.5375,36104.9875,17.0
337,1001.0,21.0,1.0,100.0,80.0,,18.0,0.45,215.9875,36320.975,17.0
338,1001.0,21.0,1.0,100.0,80.0,,19.0,1.1875,217.175,36538.15,17.0
339,1001.0,21.0,1.0,100.0,80.0,,20.0,0.725,217.9,36756.05,17.0
340,1001.0,21.0,1.0,100.0,80.0,,1.0,0.5125,218.4125,36974.4625,18.0
341,1001.0,21.0,1.0,100.0,80.0,,2.0,0.475,218.8875,37193.35,18.0
342,1001.0,21.0,1.0,100.0,80.0,,3.0,0.2875,219.175,37412.525,18.0
343,1001.0,21.0,1.0,100.0,80.0,,4.0,0.7875,219.9625,37632.4875,18.0
344,1001.0,21.0,1.0,100.0,80.0,,5.0,1.225,221.1875,37853.675,18.0
345,1001.0,21.0,1.0,100.0,80.0,,6.0,1.1375,222.325,38076.0,18.0
346,1001.0,21.0,1.0,100.0,80.0,,7.0,0.3125,222.6375,38298.6375,18.0
347,1001.0,21.0,1.0,100.0,80.0,,8.0,0.8375,223.475,38522.1125,18.0
348,1001.0,21.0,1.0,100.0,80.0,,9.0,1.175,224.65,38746.7625,18.0
349,1001.0,21.0,1.0,100.0,80.0,,10.0,0.025,224.675,38971.4375,18.0
350,1001.0,21.0,1.0,100.0,80.0,,11.0,1.225,225.9,39197.3375,18.0
351,1001.0,21.0,1.0,100.0,80.0,,12.0,0.4875,226.3875,39423.725,18.0
352,1001.0,21.0,1.0,100.0,80.0,,13.0,0.825,227.2125,39650.9375,18.0
353,1001.0,21.0,1.0,100.0,80.0,,14.0,0.7125,227.925,39878.8625,18.0
354,1001.0,21.0,1.0,100.0,80.0,,15.0,1.175,229.1,40107.9625,18.0
355,1001.0,21.0,1.0,100.0,80.0,,16.0,0.725,229.825,40337.7875,18.0
356,1001.0,21.0,1.0,100.0,80.0,,17.0,0.9,230.725,40568.5125,18.0
357,1001.0,21.0,1.0,100.0,80.0,,18.0,0.175,230.9,40799.4125,18.0
358,1001.0,21.0,1.0,100.0,80.0,,19.0,1.0,231.9,41031.3125,18.0
359,1001.0,21.0,1.0,100.0,80.0,,20.0,0.3625,232.2625,41263.575,18.0
360,1001.0,21.0,1.0,100.0,80.0,,1.0,1.075,233.3375,41496.9125,19.0
361,1001.0,21.0,1.0,100.0,80.0,,2.0,0.2875,233.625,41730.5375,19.0
362,1001.0,21.0,1.0,100.0,80.0,,3.0,0.7625,234.3875,41964.925,19.0
363,1001.0,21.0,1.0,100.0,80.0,,4.0,0.475,234.8625,42199.7875,19.0
364,1001.0,21.0,1.0,100.0,80.0,,5.0,0.4875,235.35,42435.1375,19.0
365,1001.0,21.0,1.0,100.0,80.0,,6.0,1.075,236.425,42671.5625,19.0
366,1001.0,21.0,1.0,100.0,80.0,,7.0,0.7,237.125,42908.6875,19.0
367,1001.0,21.0,1.0,100.0,80.0,,8.0,0.8625,237.9875,43146.675,19.0
368,1001.0,21.0,1.0,100.0,80.0,,9.0,0.4,238.3875,43385.0625,19.0
369,1001.0,21.0,1.0,100.0,80.0,,10.0,0.1875,238.575,43623.6375,19.0
370,1001.0,21.0,1.0,100.0,80.0,,11.0,0.8625,239.4375,43863.075,19.0
371,1001.0,21.0,1.0,100.0,80.0,,12.0,0.3625,239.8,44102.875,19.0
372,1001.0,21.0,1.0,100.0,80.0,,13.0,0.85,240.65,44343.525,19.0
373,1001.0,21.0,1.0,100.0,80.0,,14.0,0.0625,240.7125,44584.2375,19.0
374,1001.0,21.0,1.0,100.0,80.0,,15.0,0.3875,241.1,44825.3375,19.0
375,1001.0,21.0,1.0,100.0,80.0,,16.0,1.1125,242.2125,45067.55,19.0
376,1001.0,21.0,1.0,100.0,80.0,,17.0,0.975,243.1875,45310.7375,19.0
377,1001.0,21.0,1.0,100.0,80.0,,18.0,0.7125,243.9,45554.6375,19.0
378,1001.0,21.0,1.0,100.0,80.0,,19.0,0.45,244.35,45798.9875,19.0
379,1001.0,21.0,1.0,100.0,80.0,,20.0,1.2375,245.5875,46044.575,19.0
380,1001.0,21.0,1.0,100.0,80.0,,1.0,0.475,246.0625,46290.6375,20.0
381,1001.0,21.0,1.0,100.0,80.0,,2.0,0.3875,246.45,46537.0875,20.0
382,1001.0,21.0,1.0,100.0,80.0,,3.0,0.375,246.825,46783.9125,20.0
383,1001.0,21.0,1.0,100.0,80.0,,4.0,0.7875,247.6125,47031.525,20.0
384,1001.0,21.0,1.0,100.0,80.0,,5.0,0.8875,248.5,47280.025,20.0
385,1001.0,21.0,1.0,100.0,80.0,,6.0,0.15,248.65,47528.675,20.0
386,1001.0,21.0,1.0,100.0,80.0,,7.0,0.8125,249.4625,47778.1375,20.0
387,1001.0,21.0,1.0,100.0,80.0,,8.0,0.7375,250.2,48028.3375,20.0
388,1001.0,21.0,1.0,100.0,80.0,,9.0,0.225,250.425,48278.7625,20.0
389,1001.0,21.0,1.0,100.0,80.0,,10.0,1.2375,251.6625,48530.425,20.0
390,1001.0,21.0,1.0,100.0,80.0,,11.0,0.9875,252.65,48783.075,20.0
391,1001.0,21.0,1.0,100.0,80.0,,12.0,0.9,253.55,49036.625,20.0
392,1001.0,21.0,1.0,100.0,80.0,,13.0,0.2125,253.7625,49290.3875,20.0
393,1001.0,21.0,1.0,100.0,80.0,,14.0,0.5625,254.325,49544.7125,20.0
394,1001.0,21.0,1.0,100.0,80.0,,15.0,0.9375,255.2625,49799.975,20.0
395,1001.0,21.0,1.0,100.0,80.0,,16.0,0.5,255.7625,50055.7375,20.0
396,1001.0,21.0,1.0,100.0,80.0,,17.0,0.2375,256.0,50311.7375,20.0
397,1001.0,21.0,1.0,100.0,80.0,,18.0,0.025,256.025,50567.7625,20.0
398,1001.0,21.0,1.0,100.0,80.0,,19.0,0.6125,256.6375,50824.4,20.0
399,1001.0,21.0,1.0,100.0,80.0,,20.0,1.0375,257.675,51082.075,20.0
400,1001.0,21.0,1.0,100.0,80.0,,1.0,0.4375,258.1125,51340.1875,21.0
401,1001.0,21.0,1.0,100.0,80.0,,2.0,0.0875,258.2,51598.3875,21.0
402,1001.0,21.0,1.0,100.0,80.0,,3.0,0.875,259.075,51857.4625,21.0
403,1001.0,21.0,1.0,100.0,80.0,,4.0,0.0375,259.1125,52116.575,21.0
404,1001.0,21.0,1.0,100.0,80.0,,5.0,0.2125,259.325,52375.9,21.0
405,1001.0,21.0,1.0,100.0,80.0,,6.0,0.575,259.9,52635.8,21.0
406,1001.0,21.0,1.0,100.0,80.0,,7.0,0.75,260.65,52896.45,21.0
407,1001.0,21.0,1.0,100.0,80.0,,8.0,1.025,261.675,53158.125,21.0
408,1001.0,21.0,1.0,100.0,80.0,,9.0,1.1,262.775,53420.9,21.0
409,1001.0,21.0,1.0,100.0,80.0,,10.0,0.225,263.0,53683.9,21.0
410,1001.0,21.0,1.0,100.0,80.0,,11.0,0.65,263.65,53947.55,21.0
411,1001.0,21.0,1.0,100.0,80.0,,12.0,0.5125,264.1625,54211.7125,21.0
412,1001.0,21.0,1.0,100.0,80.0,,13.0,1.15,265.3125,54477.025,21.0
413,1001.0,21.0,1.0,100.0,80.0,,14.0,1.0625,266.375,54743.4,21.0
414,1001.0,21.0,1.0,100.0,80.0,,15.0,0.45,266.825,55010.225,21.0
415,1001.0,21.0,1.0,100.0,80.0,,16.0,0.6875,267.5125,55277.7375,21.0
416,1001.0,21.0,1.0,100.0,80.0,,17.0,1.0375,268.55,55546.2875,21.0
417,1001.0,21.0,1.0,100.0,80.0,,18.0,0.15,268.7,55814.9875,21.0
418,1001.0,21.0,1.0,100.0,80.0,,19.0,0.6875,269.3875,56084.375,21.0
419,1001.0,21.0,1.0,100.0,80.0,,20.0,0.0875,269.475,56353.85,21.0
420,1001.0,21.0,1.0,100.0,80.0,,1.0,0.5625,270.0375,56623.8875,22.0
421,1001.0,21.0,1.0,100.0,80.0,,2.0,0.0375,270.075,56893.9625,22.0
422,1001.0,21.0,1.0,100.0,80.0,,3.0,0.65,270.725,57164.6875,22.0
423,1001.0,21.0,1.0,100.0,80.0,,4.0,0.025,270.75,57435.4375,22.0
424,1001.0,21.0,1.0,100.0,80.0,,5.0,0.125,270.875,57706.3125,22.0
425,1001.0,21.0,1.0,100.0,80.0,,6.0,0.7125,271.5875,57977.9,22.0
426,1001.0,21.0,1.0,100.0,80.0,,7.0,0.7125,272.3,58250.2,22.0
427,1001.0,21.0,1.0,100.0,80.0,,8.0,0.05,272.35,58522.55,22.0
428,1001.0,21.0,1.0,100.0,80.0,,9.0,0.3875,272.7375,58795.2875,22.0
429,1001.0,21.0,1.0,100.0,80.0,,10.0,1.1625,273.9,59069.1875,22.0
430,1001.0,21.0,1.0,100.0,80.0,,11.0,0.125,274.025,59343.2125,22.0
431,1001.0,21.0,1.0,100.0,80.0,,12.0,0.525,274.55,59617.7625,22.0
432,1001.0,21.0,1.0,100.0,80.0,,13.0,1.15,275.7,59893.4625,22.0
433,1001.0,21.0,1.0,100.0,80.0,,14.0,0.2875,275.9875,60169.45,22.0
434,1001.0,21.0,1.0,100.0,80.0,,15.0,0.225,276.2125,60445.6625,22.0
435,1001.0,21.0,1.0,100.0,80.0,,16.0,1.175,277.3875,60723.05,22.0
436,1001.0,21.0,1.0,100.0,80.0,,17.0,1.1125,278.5,61001.55,22.0
437,1001.0,21.0,1.0,100.0,80.0,,18.0,0.3,278.8,61280.35,22.0
438,1001.0,21.0,1.0,100.0,80.0,,19.0,0.25,279.05,61559.4,22.0
439,1001.0,21.0,1.0,100.0,80.0,,20.0,0.2375,279.2875,61838.6875,22.0
440,1001.0,21.0,1.0,100.0,80.0,,1.0,0.175,279.4625,62118.15,23.0
441,1001.0,21.0,1.0,100.0,80.0,,2.0,1.0125,280.475,62398.625,23.0
442,1001.0,21.0,1.0,100.0,80.0,,3.0,0.5375,281.0125,62679.6375,23.0
443,1001.0,21.0,1.0,100.0,80.0,,4.0,0.725,281.7375,62961.375,23.0
444,1001.0,21.0,1.0,100.0,80.0,,5.0,0.1,281.8375,63243.2125,23.0
445,1001.0,21.0,1.0,100.0,80.0,,6.0,0.4375,282.275,63525.4875,23.0
446,1001.0,21.0,1.0,100.0,80.0,,7.0,0.0375,282.3125,63807.8,23.0
447,1001.0,21.0,1.0,100.0,80.0,,8.0,0.8125,283.125,64090.925,23.0
448,1001.0,21.0,1.0,100.0,80.0,,9.0,1.025,284.15,64375.075,23.0
449,1001.0,21.0,1.0,100.0,80.0,,10.0,0.025,284.175,64659.25,23.0
450,1001.0,21.0,1.0,100.0,80.0,,11.0,0.35,284.525,64943.775,23.0
451,1001.0,21.0,1.0,100.0,80.0,,12.0,0.7875,285.3125,65229.0875,23.0
452,1001.0,21.0,1.0,100.0,80.0,,13.0,1.0875,286.4,65515.4875,23.0
453,1001.0,21.0,1.0,100.0,80.0,,14.0,0.7,287.1,65802.5875,23.0
454,1001.0,21.0,1.0,100.0,80.0,,15.0,1.0125,288.1125,66090.7,23.0
455,1001.0,21.0,1.0,100.0,80.0,,16.0,0.7125,288.825,66379.525,23.0
456,1001.0,21.0,1.0,100.0,80.0,,17.0,1.225,290.05,66669.575,23.0
457,1001.0,21.0,1.0,100.0,80.0,,18.0,0.6125,290.6625,66960.2375,23.0
458,1001.0,21.0,1.0,100.0,80.0,,19.0,0.8,291.4625,67251.7,23.0
459,1001.0,21.0,1.0,100.0,80.0,,20.0,0.9125,292.375,67544.075,23.0
460,1001.0,21.0,1.0,100.0,80.0,,1.0,0.275,292.65,67836.725,24.0
461,1001.0,21.0,1.0,100.0,80.0,,2.0,0.3375,292.9875,68129.7125,24.0
462,1001.0,21.0,1.0,100.0,80.0,,3.0,0.0375,293.025,68422.7375,24.0
463,1001.0,21.0,1.0,100.0,80.0,,4.0,1.0,294.025,68716.7625,24.0
464,1001.0,21.0,1.0,100.0,80.0,,5.0,0.8875,294.9125,69011.675,24.0
465,1001.0,21.0,1.0,100.0,80.0,,6.0,0.8,295.7125,69307.3875,24.0
466,1001.0,21.0,1.0,100.0,80.0,,7.0,0.1625,295.875,69603.2625,24.0
467,1001.0,21.0,1.0,100.0,80.0,,8.0,0.7625,296.6375,69899.9,24.0
468,1001.0,21.0,1.0,100.0,80.0,,9.0,0.1,296.7375,70196.6375,24.0
469,1001.0,21.0,1.0,100.0,80.0,,10.0,1.125,297.8625,70494.5,24.0
470,1001.0,21.0,1.0,100.0,80.0,,11.0,0.925,298.7875,70793.2875,24.0
471,1001.0,21.0,1.0,100.0,80.0,,12.0,0.65,299.4375,71092.725,24.0
472,1001.0,21.0,1.0,100.0,80.0,,13.0,0.75,300.1875,71392.9125,24.0
473,1001.0,21.0,1.0,100.0,80.0,,14.0,0.25,300.4375,71693.35,24.0
474,1001.0,21.0,1.0,100.0,80.0,,15.0,0.4375,300.875,71994.225,24.0
475,1001.0,21.0,1.0,100.0,80.0,,16.0,0.875,301.75,72295.975,24.0
476,1001.0,21.0,1.0,100.0,80.0,,17.0,0.0125,301.7625,72597.7375,24.0
477,1001.0,21.0,1.0,100.0,80.0,,18.0,0.6125,302.375,72900.1125,24.0
478,1001.0,21.0,1.0,100.0,80.0,,19.0,0.4875,302.8625,73202.975,24.0
479,1001.0,21.0,1.0,100.0,80.0,,20.0,0.2125,303.075,73506.05,24.0
480,1001.0,21.0,1.0,100.0,80.0,,1.0,0.8,303.875,73809.925,25.0
481,1001.0,21.0,1.0,100.0,80.0,,2.0,0.325,304.2,74114.125,25.0
482,1001.0,21.0,1.0,100.0,80.0,,3.0,0.9625,305.1625,74419.2875,25.0
483,1001.0,21.0,1.0,100.0,80.0,,4.0,0.8875,306.05,74725.3375,25.0
484,1001.0,21.0,1.0,100.0,80.0,,5.0,0.5,306.55,75031.8875,25.0
485,1001.0,21.0,1.0,100.0,80.0,,6.0,0.95,307.5,75339.3875,25.0
486,1001.0,21.0,1.0,100.0,80.0,,7.0,0.85,308.35,75647.7375,25.0
487,1001.0,21.0,1.0,100.0,80.0,,8.0,1.2375,309.5875,75957.325,25.0
488,1001.0,21.0,1.0,100.0,80.0,,9.0,0.7375,310.325,76267.65,25.0
489,1001.0,21.0,1.0,100.0,80.0,,10.0,0.4125,310.7375,76578.3875,25.0
490,1001.0,21.0,1.0,100.0,80.0,,11.0,0.8625,311.6,76889.9875,25.0
491,1001.0,21.0,1.0,100.0,80.0,,12.0,1.125,312.725,77202.7125,25.0
492,1001.0,21.0,1.0,100.0,80.0,,13.0,0.8625,313.5875,77516.3,25.0
493,1001.0,21.0,1.0,100.0,80.0,,14.0,0.175,313.7625,77830.0625,25.0
494,1001.0,21.0,1.0,100.0,80.0,,15.0,0.7875,314.55,78144.6125,25.0
495,1001.0,21.0,1.0,100.0,80.0,,16.0,1.0125,315.5625,78460.175,25.0
496,1001.0,21.0,1.0,100.0,80.0,,17.0,1.0875,316.65,78776.825,25.0
497,1001.0,21.0,1.0,100.0,80.0,,18.0,1.1125,317.7625,79094.5875,25.0
498,1001.0,21.0,1.0,100.0,80.0,,19.0,0.2625,318.025,79412.6125,25.0
499,1001.0,21.0,1.0,100.0,80.0,,20.0,1.05,319.075,79731.6875,25.0
500,1001.0,21.0,1.0,100.0,80.0,,1.0,1.175,320.25,80051.9375,26.0
501,1001.0,21.0,1.0,100.0,80.0,,2.0,0.3625,320.6125,80372.55,26.0
502,1001.0,21.0,1.0,100.0,80.0,,3.0,0.775,321.3875,80693.9375,26.0
503,1001.0,21.0,1.0,100.0,80.0,,4.0,0.75,322.1375,81016.075,26.0
504,1001.0,21.0,1.0,100.0,80.0,,5.0,0.1375,322.275,81338.35,26.0
505,1001.0,21.0,1.0,100.0,80.0,,6.0,0.025,322.3,81660.65,26.0
506,1001.0,21.0,1.0,100.0,80.0,,7.0,0.6375,322.9375,81983.5875,26.0
507,1001.0,21.0,1.0,100.0,80.0,,8.0,1.225,324.1625,82307.75,26.0
508,1001.0,21.0,1.0,100.0,80.0,,9.0,0.25,324.4125,82632.1625,26.0
509,1001.0,21.0,1.0,100.0,80.0,,10.0,0.2125,324.625,82956.7875,26.0
510,1001.0,21.0,1.0,100.0,80.0,,11.0,1.0125,325.6375,83282.425,26.0
511,1001.0,21.0,1.0,100.0,80.0,,12.0,0.7875,326.425,83608.85,26.0
512,1001.0,21.0,1.0,100.0,80.0,,13.0,1.1125,327.5375,83936.3875,26.0
513,1001.0,21.0,1.0,100.0,80.0,,14.0,0.2875,327.825,84264.2125,26.0
514,1001.0,21.0,1.0,100.0,80.0,,15.0,0.0875,327.9125,84592.125,26.0
515,1001.0,21.0,1.0,100.0,80.0,,16.0,0.8,328.7125,84920.8375,26.0
516,1001.0,21.0,1.0,100.0,80.0,,17.0,0.5625,329.275,85250.1125,26.0
517,1001.0,21.0,1.0,100.0,80.0,,18.0,0.1875,329.4625,85579.575,26.0
518,1001.0,21.0,1.0,100.0,80.0,,19.0,0.675,330.1375,85909.7125,26.0
519,1001.0,21.0,1.0,100.0,80.0,,20.0,0.35,330.4875,86240.2,26.0
520,1001.0,21.0,1.0,100.0,80.0,,1.0,0.2875,330.775,86570.975,27.0
521,1001.0,21.0,1.0,100.0,80.0,,2.0,0.525,331.3,86902.275,27.0
522,1001.0,21.0,1.0,100.0,80.0,,3.0,0.6,331.9,87234.175,27.0
523,1001.0,21.0,1.0,100.0,80.0,,4.0,0.25,332.15,87566.325,27.0
524,1001.0,21.0,1.0,100.0,80.0,,5.0,0.6875,332.8375,87899.1625,27.0
525,1001.0,21.0,1.0,100.0,80.0,,6.0,0.5625,333.4,88232.5625,27.0
526,1001.0,21.0,1.0,100.0,80.0,,7.0,0.95,334.35,88566.9125,27.0
527,1001.0,21.0,1.0,100.0,80.0,,8.0,0.3625,334.7125,88901.625,27.0
528,1001.0,21.0,1.0,100.0,80.0,,9.0,1.225,335.9375,89237.5625,27.0
529,1001.0,21.0,1.0,100.0,80.0,,10.0,0.7625,336.7,89574.2625,27.0
530,1001.0,21.0,1.0,100.0,80.0,,11.0,1.0375,337.7375,89912.0,27.0
531,1001.0,21.0,1.0,100.0,80.0,,12.0,0.7375,338.475,90250.475,27.0
532,1001.0,21.0,1.0,100.0,80.0,,13.0,1.2,339.675,90590.15,27.0
533,1001.0,21.0,1.0,100.0,80.0,,14.0,0.9875,340.6625,90930.8125,27.0
534,1001.0,21.0,1.0,100.0,80.0,,15.0,0.925,341.5875,91272.4,27.0
535,1001.0,21.0,1.0,100.0,80.0,,16.0,0.7,342.2875,91614.6875,27.0
536,1001.0,21.0,1.0,100.0,80.0,,17.0,0.4875,342.775,91957.4625,27.0
537,1001.0,21.0,1.0,100.0,80.0,,18.0,1.1625,343.9375,92301.4,27.0
538,1001.0,21.0,1.0,100.0,80.0,,19.0,0.35,344.2875,92645.6875,27.0
539,1001.0,21.0,1.0,100.0,80.0,,20.0,0.325,344.6125,92990.3,27.0
540,1001.0,21.0,1.0,100.0,80.0,,1.0,0.9375,345.55,93335.85,28.0
541,1001.0,21.0,1.0,100.0,80.0,,2.0,0.85,346.4,93682.25,28.0
542,1001.0,21.0,1.0,100.0,80.0,,3.0,0.6125,347.0125,94029.2625,28.0
543,1001.0,21.0,1.0,100.0,80.0,,4.0,0.75,347.7625,94377.025,28.0
544,1001.0,21.0,1.0,100.0,80.0,,5.0,0.1625,347.925,94724.95,28.0
545,1001.0,21.0,1.0,100.0,80.0,,6.0,0.2875,348.2125,95073.1625,28.0
546,1001.0,21.0,1.0,100.0,80.0,,7.0,0.1,348.3125,95421.475,28.0
547,1001.0,21.0,1.0,100.0,80.0,,8.0,0.35,348.6625,95770.1375,28.0
548,1001.0,21.0,1.0,100.0,80.0,,9.0,0.525,349.1875,96119.325,28.0
549,1001.0,21.0,1.0,100.0,80.0,,10.0,0.8125,350.0,96469.325,28.0
550,1001.0,21.0,1.0,100.0,80.0,,11.0,1.175,351.175,96820.5,28.0
551,1001.0,21.0,1.0,100.0,80.0,,12.0,0.225,351.4,97171.9,28.0
552,1001.0,21.0,1.0,100.0,80.0,,13.0,0.8875,352.2875,97524.1875,28.0
553,1001.0,21.0,1.0,100.0,80.0,,14.0,0.775,353.0625,97877.25,28.0
554,1001.0,21.0,1.0,100.0,80.0,,15.0,0.4375,353.5,98230.75,28.0
555,1001.0,21.0,1.0,100.0,80.0,,16.0,0.4375,353.9375,98584.6875,28.0
556,1001.0,21.0,1.0,100.0,80.0,,17.0,0.0875,354.025,98938.7125,28.0
557,1001.0,21.0,1.0,100.0,80.0,,18.0,1.1125,355.1375,99293.85,28.0
558,1001.0,21.0,1.0,100.0,80.0,,19.0,0.9875,356.125,99649.975,28.0
559,1001.0,21.0,1.0,100.0,80.0,,20.0,0.2625,356.3875,100006.3625,28.0
560,1001.0,21.0,1.0,100.0,80.0,,1.0,1.1625,357.55,100363.9125,29.0
561,1001.0,21.0,1.0,100.0,80.0,,2.0,0.475,358.025,100721.9375,29.0
562,1001.0,21.0,1.0,100.0,80.0,,3.0,0.45,358.475,101080.4125,29.0
563,1001.0,21.0,1.0,100.0,80.0,,4.0,0.9875,359.4625,101439.875,29.0
564,1001.0,21.0,1.0,100.0,80.0,,5.0,0.9375,360.4,101800.275,29.0
565,1001.0,21.0,1.0,100.0,80.0,,6.0,1.1875,361.5875,102161.8625,29.0
566,1001.0,21.0,1.0,100.0,80.0,,7.0,0.525,362.1125,102523.975,29.0
567,1001.0,21.0,1.0,100.0,80.0,,8.0,1.175,363.2875,102887.2625,29.0
568,1001.0,21.0,1.0,100.0,80.0,,9.0,0.95,364.2375,103251.5,29.0
569,1001.0,21.0,1.0,100.0,80.0,,10.0,0.1875,364.425,103615.925,29.0
570,1001.0,21.0,1.0,100.0,80.0,,11.0,0.35,364.775,103980.7,29.0
571,1001.0,21.0,1.0,100.0,80.0,,12.0,0.9,365.675,104346.375,29.0
572,1001.0,21.0,1.0,100.0,80.0,,13.0,0.7,366.375,104712.75,29.0
573,1001.0,21.0,1.0,100.0,80.0,,14.0,0.0625,366.4375,105079.1875,29.0
574,1001.0,21.0,1.0,100.0,80.0,,15.0,0.05,366.4875,105445.675,29.0
575,1001.0,21.0,1.0,100.0,80.0,,16.0,0.275,366.7625,105812.4375,29.0
576,1001.0,21.0,1.0,100.0,80.0,,17.0,1.05,367.8125,106180.25,29.0
577,1001.0,21.0,1.0,100.0,80.0,,18.0,0.8125,368.625,106548.875,29.0
578,1001.0,21.0,1.0,100.0,80.0,,19.0,0.075,368.7,106917.575,29.0
579,1001.0,21.0,1.0,100.0,80.0,,20.0,0.025,368.725,107286.3,29.0
580,1001.0,21.0,1.0,100.0,80.0,,1.0,0.1125,368.8375,107655.1375,30.0
581,1001.0,21.0,1.0,100.0,80.0,,2.0,0.35,369.1875,108024.325,30.0
582,1001.0,21.0,1.0,100.0,80.0,,3.0,0.15,369.3375,108393.6625,30.0
583,1001.0,21.0,1.0,100.0,80.0,,4.0,0.325,369.6625,108763.325,30.0
584,1001.0,21.0,1.0,100.0,80.0,,5.0,0.0625,369.725,109133.05,30.0
585,1001.0,21.0,1.0,100.0,80.0,,6.0,1.0375,370.7625,109503.8125,30.0
586,1001.0,21.0,1.0,100.0,80.0,,7.0,0.5,371.2625,109875.075,30.0
587,1001.0,21.0,1.0,100.0,80.0,,8.0,0.3375,371.6,110246.675,30.0
588,1001.0,21.0,1.0,100.0,80.0,,9.0,0.4125,372.0125,110618.6875,30.0
589,1001.0,21.0,1.0,100.0,80.0,,10.0,0.075,372.0875,110990.775,30.0
590,1001.0,21.0,1.0,100.0,80.0,,11.0,0.1875,372.275,111363.05,30.0
591,1001.0,21.0,1.0,100.0,80.0,,12.0,1.175,373.45,111736.5,30.0
592,1001.0,21.0,1.0,100.0,80.0,,13.0,0.1125,373.5625,112110.0625,30.0
593,1001.0,21.0,1.0,100.0,80.0,,14.0,0.5875,374.15,112484.2125,30.0
594,1001.0,21.0,1.0,100.0,80.0,,15.0,1.1,375.25,112859.4625,30.0
595,1001.0,21.0,1.0,100.0,80.0,,16.0,0.0625,375.3125,113234.775,30.0
596,1001.0,21.0,1.0,100.0,80.0,,17.0,0.225,375.5375,113610.3125,30.0
597,1001.0,21.0,1.0,100.0,80.0,,18.0,1.2,376.7375,113987.05,30.0
598,1001.0,21.0,1.0,100.0,80.0,,19.0,0.2125,376.95,114364.0,30.0
599,1001.0,21.0,1.0,100.0,80.0,,20.0,0.0875,377.0375,114741.0375,30.0
600,1001.0,21.0,1.0,100.0,80.0,,1.0,1.075,378.1125,115119.15,31.0
601,1001.0,21.0,1.0,100.0,80.0,,2.0,0.2375,378.35,115497.5,31.0
602,1001.0,21.0,1.0,100.0,80.0,,3.0,0.325,378.675,115876.175,31.0
603,1001.0,21.0,1.0,100.0,80.0,,4.0,1.1,379.775,116255.95,31.0
604,1001.0,21.0,1.0,100.0,80.0,,5.0,0.2125,379.9875,116635.9375,31.0
605,1001.0,21.0,1.0,100.0,80.0,,6.0,0.5125,380.5,117016.4375,31.0
606,1001.0,21.0,1.0,100.0,80.0,,7.0,0.15,380.65,117397.0875,31.0
607,1001.0,21.0,1.0,100.0,80.0,,8.0,1.1125,381.7625,117778.85,31.0
608,1001.0,21.0,1.0,100.0,80.0,,9.0,0.25,382.0125,118160.8625,31.0
609,1001.0,21.0,1.0,100.0,80.0,,10.0,1.025,383.0375,118543.9,31.0
610,1001.0,21.0,1.0,100.0,80.0,,11.0,0.1,383.1375,118927.0375,31.0
611,1001.0,21.0,1.0,100.0,80.0,,12.0,0.5125,383.65,119310.6875,31.0
612,1001.0,21.0,1.0,100.0,80.0,,13.0,0.7375,384.3875,119695.075,31.0
613,1001.0,21.0,1.0,100.0,80.0,,14.0,0.9625,385.35,120080.425,31.0
614,1001.0,21.0,1.0,100.0,80.0,,15.0,0.1375,385.4875,120465.9125,31.0
615,1001.0,21.0,1.0,100.0,80.0,,16.0,1.0625,386.55,120852.4625,31.0
616,1001.0,21.0,1.0,100.0,80.0,,17.0,0.9125,387.4625,121239.925,31.0
617,1001.0,21.0,1.0,100.0,80.0,,18.0,0.675,388.1375,121628.0625,31.0
618,1001.0,21.0,1.0,100.0,80.0,,19.0,0.525,388.6625,122016.725,31.0
619,1001.0,21.0,1.0,100.0,80.0,,20.0,0.1375,388.8,122405.525,31.0
620,1001.0,21.0,1.0,100.0,80.0,,1.0,0.725,389.525,122795.05,32.0
621,1001.0,21.0,1.0,100.0,80.0,,2.0,0.1,389.625,123184.675,32.0
622,1001.0,21.0,1.0,100.0,80.0,,3.0,0.0625,389.6875,123574.3625,32.0
623,1001.0,21.0,1.0,100.0,80.0,,4.0,0.175,389.8625,123964.225,32.0
624,1001.0,21.0,1.0,100.0,80.0,,5.0,1.075,390.9375,124355.1625,32.0
625,1001.0,21.0,1.0,100.0,80.0,,6.0,0.9625,391.9,124747.0625,32.0
626,1001.0,21.0,1.0,100.0,80.0,,7.0,0.0625,391.9625,125139.025,32.0
627,1001.0,21.0,1.0,100.0,80.0,,8.0,1.1375,393.1,125532.125,32.0
628,1001.0,21.0,1.0,100.0,80.0,,9.0,0.375,393.475,125925.6,32.0
629,1001.0,21.0,1.0,100.0,80.0,,10.0,1.15,394.625,126320.225,32.0
630,1001.0,21.0,1.0,100.0,80.0,,11.0,0.875,395.5,126715.725,32.0
631,1001.0,21.0,1.0,100.0,80.0,,12.0,0.1125,395.6125,127111.3375,32.0
632,1001.0,21.0,1.0,100.0,80.0,,13.0,0.8125,396.425,127507.7625,32.0
633,1001.0,21.0,1.0,100.0,80.0,,14.0,0.2125,396.6375,127904.4,32.0
634,1001.0,21.0,1.0,100.0,80.0,,15.0,0.0875,396.725,128301.125,32.0
635,1001.0,21.0,1.0,100.0,80.0,,16.0,0.8125,397.5375,128698.6625,32.0
636,1001.0,21.0,1.0,100.0,80.0,,17.0,1.1,398.6375,129097.3,32.0
637,1001.0,21.0,1.0,100.0,80.0,,18.0,0.825,399.4625,129496.7625,32.0
638,1001.0,21.0,1.0,100.0,80.0,,19.0,0.775,400.2375,129897.0,32.0
639,1001.0,21.0,1.0,100.0,80.0,,20.0,0.7,400.9375,130297.9375,32.0
640,1001.0,21.0,1.0,100.0,80.0,,1.0,1.1375,402.075,130700.0125,33.0
641,1001.0,21.0,1.0,100.0,80.0,,2.0,0.7125,402.7875,131102.8,33.0
642,1001.0,21.0,1.0,100.0,80.0,,3.0,0.625,403.4125,131506.2125,33.0
643,1001.0,21.0,1.0,100.0,80.0,,4.0,1.05,404.4625,131910.675,33.0
644,1001.0,21.0,1.0,100.0,80.0,,5.0,1.075,405.5375,132316.2125,33.0
645,1001.0,21.0,1.0,100.0,80.0,,6.0,0.9125,406.45,132722.6625,33.0
646,1001.0,21.0,1.0,100.0,80.0,,7.0,0.3625,406.8125,133129.475,33.0
647,1001.0,21.0,1.0,100.0,80.0,,8.0,0.3,407.1125,133536.5875,33.0
648,1001.0,21.0,1.0,100.0,80.0,,9.0,0.675,407.7875,133944.375,33.0
649,1001.0,21.0,1.0,100.0,80.0,,10.0,0.5,408.2875,134352.6625,33.0
650,1001.0,21.0,1.0,100.0,80.0,,11.0,0.5,408.7875,134761.45,33.0
651,1001.0,21.0,1.0,100.0,80.0,,12.0,0.1375,408.925,135170.375,33.0
652,1001.0,21.0,1.0,100.0,80.0,,13.0,0.425,409.35,135579.725,33.0
653,1001.0,21.0,1.0,100.0,80.0,,14.0,0.225,409.575,135989.3,33.0
654,1001.0,21.0,1.0,100.0,80.0,,15.0,1.1375,410.7125,136400.0125,33.0
655,1001.0,21.0,1.0,100.0,80.0,,16.0,0.725,411.4375,136811.45,33.0
656,1001.0,21.0,1.0,100.0,80.0,,17.0,0.325,411.7625,137223.2125,33.0
657,1001.0,21.0,1.0,100.0,80.0,,18.0,0.2,411.9625,137635.175,33.0
658,1001.0,21.0,1.0,100.0,80.0,,19.0,0.725,412.6875,138047.8625,33.0
659,1001.0,21.0,1.0,100.0,80.0,,20.0,0.1,412.7875,138460.65,33.0
660,1001.0,21.0,1.0,100.0,80.0,,1.0,0.2125,413.0,138873.65,34.0
661,1001.0,21.0,1.0,100.0,80.0,,2.0,0.8375,413.8375,139287.4875,34.0
662,1001.0,21.0,1.0,100.0,80.0,,3.0,0.625,414.4625,139701.95,34.0
663,1001.0,21.0,1.0,100.0,80.0,,4.0,0.375,414.8375,140116.7875,34.0
664,1001.0,21.0,1.0,100.0,80.0,,5.0,0.525,415.3625,140532.15,34.0
665,1001.0,21.0,1.0,100.0,80.0,,6.0,1.0875,416.45,140948.6,34.0
666,1001.0,21.0,1.0,100.0,80.0,,7.0,1.1375,417.5875,141366.1875,34.0
667,1001.0,21.0,1.0,100.0,80.0,,8.0,0.6625,418.25,141784.4375,34.0
668,1001.0,21.0,1.0,100.0,80.0,,9.0,1.1,419.35,142203.7875,34.0
669,1001.0,21.0,1.0,100.0,80.0,,10.0,1.15,420.5,142624.2875,34.0
670,1001.0,21.0,1.0,100.0,80.0,,11.0,0.25,420.75,143045.0375,34.0
671,1001.0,21.0,1.0,100.0,80.0,,12.0,1.175,421.925,143466.9625,34.0
672,1001.0,21.0,1.0,100.0,80.0,,13.0,0.3125,422.2375,143889.2,34.0
673,1001.0,21.0,1.0,100.0,80.0,,14.0,0.275,422.5125,144311.7125,34.0
674,1001.0,21.0,1.0,100.0,80.0,,15.0,0.775,423.2875,144735.0,34.0
675,1001.0,21.0,1.0,100.0,80.0,,16.0,0.7375,424.025,145159.025,34.0
676,1001.0,21.0,1.0,100.0,80.0,,17.0,0.9625,424.9875,145584.0125,34.0
677,1001.0,21.0,1.0,100.0,80.0,,18.0,0.2125,425.2,146009.2125,34.0
678,1001.0,21.0,1.0,100.0,80.0,,19.0,0.525,425.725,146434.9375,34.0
679,1001.0,21.0,1.0,100.0,80.0,,20.0,0.0625,425.7875,146860.725,34.0
680,1001.0,21.0,1.0,100.0,80.0,,1.0,0.8,426.5875,147287.3125,35.0
681,1001.0,21.0,1.0,100.0,80.0,,2.0,0.0625,426.65,147713.9625,35.0
682,1001.0,21.0,1.0,100.0,80.0,,3.0,0.975,427.625,148141.5875,35.0
683,1001.0,21.0,1.0,100.0,80.0,,4.0,0.7625,428.3875,148569.975,35.0
684,1001.0,21.0,1.0,100.0,80.0,,5.0,0.9125,429.3,148999.275,35.0
685,1001.0,21.0,1.0,100.0,80.0,,6.0,0.4625,429.7625,149429.0375,35.0
686,1001.0,21.0,1.0,100.0,80.0,,7.0,0.675,430.4375,149859.475,35.0
687,1001.0,21.0,1.0,100.0,80.0,,8.0,0.7625,431.2,150290.675,35.0
688,1001.0,21.0,1.0,100.0,80.0,,9.0,0.95,432.15,150722.825,35.0
689,1001.0,21.0,1.0,100.0,80.0,,10.0,1.025,433.175,151156.0,35.0
690,1001.0,21.0,1.0,100.0,80.0,,11.0,1.1,434.275,151590.275,35.0
691,1001.0,21.0,1.0,100.0,80.0,,12.0,0.8125,435.0875,152025.3625,35.0
692,1001.0,21.0,1.0,100.0,80.0,,13.0,0.15,435.2375,152460.6,35.0
693,1001.0,21.0,1.0,100.0,80.0,,14.0,0.975,436.2125,152896.8125,35.0
694,1001.0,21.0,1.0,100.0,80.0,,15.0,0.275,436.4875,153333.3,35.0
695,1001.0,21.0,1.0,100.0,80.0,,16.0,0.1625,436.65,153769.95,35.0
696,1001.0,21.0,1.0,100.0,80.0,,17.0,1.2375,437.8875,154207.8375,35.0
697,1001.0,21.0,1.0,100.0,80.0,,18.0,0.3875,438.275,154646.1125,35.0
698,1001.0,21.0,1.0,100.0,80.0,,19.0,1.1,439.375,155085.4875,35.0
699,1001.0,21.0,1.0,100.0,80.0,,20.0,0.1375,439.5125,155525.0,35.0
700,1001.0,21.0,1.0,100.0,80.0,,1.0,0.3125,439.825,155964.825,36.0
701,1001.0,21.0,1.0,100.0,80.0,,2.0,1.2,441.025,156405.85,36.0
702,1001.0,21.0,1.0,100.0,80.0,,3.0,1.1,442.125,156847.975,36.0
703,1001.0,21.0,1.0,100.0,80.0,,4.0,1.2375,443.3625,157291.3375,36.0
704,1001.0,21.0,1.0,100.0,80.0,,5.0,0.225,443.5875,157734.925,36.0
705,1001.0,21.0,1.0,100.0,80.0,,6.0,0.1625,443.75,158178.675,36.0
706,1001.0,21.0,1.0,100.0,80.0,,7.0,0.875,444.625,158623.3,36.0
707,1001.0,21.0,1.0,100.0,80.0,,8.0,0.0125,444.6375,159067.9375,36.0
708,1001.0,21.0,1.0,100.0,80.0,,9.0,0.9875,445.625,159513.5625,36.0
709,1001.0,21.0,1.0,100.0,80.0,,10.0,1.025,446.65,159960.2125,36.0
710,1001.0,21.0,1.0,100.0,80.0,,11.0,1.1,447.75,160407.9625,36.0
711,1001.0,21.0,1.0,100.0,80.0,,12.0,0.1125,447.8625,160855.825,36.0
712,1001.0,21.0,1.0,100.0,80.0,,13.0,0.325,448.1875,161304.0125,36.0
713,1001.0,21.0,1.0,100.0,80.0,,14.0,0.4875,448.675,161752.6875,36.0
714,1001.0,21.0,1.0,100.0,80.0,,15.0,0.35,449.025,162201.7125,36.0
715,1001.0,21.0,1.0,100.0,80.0,,16.0,0.425,449.45,162651.1625,36.0
716,1001.0,21.0,1.0,100.0,80.0,,17.0,0.5375,449.9875,163101.15,36.0
717,1001.0,21.0,1.0,100.0,80.0,,18.0,0.375,450.3625,163551.5125,36.0
718,1001.0,21.0,1.0,100.0,80.0,,19.0,0.3125,450.675,164002.1875,36.0
719,1001.0,21.0,1.0,100.0,80.0,,20.0,0.7,451.375,164453.5625,36.0
720,1001.0,21.0,1.0,100.0,80.0,,1.0,0.5375,451.9125,164905.475,37.0
721,1001.0,21.0,1.0,100.0,80.0,,2.0,0.25,452.1625,165357.6375,37.0
722,1001.0,21.0,1.0,100.0,80.0,,3.0,1.0375,453.2,165810.8375,37.0
723,1001.0,21.0,1.0,100.0,80.0,,4.0,0.95,454.15,166264.9875,37.0
724,1001.0,21.0,1.0,100.0,80.0,,5.0,0.1625,454.3125,166719.3,37.0
725,1001.0,21.0,1.0,100.0,80.0,,6.0,0.2875,454.6,167173.9,37.0
726,1001.0,21.0,1.0,100.0,80.0,,7.0,0.2,454.8,167628.7,37.0
727,1001.0,21.0,1.0,100.0,80.0,,8.0,0.9125,455.7125,168084.4125,37.0
728,1001.0,21.0,1.0,100.0,80.0,,9.0,0.575,456.2875,168540.7,37.0
729,1001.0,21.0,1.0,100.0,80.0,,10.0,0.85,457.1375,168997.8375,37.0
730,1001.0,21.0,1.0,100.0,80.0,,11.0,1.1,458.2375,169456.075,37.0
731,1001.0,21.0,1.0,100.0,80.0,,12.0,0.9125,459.15,169915.225,37.0
732,1001.0,21.0,1.0,100.0,80.0,,13.0,0.6375,459.7875,170375.0125,37.0
733,1001.0,21.0,1.0,100.0,80.0,,14.0,1.0375,460.825,170835.8375,37.0
734,1001.0,21.0,1.0,100.0,80.0,,15.0,0.325,461.15,171296.9875,37.0
735,1001.0,21.0,1.0,100.0,80.0,,16.0,0.125,461.275,171758.2625,37.0
736,1001.0,21.0,1.0,100.0,80.0,,17.0,0.2,461.475,172219.7375,37.0
737,1001.0,21.0,1.0,100.0,80.0,,18.0,0.275,461.75,172681.4875,37.0
738,1001.0,21.0,1.0,100.0,80.0,,19.0,0.9875,462.7375,173144.225,37.0
739,1001.0,21.0,1.0,100.0,80.0,,20.0,0.0875,462.825,173607.05,37.0
740,1001.0,21.0,1.0,100.0,80.0,,1.0,1.2,464.025,174071.075,38.0
741,1001.0,21.0,1.0,100.0,80.0,,2.0,0.775,464.8,174535.875,38.0
742,1001.0,21.0,1.0,100.0,80.0,,3.0,1.075,465.875,175001.75,38.0
743,1001.0,21.0,1.0,100.0,80.0,,4.0,0.1125,465.9875,175467.7375,38.0
744,1001.0,21.0,1.0,100.0,80.0,,5.0,0.9625,466.95,175934.6875,38.0
745,1001.0,21.0,1.0,100.0,80.0,,6.0,0.1375,467.0875,176401.775,38.0
746,1001.0,21.0,1.0,100.0,80.0,,7.0,0.575,467.6625,176869.4375,38.0
747,1001.0,21.0,1.0,100.0,80.0,,8.0,1.1625,468.825,177338.2625,38.0
748,1001.0,21.0,1.0,100.0,80.0,,9.0,0.4875,469.3125,177807.575,38.0
749,1001.0,21.0,1.0,100.0,80.0,,10.0,1.0,470.3125,178277.8875,38.0
750,1001.0,21.0,1.0,100.0,80.0,,11.0,0.05,470.3625,178748.25,38.0
751,1001.0,21.0,1.0,100.0,80.0,,12.0,0.7875,471.15,179219.4,38.0
752,1001.0,21.0,1.0,100.0,80.0,,13.0,1.125,472.275,179691.675,38.0
753,1001.0,21.0,1.0,100.0,80.0,,14.0,0.575,472.85,180164.525,38.0
754,1001.0,21.0,1.0,100.0,80.0,,15.0,0.9875,473.8375,180638.3625,38.0
755,1001.0,21.0,1.0,100.0,80.0,,16.0,0.1625,474.0,181112.3625,38.0
756,1001.0,21.0,1.0,100.0,80.0,,17.0,0.525,474.525,181586.8875,38.0
757,1001.0,21.0,1.0,100.0,80.0,,18.0,1.0125,475.5375,182062.425,38.0
758,1001.0,21.0,1.0,100.0,80.0,,19.0,0.65,476.1875,182538.6125,38.0
759,1001.0,21.0,1.0,100.0,80.0,,20.0,0.925,477.1125,183015.725,38.0
760,1001.0,21.0,1.0,100.0,80.0,,1.0,0.9375,478.05,183493.775,39.0
761,1001.0,21.0,1.0,100.0,80.0,,2.0,0.225,478.275,183972.05,39.0
762,1001.0,21.0,1.0,100.0,80.0,,3.0,0.6875,478.9625,184451.0125,39.0
763,1001.0,21.0,1.0,100.0,80.0,,4.0,0.1875,479.15,184930.1625,39.0
764,1001.0,21.0,1.0,100.0,80.0,,5.0,1.0,480.15,185410.3125,39.0
765,1001.0,21.0,1.0,100.0,80.0,,6.0,1.2,481.35,185891.6625,39.0
766,1001.0,21.0,1.0,100.0,80.0,,7.0,1.1125,482.4625,186374.125,39.0
767,1001.0,21.0,1.0,100.0,80.0,,8.0,0.325,482.7875,186856.9125,39.0
768,1001.0,21.0,1.0,100.0,80.0,,9.0,1.075,483.8625,187340.775,39.0
769,1001.0,21.0,1.0,100.0,80.0,,10.0,1.2375,485.1,187825.875,39.0
770,1001.0,21.0,1.0,100.0,80.0,,11.0,0.7875,485.8875,188311.7625,39.0
771,1001.0,21.0,1.0,100.0,80.0,,12.0,0.65,486.5375,188798.3,39.0
772,1001.0,21.0,1.0,100.0,80.0,,13.0,0.325,486.8625,189285.1625,39.0
773,1001.0,21.0,1.0,100.0,80.0,,14.0,0.5875,487.45,189772.6125,39.0
774,1001.0,21.0,1.0,100.0,80.0,,15.0,0.075,487.525,190260.1375,39.0
775,1001.0,21.0,1.0,100.0,80.0,,16.0,0.075,487.6,190747.7375,39.0
776,1001.0,21.0,1.0,100.0,80.0,,17.0,0.1375,487.7375,191235.475,39.0
777,1001.0,21.0,1.0,100.0,80.0,,18.0,0.8875,488.625,191724.1,39.0
778,1001.0,21.0,1.0,100.0,80.0,,19.0,0.275,488.9,192213.0,39.0
779,1001.0,21.0,1.0,100.0,80.0,,20.0,1.1,490.0,192703.0,39.0
780,1001.0,21.0,1.0,100.0,80.0,,1.0,0.7125,490.7125,193193.7125,40.0
781,1001.0,21.0,1.0,100.0,80.0,,2.0,1.2,491.9125,193685.625,40.0
782,1001.0,21.0,1.0,100.0,80.0,,3.0,0.2,492.1125,194177.7375,40.0
783,1001.0,21.0,1.0,100.0,80.0,,4.0,1.2375,493.35,194671.0875,40.0
784,1001.0,21.0,1.0,100.0,80.0,,5.0,0.6625,494.0125,195165.1,40.0
785,1001.0,21.0,1.0,100.0,80.0,,6.0,0.2,494.2125,195659.3125,40.0
786,1001.0,21.0,1.0,100.0,80.0,,7.0,0.2,494.4125,196153.725,40.0
787,1001.0,21.0,1.0,100.0,80.0,,8.0,0.0375,494.45,196648.175,40.0
788,1001.0,21.0,1.0,100.0,80.0,,9.0,0.6875,495.1375,197143.3125,40.0
789,1001.0,21.0,1.0,100.0,80.0,,10.0,0.2875,495.425,197638.7375,40.0
790,1001.0,21.0,1.0,100.0,80.0,,11.0,0.4,495.825,198134.5625,40.0
791,1001.0,21.0,1.0,100.0,80.0,,12.0,0.8125,496.6375,198631.2,40.0
792,1001.0,21.0,1.0,100.0,80.0,,13.0,0.1375,496.775,199127.975,40.0
793,1001.0,21.0,1.0,100.0,80.0,,14.0,0.5625,497.3375,199625.3125,40.0
794,1001.0,21.0,1.0,100.0,80.0,,15.0,0.25,497.5875,200122.9,40.0
795,1001.0,21.0,1.0,100.0,80.0,,16.0,1.0375,498.625,200621.525,40.0
796,1001.0,21.0,1.0,100.0,80.0,,17.0,1.1125,499.7375,201121.2625,40.0
797,1001.0,21.0,1.0,100.0,80.0,,18.0,0.65,500.3875,201621.65,40.0
798,1001.0,21.0,1.0,100.0,80.0,,19.0,0.1,500.4875,202122.1375,40.0
799,1001.0,21.0,1.0,100.0,80.0,,20.0,0.6,501.0875,202623.225,40.0
800,1001.0,21.0,1.0,100.0,80.0,,1.0,0.625,501.7125,203124.9375,41.0
801,1001.0,21.0,1.0,100.0,80.0,,2.0,0.9875,502.7,203627.6375,41.0
802,1001.0,21.0,1.0,100.0,80.0,,3.0,1.15,503.85,204131.4875,41.0
803,1001.0,21.0,1.0,100.0,80.0,,4.0,1.1375,504.9875,204636.475,41.0
804,1001.0,21.0,1.0,100.0,80.0,,5.0,0.8,505.7875,205142.2625,41.0
805,1001.0,21.0,1.0,100.0,80.0,,6.0,0.8125,506.6,205648.8625,41.0
806,1001.0,21.0,1.0,100.0,80.0,,7.0,1.075,507.675,206156.5375,41.0
807,1001.0,21.0,1.0,100.0,80.0,,8.0,0.6,508.275,206664.8125,41.0
808,1001.0,21.0,1.0,100.0,80.0,,9.0,0.8375,509.1125,207173.925,41.0
809,1001.0,21.0,1.0,100.0,80.0,,10.0,0.3625,509.475,207683.4,41.0
810,1001.0,21.0,1.0,100.0,80.0,,11.0,1.075,510.55,208193.95,41.0
811,1001.0,21.0,1.0,100.0,80.0,,12.0,1.1,511.65,208705.6,41.0
812,1001.0,21.0,1.0,100.0,80.0,,13.0,1.0,512.65,209218.25,41.0
813,1001.0,21.0,1.0,100.0,80.0,,14.0,0.3625,513.0125,209731.2625,41.0
814,1001.0,21.0,1.0,100.0,80.0,,15.0,0.7125,513.725,210244.9875,41.0
815,1001.0,21.0,1.0,100.0,80.0,,16.0,0.0125,513.7375,210758.725,41.0
816,1001.0,21.0,1.0,100.0,80.0,,17.0,0.575,514.3125,211273.0375,41.0
817,1001.0,21.0,1.0,100.0,80.0,,18.0,0.9625,515.275,211788.3125,41.0
818,1001.0,21.0,1.0,100.0,80.0,,19.0,0.9125,516.1875,212304.5,41.0
819,1001.0,21.0,1.0,100.0,80.0,,20.0,1.225,517.4125,212821.9125,41.0
820,1001.0,21.0,1.0,100.0,80.0,,1.0,0.7125,518.125,213340.0375,42.0
821,1001.0,21.0,1.0,100.0,80.0,,2.0,0.525,518.65,213858.6875,42.0
822,1001.0,21.0,1.0,100.0,80.0,,3.0,0.925,519.575,214378.2625,42.0
823,1001.0,21.0,1.0,100.0,80.0,,4.0,0.95,520.525,214898.7875,42.0
824,1001.0,21.0,1.0,100.0,80.0,,5.0,0.625,521.15,215419.9375,42.0
825,1001.0,21.0,1.0,100.0,80.0,,6.0,0.1125,521.2625,215941.2,42.0
826,1001.0,21.0,1.0,100.0,80.0,,7.0,0.65,521.9125,216463.1125,42.0
827,1001.0,21.0,1.0,100.0,80.0,,8.0,1.125,523.0375,216986.15,42.0
828,1001.0,21.0,1.0,100.0,80.0,,9.0,0.8,523.8375,217509.9875,42.0
829,1001.0,21.0,1.0,100.0,80.0,,10.0,0.875,524.7125,218034.7,42.0
830,1001.0,21.0,1.0,100.0,80.0,,11.0,0.925,525.6375,218560.3375,42.0
831,1001.0,21.0,1.0,100.0,80.0,,12.0,0.775,526.4125,219086.75,42.0
832,1001.0,21.0,1.0,100.0,80.0,,13.0,0.15,526.5625,219613.3125,42.0
833,1001.0,21.0,1.0,100.0,80.0,,14.0,1.2125,527.775,220141.0875,42.0
834,1001.0,21.0,1.0,100.0,80.0,,15.0,0.375,528.15,220669.2375,42.0
835,1001.0,21.0,1.0,100.0,80.0,,16.0,0.7375,528.8875,221198.125,42.0
836,1001.0,21.0,1.0,100.0,80.0,,17.0,0.65,529.5375,221727.6625,42.0
837,1001.0,21.0,1.0,100.0,80.0,,18.0,0.95,530.4875,222258.15,42.0
838,1001.0,21.0,1.0,100.0,80.0,,19.0,0.125,530.6125,222788.7625,42.0
839,1001.0,21.0,1.0,100.0,80.0,,20.0,0.6125,531.225,223319.9875,42.0
840,1001.0,21.0,1.0,100.0,80.0,,1.0,0.1125,531.3375,223851.325,43.0
841,1001.0,21.0,1.0,100.0,80.0,,2.0,0.1125,531.45,224382.775,43.0
842,1001.0,21.0,1.0,100.0,80.0,,3.0,0.35,531.8,224914.575,43.0
843,1001.0,21.0,1.0,100.0,80.0,,4.0,0.2125,532.0125,225446.5875,43.0
844,1001.0,21.0,1.0,100.0,80.0,,5.0,0.6125,532.625,225979.2125,43.0
845,1001.0,21.0,1.0,100.0,80.0,,6.0,1.2375,533.8625,226513.075,43.0
846,1001.0,21.0,1.0,100.0,80.0,,7.0,0.6,534.4625,227047.5375,43.0
847,1001.0,21.0,1.0,100.0,80.0,,8.0,1.1125,535.575,227583.1125,43.0
848,1001.0,21.0,1.0,100.0,80.0,,9.0,0.4125,535.9875,228119.1,43.0
849,1001.0,21.0,1.0,100.0,80.0,,10.0,0.2875,536.275,228655.375,43.0
850,1001.0,21.0,1.0,100.0,80.0,,11.0,0.95,537.225,229192.6,43.0
851,1001.0,21.0,1.0,100.0,80.0,,12.0,0.85,538.075,229730.675,43.0
852,1001.0,21.0,1.0,100.0,80.0,,13.0,1.0,539.075,230269.75,43.0
853,1001.0,21.0,1.0,100.0,80.0,,14.0,0.875,539.95,230809.7,43.0
854,1001.0,21.0,1.0,100.0,80.0,,15.0,0.3625,540.3125,231350.0125,43.0
855,1001.0,21.0,1.0,100.0,80.0,,16.0,0.275,540.5875,231890.6,43.0
856,1001.0,21.0,1.0,100.0,80.0,,17.0,0.65,541.2375,232431.8375,43.0
857,1001.0,21.0,1.0,100.0,80.0,,18.0,0.9125,542.15,232973.9875,43.0
858,1001.0,21.0,1.0,100.0,80.0,,19.0,0.325,542.475,233516.4625,43.0
859,1001.0,21.0,1.0,100.0,80.0,,20.0,0.7625,543.2375,234059.7,43.0
860,1001.0,21.0,1.0,100.0,80.0,,1.0,0.0875,543.325,234603.025,44.0
861,1001.0,21.0,1.0,100.0,80.0,,2.0,0.2875,543.6125,235146.6375,44.0
862,1001.0,21.0,1.0,100.0,80.0,,3.0,0.925,544.5375,235691.175,44.0
863,1001.0,21.0,1.0,100.0,80.0,,4.0,0.575,545.1125,236236.2875,44.0
864,1001.0,21.0,1.0,100.0,80.0,,5.0,1.0625,546.175,236782.4625,44.0
865,1001.0,21.0,1.0,100.0,80.0,,6.0,0.525,546.7,237329.1625,44.0
866,1001.0,21.0,1.0,100.0,80.0,,7.0,1.075,547.775,237876.9375,44.0
867,1001.0,21.0,1.0,100.0,80.0,,8.0,0.6,548.375,238425.3125,44.0
868,1001.0,21.0,1.0,100.0,80.0,,9.0,0.8375,549.2125,238974.525,44.0
869,1001.0,21.0,1.0,100.0,80.0,,10.0,1.2125,550.425,239524.95,44.0
870,1001.0,21.0,1.0,100.0,80.0,,11.0,1.075,551.5,240076.45,44.0
871,1001.0,21.0,1.0,100.0,80.0,,12.0,0.025,551.525,240627.975,44.0
872,1001.0,21.0,1.0,100.0,80.0,,13.0,0.925,552.45,241180.425,44.0
873,1001.0,21.0,1.0,100.0,80.0,,14.0,0.525,552.975,241733.4,44.0
874,1001.0,21.0,1.0,100.0,80.0,,15.0,0.4125,553.3875,242286.7875,44.0
875,1001.0,21.0,1.0,100.0,80.0,,16.0,0.05,553.4375,242840.225,44.0
876,1001.0,21.0,1.0,100.0,80.0,,17.0,0.7125,554.15,243394.375,44.0
877,1001.0,21.0,1.0,100.0,80.0,,18.0,0.3,554.45,243948.825,44.0
878,1001.0,21.0,1.0,100.0,80.0,,19.0,0.4375,554.8875,244503.7125,44.0
879,1001.0,21.0,1.0,100.0,80.0,,20.0,0.3375,555.225,245058.9375,44.0
880,1001.0,21.0,1.0,100.0,80.0,,1.0,0.025,555.25,245614.1875,45.0
881,1001.0,21.0,1.0,100.0,80.0,,2.0,0.6375,555.8875,246170.075,45.0
882,1001.0,21.0,1.0,100.0,80.0,,3.0,0.6125,556.5,246726.575,45.0
883,1001.0,21.0,1.0,100.0,80.0,,4.0,0.3375,556.8375,247283.4125,45.0
884,1001.0,21.0,1.0,100.0,80.0,,5.0,0.7625,557.6,247841.0125,45.0
885,1001.0,21.0,1.0,100.0,80.0,,6.0,0.0625,557.6625,248398.675,45.0
886,1001.0,21.0,1.0,100.0,80.0,,7.0,0.15,557.8125,248956.4875,45.0
887,1001.0,21.0,1.0,100.0,80.0,,8.0,0.15,557.9625,249514.45,45.0
888,1001.0,21.0,1.0,100.0,80.0,,9.0,0.2875,558.25,250072.7,45.0
889,1001.0,21.0,1.0,100.0,80.0,,10.0,0.725,558.975,250631.675,45.0
890,1001.0,21.0,1.0,100.0,80.0,,11.0,0.0625,559.0375,251190.7125,45.0
891,1001.0,21.0,1.0,100.0,80.0,,12.0,0.0125,559.05,251749.7625,45.0
892,1001.0,21.0,1.0,100.0,80.0,,13.0,0.075,559.125,252308.8875,45.0
893,1001.0,21.0,1.0,100.0,80.0,,14.0,0.0375,559.1625,252868.05,45.0
894,1001.0,21.0,1.0,100.0,80.0,,15.0,1.0125,560.175,253428.225,45.0
895,1001.0,21.0,1.0,100.0,80.0,,16.0,0.6125,560.7875,253989.0125,45.0
896,1001.0,21.0,1.0,100.0,80.0,,17.0,1.125,561.9125,254550.925,45.0
897,1001.0,21.0,1.0,100.0,80.0,,18.0,1.0875,563.0,255113.925,45.0
898,1001.0,21.0,1.0,100.0,80.0,,19.0,0.0125,563.0125,255676.9375,45.0
899,1001.0,21.0,1.0,100.0,80.0,,20.0,0.6125,563.625,256240.5625,45.0
900,1001.0,21.0,1.0,100.0,80.0,,1.0,0.025,563.65,256804.2125,46.0
901,1001.0,21.0,1.0,100.0,80.0,,2.0,1.2375,564.8875,257369.1,46.0
902,1001.0,21.0,1.0,100.0,80.0,,3.0,0.725,565.6125,257934.7125,46.0
903,1001.0,21.0,1.0,100.0,80.0,,4.0,1.15,566.7625,258501.475,46.0
904,1001.0,21.0,1.0,100.0,80.0,,5.0,1.225,567.9875,259069.4625,46.0
905,1001.0,21.0,1.0,100.0,80.0,,6.0,0.4375,568.425,259637.8875,46.0
906,1001.0,21.0,1.0,100.0,80.0,,7.0,0.2375,568.6625,260206.55,46.0
907,1001.0,21.0,1.0,100.0,80.0,,8.0,0.225,568.8875,260775.4375,46.0
908,1001.0,21.0,1.0,100.0,80.0,,9.0,1.0,569.8875,261345.325,46.0
909,1001.0,21.0,1.0,100.0,80.0,,10.0,0.2125,570.1,261915.425,46.0
910,1001.0,21.0,1.0,100.0,80.0,,11.0,1.0,571.1,262486.525,46.0
911,1001.0,21.0,1.0,100.0,80.0,,12.0,1.15,572.25,263058.775,46.0
912,1001.0,21.0,1.0,100.0,80.0,,13.0,0.125,572.375,263631.15,46.0
913,1001.0,21.0,1.0,100.0,80.0,,14.0,0.7375,573.1125,264204.2625,46.0
914,1001.0,21.0,1.0,100.0,80.0,,15.0,1.0625,574.175,264778.4375,46.0
915,1001.0,21.0,1.0,100.0,80.0,,16.0,0.725,574.9,265353.3375,46.0
916,1001.0,21.0,1.0,100.0,80.0,,17.0,1.1375,576.0375,265929.375,46.0
917,1001.0,21.0,1.0,100.0,80.0,,18.0,0.3125,576.35,266505.725,46.0
918,1001.0,21.0,1.0,100.0,80.0,,19.0,0.8625,577.2125,267082.9375,46.0
919,1001.0,21.0,1.0,100.0,80.0,,20.0,0.5875,577.8,267660.7375,46.0
920,1001.0,21.0,1.0,100.0,80.0,,1.0,0.8625,578.6625,268239.4,47.0
921,1001.0,21.0,1.0,100.0,80.0,,2.0,0.575,579.2375,268818.6375,47.0
922,1001.0,21.0,1.0,100.0,80.0,,3.0,0.6,579.8375,269398.475,47.0
923,1001.0,21.0,1.0,100.0,80.0,,4.0,1.15,580.9875,269979.4625,47.0
924,1001.0,21.0,1.0,100.0,80.0,,5.0,0.0625,581.05,270560.5125,47.0
925,1001.0,21.0,1.0,100.0,80.0,,6.0,1.05,582.1,271142.6125,47.0
926,1001.0,21.0,1.0,100.0,80.0,,7.0,0.3625,582.4625,271725.075,47.0
927,1001.0,21.0,1.0,100.0,80.0,,8.0,1.1125,583.575,272308.65,47.0
928,1001.0,21.0,1.0,100.0,80.0,,9.0,0.2375,583.8125,272892.4625,47.0
929,1001.0,21.0,1.0,100.0,80.0,,10.0,0.85,584.6625,273477.125,47.0
930,1001.0,21.0,1.0,100.0,80.0,,11.0,0.2875,584.95,274062.075,47.0
931,1001.0,21.0,1.0,100.0,80.0,,12.0,0.8375,585.7875,274647.8625,47.0
932,1001.0,21.0,1.0,100.0,80.0,,13.0,1.1375,586.925,275234.7875,47.0
933,1001.0,21.0,1.0,100.0,80.0,,14.0,0.925,587.85,275822.6375,47.0
934,1001.0,21.0,1.0,100.0,80.0,,15.0,0.525,588.375,276411.0125,47.0
935,1001.0,21.0,1.0,100.0,80.0,,16.0,0.75,589.125,277000.1375,47.0
936,1001.0,21.0,1.0,100.0,80.0,,17.0,1.1375,590.2625,277590.4,47.0
937,1001.0,21.0,1.0,100.0,80.0,,18.0,0.475,590.7375,278181.1375,47.0
938,1001.0,21.0,1.0,100.0,80.0,,19.0,1.0125,591.75,278772.8875,47.0
939,1001.0,21.0,1.0,100.0,80.0,,20.0,0.95,592.7,279365.5875,47.0
940,1001.0,21.0,1.0,100.0,80.0,,1.0,0.7625,593.4625,279959.05,48.0
941,1001.0,21.0,1.0,100.0,80.0,,2.0,1.05,594.5125,280553.5625,48.0
942,1001.0,21.0,1.0,100.0,80.0,,3.0,0.7875,595.3,281148.8625,48.0
943,1001.0,21.0,1.0,100.0,80.0,,4.0,0.5,595.8,281744.6625,48.0
944,1001.0,21.0,1.0,100.0,80.0,,5.0,1.15,596.95,282341.6125,48.0
945,1001.0,21.0,1.0,100.0,80.0,,6.0,0.125,597.075,282938.6875,48.0
946,1001.0,21.0,1.0,100.0,80.0,,7.0,0.7,597.775,283536.4625,48.0
947,1001.0,21.0,1.0,100.0,80.0,,8.0,0.1375,597.9125,284134.375,48.0
948,1001.0,21.0,1.0,100.0,80.0,,9.0,0.525,598.4375,284732.8125,48.0
949,1001.0,21.0,1.0,100.0,80.0,,10.0,0.7625,599.2,285332.0125,48.0
950,1001.0,21.0,1.0,100.0,80.0,,11.0,1.05,600.25,285932.2625,48.0
951,1001.0,21.0,1.0,100.0,80.0,,12.0,0.0875,600.3375,286532.6,48.0
952,1001.0,21.0,1.0,100.0,80.0,,13.0,0.6875,601.025,287133.625,48.0
953,1001.0,21.0,1.0,100.0,80.0,,14.0,0.0625,601.0875,287734.7125,48.0
954,1001.0,21.0,1.0,100.0,80.0,,15.0,0.1875,601.275,288335.9875,48.0
955,1001.0,21.0,1.0,100.0,80.0,,16.0,0.5625,601.8375,288937.825,48.0
956,1001.0,21.0,1.0,100.0,80.0,,17.0,0.0125,601.85,289539.675,48.0
957,1001.0,21.0,1.0,100.0,80.0,,18.0,1.0875,602.9375,290142.6125,48.0
958,1001.0,21.0,1.0,100.0,80.0,,19.0,0.3875,603.325,290745.9375,48.0
959,1001.0,21.0,1.0,100.0,80.0,,20.0,0.2,603.525,291349.4625,48.0
960,1001.0,21.0,1.0,100.0,80.0,,1.0,0.975,604.5,291953.9625,49.0
961,1001.0,21.0,1.0,100.0,80.0,,2.0,1.025,605.525,292559.4875,49.0
962,1001.0,21.0,1.0,100.0,80.0,,3.0,0.5,606.025,293165.5125,49.0
963,1001.0,21.0,1.0,100.0,80.0,,4.0,0.3875,606.4125,293771.925,49.0
964,1001.0,21.0,1.0,100.0,80.0,,5.0,0.275,606.6875,294378.6125,49.0
965,1001.0,21.0,1.0,100.0,80.0,,6.0,0.7,607.3875,294986.0,49.0
966,1001.0,21.0,1.0,100.0,80.0,,7.0,1.025,608.4125,295594.4125,49.0
967,1001.0,21.0,1.0,100.0,80.0,,8.0,0.5,608.9125,296203.325,49.0
968,1001.0,21.0,1.0,100.0,80.0,,9.0,0.15,609.0625,296812.3875,49.0
969,1001.0,21.0,1.0,100.0,80.0,,10.0,0.2125,609.275,297421.6625,49.0
970,1001.0,21.0,1.0,100.0,80.0,,11.0,0.1,609.375,298031.0375,49.0
971,1001.0,21.0,1.0,100.0,80.0,,12.0,0.8875,610.2625,298641.3,49.0
972,1001.0,21.0,1.0,100.0,80.0,,13.0,0.7375,611.0,299252.3,49.0
973,1001.0,21.0,1.0,100.0,80.0,,14.0,0.8125,611.8125,299864.1125,49.0
974,1001.0,21.0,1.0,100.0,80.0,,15.0,0.2875,612.1,300476.2125,49.0
975,1001.0,21.0,1.0,100.0,80.0,,16.0,0.3625,612.4625,301088.675,49.0
976,1001.0,21.0,1.0,100.0,80.0,,17.0,1.0375,613.5,301702.175,49.0
977,1001.0,21.0,1.0,100.0,80.0,,18.0,0.975,614.475,302316.65,49.0
978,1001.0,21.0,1.0,100.0,80.0,,19.0,1.0875,615.5625,302932.2125,49.0
979,1001.0,21.0,1.0,100.0,80.0,,20.0,0.5875,616.15,303548.3625,49.0
980,1001.0,21.0,1.0,100.0,80.0,,1.0,1.075,617.225,304165.5875,50.0
981,1001.0,21.0,1.0,100.0,80.0,,2.0,0.55,617.775,304783.3625,50.0
982,1001.0,21.0,1.0,100.0,80.0,,3.0,0.3375,618.1125,305401.475,50.0
983,1001.0,21.0,1.0,100.0,80.0,,4.0,0.95,619.0625,306020.5375,50.0
984,1001.0,21.0,1.0,100.0,80.0,,5.0,0.5375,619.6,306640.1375,50.0
985,1001.0,21.0,1.0,100.0,80.0,,6.0,0.0625,619.6625,307259.8,50.0
986,1001.0,21.0,1.0,100.0,80.0,,7.0,0.575,620.2375,307880.0375,50.0
987,1001.0,21.0,1.0,100.0,80.0,,8.0,1.2,621.4375,308501.475,50.0
988,1001.0,21.0,1.0,100.0,80.0,,9.0,0.8,622.2375,309123.7125,50.0
989,1001.0,21.0,1.0,100.0,80.0,,10.0,0.3625,622.6,309746.3125,50.0
990,1001.0,21.0,1.0,100.0,80.0,,11.0,0.725,623.325,310369.6375,50.0
991,1001.0,21.0,1.0,100.0,80.0,,12.0,1.175,624.5,310994.1375,50.0
992,1001.0,21.0,1.0,100.0,80.0,,13.0,0.2375,624.7375,311618.875,50.0
993,1001.0,21.0,1.0,100.0,80.0,,14.0,0.3625,625.1,312243.975,50.0
994,1001.0,21.0,1.0,100.0,80.0,,15.0,0.15,625.25,312869.225,50.0
995,1001.0,21.0,1.0,100.0,80.0,,16.0,0.075,625.325,313494.55,50.0
996,1001.0,21.0,1.0,100.0,80.0,,17.0,1.125,626.45,314121.0,50.0
997,1001.0,21.0,1.0,100.0,80.0,,18.0,1.0,627.45,314748.45,50.0
998,1001.0,21.0,1.0,100.0,80.0,,19.0,0.675,628.125,315376.575,50.0
999,1001.0,21.0,1.0,100.0,80.0,,20.0,0.8625,628.9875,316005.5625,50.0
1000,1001.0,21.0,1.0,100.0,80.0,,1.0,0.1875,629.175,316634.7375,51.0
1001,1001.0,21.0,1.0,100.0,80.0,,2.0,0.7,629.875,317264.6125,51.0
1002,1001.0,21.0,1.0,100.0,80.0,,3.0,0.0875,629.9625,317894.575,51.0
1003,1001.0,21.0,1.0,100.0,80.0,,4.0,0.1625,630.125,318524.7,51.0
1004,1001.0,21.0,1.0,100.0,80.0,,5.0,1.025,631.15,319155.85,51.0
1005,1001.0,21.0,1.0,100.0,80.0,,6.0,0.3,631.45,319787.3,51.0
1006,1001.0,21.0,1.0,100.0,80.0,,7.0,0.625,632.075,320419.375,51.0
1007,1001.0,21.0,1.0,100.0,80.0,,8.0,0.025,632.1,321051.475,51.0
1008,1001.0,21.0,1.0,100.0,80.0,,9.0,0.9875,633.0875,321684.5625,51.0
1009,1001.0,21.0,1.0,100.0,80.0,,10.0,0.5875,633.675,322318.2375,51.0
1010,1001.0,21.0,1.0,100.0,80.0,,11.0,0.1875,633.8625,322952.1,51.0
1011,1001.0,21.0,1.0,100.0,80.0,,12.0,0.2625,634.125,323586.225,51.0
1012,1001.0,21.0,1.0,100.0,80.0,,13.0,1.225,635.35,324221.575,51.0
1013,1001.0,21.0,1.0,100.0,80.0,,14.0,1.175,636.525,324858.1,51.0
1014,1001.0,21.0,1.0,100.0,80.0,,15.0,0.0875,636.6125,325494.7125,51.0
1015,1001.0,21.0,1.0,100.0,80.0,,16.0,1.0,637.6125,326132.325,51.0
1016,1001.0,21.0,1.0,100.0,80.0,,17.0,0.9625,638.575,326770.9,51.0
1017,1001.0,21.0,1.0,100.0,80.0,,18.0,1.2375,639.8125,327410.7125,51.0
1018,1001.0,21.0,1.0,100.0,80.0,,19.0,0.8875,640.7,328051.4125,51.0
1019,1001.0,21.0,1.0,100.0,80.0,,20.0,0.4375,641.1375,328692.55,51.0
1020,1001.0,21.0,1.0,100.0,80.0,,1.0,0.0625,641.2,329333.75,52.0
1021,1001.0,21.0,1.0,100.0,80.0,,2.0,0.275,641.475,329975.225,52.0
1022,1001.0,21.0,1.0,100.0,80.0,,3.0,0.6875,642.1625,330617.3875,52.0
1023,1001.0,21.0,1.0,100.0,80.0,,4.0,0.6,642.7625,331260.15,52.0
1024,1001.0,21.0,1.0,100.0,80.0,,5.0,0.65,643.4125,331903.5625,52.0
1025,1001.0,21.0,1.0,100.0,80.0,,6.0,0.2125,643.625,332547.1875,52.0
1026,1001.0,21.0,1.0,100.0,80.0,,7.0,0.75,644.375,333191.5625,52.0
1027,1001.0,21.0,1.0,100.0,80.0,,8.0,0.175,644.55,333836.1125,52.0
1028,1001.0,21.0,1.0,100.0,80.0,,9.0,1.175,645.725,334481.8375,52.0
1029,1001.0,21.0,1.0,100.0,80.0,,10.0,0.875,646.6,335128.4375,52.0
1030,1001.0,21.0,1.0,100.0,80.0,,11.0,1.2375,647.8375,335776.275,52.0
1031,1001.0,21.0,1.0,100.0,80.0,,12.0,1.1,648.9375,336425.2125,52.0
1032,1001.0,21.0,1.0,100.0,80.0,,13.0,0.675,649.6125,337074.825,52.0
1033,1001.0,21.0,1.0,100.0,80.0,,14.0,0.1,649.7125,337724.5375,52.0
1034,1001.0,21.0,1.0,100.0,80.0,,15.0,1.0625,650.775,338375.3125,52.0
1035,1001.0,21.0,1.0,100.0,80.0,,16.0,1.2125,651.9875,339027.3,52.0
1036,1001.0,21.0,1.0,100.0,80.0,,17.0,1.2375,653.225,339680.525,52.0
1037,1001.0,21.0,1.0,100.0,80.0,,18.0,1.0375,654.2625,340334.7875,52.0
1038,1001.0,21.0,1.0,100.0,80.0,,19.0,0.0625,654.325,340989.1125,52.0
1039,1001.0,21.0,1.0,100.0,80.0,,20.0,0.7375,655.0625,341644.175,52.0
1040,1001.0,21.0,1.0,100.0,80.0,,1.0,0.525,655.5875,342299.7625,53.0
1041,1001.0,21.0,1.0,100.0,80.0,,2.0,0.725,656.3125,342956.075,53.0
1042,1001.0,21.0,1.0,100.0,80.0,,3.0,1.125,657.4375,343613.5125,53.0
1043,1001.0,21.0,1.0,100.0,80.0,,4.0,0.5,657.9375,344271.45,53.0
1044,1001.0,21.0,1.0,100.0,80.0,,5.0,0.225,658.1625,344929.6125,53.0
1045,1001.0,21.0,1.0,100.0,80.0,,6.0,0.4375,658.6,345588.2125,53.0
1046,1001.0,21.0,1.0,100.0,80.0,,7.0,0.4,659.0,346247.2125,53.0
1047,1001.0,21.0,1.0,100.0,80.0,,8.0,1.0125,660.0125,346907.225,53.0
1048,1001.0,21.0,1.0,100.0,80.0,,9.0,0.1,660.1125,347567.3375,53.0
1049,1001.0,21.0,1.0,100.0,80.0,,10.0,0.0125,660.125,348227.4625,53.0
1050,1001.0,21.0,1.0,100.0,80.0,,11.0,1.2125,661.3375,348888.8,53.0
1051,1001.0,21.0,1.0,100.0,80.0,,12.0,0.575,661.9125,349550.7125,53.0
1052,1001.0,21.0,1.0,100.0,80.0,,13.0,0.4375,662.35,350213.0625,53.0
1053,1001.0,21.0,1.0,100.0,80.0,,14.0,1.075,663.425,350876.4875,53.0
1054,1001.0,21.0,1.0,100.0,80.0,,15.0,0.0625,663.4875,351539.975,53.0
1055,1001.0,21.0,1.0,100.0,80.0,,16.0,0.85,664.3375,352204.3125,53.0
1056,1001.0,21.0,1.0,100.0,80.0,,17.0,0.9375,665.275,352869.5875,53.0
1057,1001.0,21.0,1.0,100.0,80.0,,18.0,0.9,666.175,353535.7625,53.0
1058,1001.0,21.0,1.0,100.0,80.0,,19.0,1.1125,667.2875,354203.05,53.0
1059,1001.0,21.0,1.0,100.0,80.0,,20.0,1.1,668.3875,354871.4375,53.0
1060,1001.0,21.0,1.0,100.0,80.0,,1.0,0.275,668.6625,355540.1,54.0
1061,1001.0,21.0,1.0,100.0,80.0,,2.0,1.175,669.8375,356209.9375,54.0
1062,1001.0,21.0,1.0,100.0,80.0,,3.0,0.4125,670.25,356880.1875,54.0
1063,1001.0,21.0,1.0,100.0,80.0,,4.0,0.9375,671.1875,357551.375,54.0
1064,1001.0,21.0,1.0,100.0,80.0,,5.0,1.0875,672.275,358223.65,54.0
1065,1001.0,21.0,1.0,100.0,80.0,,6.0,1.0625,673.3375,358896.9875,54.0
1066,1001.0,21.0,1.0,100.0,80.0,,7.0,0.9625,674.3,359571.2875,54.0
1067,1001.0,21.0,1.0,100.0,80.0,,8.0,0.5375,674.8375,360246.125,54.0
1068,1001.0,21.0,1.0,100.0,80.0,,9.0,0.1875,675.025,360921.15,54.0
1069,1001.0,21.0,1.0,100.0,80.0,,10.0,0.7875,675.8125,361596.9625,54.0
1070,1001.0,21.0,1.0,100.0,80.0,,11.0,0.9875,676.8,362273.7625,54.0
1071,1001.0,21.0,1.0,100.0,80.0,,12.0,0.6875,677.4875,362951.25,54.0
1072,1001.0,21.0,1.0,100.0,80.0,,13.0,0.55,678.0375,363629.2875,54.0
1073,1001.0,21.0,1.0,100.0,80.0,,14.0,0.4875,678.525,364307.8125,54.0
1074,1001.0,21.0,1.0,100.0,80.0,,15.0,0.225,678.75,364986.5625,54.0
1075,1001.0,21.0,1.0,100.0,80.0,,16.0,0.4,679.15,365665.7125,54.0
1076,1001.0,21.0,1.0,100.0,80.0,,17.0,1.05,680.2,366345.9125,54.0
1077,1001.0,21.0,1.0,100.0,80.0,,18.0,0.275,680.475,367026.3875,54.0
1078,1001.0,21.0,1.0,100.0,80.0,,19.0,0.0125,680.4875,367706.875,54.0
1079,1001.0,21.0,1.0,100.0,80.0,,20.0,0.2625,680.75,368387.625,54.0
1080,1001.0,21.0,1.0,100.0,80.0,,1.0,1.0375,681.7875,369069.4125,55.0
1081,1001.0,21.0,1.0,100.0,80.0,,2.0,0.7875,682.575,369751.9875,55.0
1082,1001.0,21.0,1.0,100.0,80.0,,3.0,0.5375,683.1125,370435.1,55.0
1083,1001.0,21.0,1.0,100.0,80.0,,4.0,0.1125,683.225,371118.325,55.0
1084,1001.0,21.0,1.0,100.0,80.0,,5.0,1.0875,684.3125,371802.6375,55.0
1085,1001.0,21.0,1.0,100.0,80.0,,6.0,0.7,685.0125,372487.65,55.0
1086,1001.0,21.0,1.0,100.0,80.0,,7.0,1.2,686.2125,373173.8625,55.0
1087,1001.0,21.0,1.0,100.0,80.0,,8.0,0.5375,686.75,373860.6125,55.0
1088,1001.0,21.0,1.0,100.0,80.0,,9.0,0.0125,686.7625,374547.375,55.0
1089,1001.0,21.0,1.0,100.0,80.0,,10.0,0.125,686.8875,375234.2625,55.0
1090,1001.0,21.0,1.0,100.0,80.0,,11.0,0.5875,687.475,375921.7375,55.0
1091,1001.0,21.0,1.0,100.0,80.0,,12.0,0.6125,688.0875,376609.825,55.0
1092,1001.0,21.0,1.0,100.0,80.0,,13.0,0.3125,688.4,377298.225,55.0
1093,1001.0,21.0,1.0,100.0,80.0,,14.0,0.425,688.825,377987.05,55.0
1094,1001.0,21.0,1.0,100.0,80.0,,15.0,1.025,689.85,378676.9,55.0
1095,1001.0,21.0,1.0,100.0,80.0,,16.0,0.6125,690.4625,379367.3625,55.0
1096,1001.0,21.0,1.0,100.0,80.0,,17.0,0.6625,691.125,380058.4875,55.0
1097,1001.0,21.0,1.0,100.0,80.0,,18.0,0.8875,692.0125,380750.5,55.0
1098,1001.0,21.0,1.0,100.0,80.0,,19.0,1.1125,693.125,381443.625,55.0
1099,1001.0,21.0,1.0,100.0,80.0,,20.0,0.35,693.475,382137.1,55.0
1100,1001.0,21.0,1.0,100.0,80.0,,1.0,0.3125,693.7875,382830.8875,56.0
1101,1001.0,21.0,1.0,100.0,80.0,,2.0,1.15,694.9375,383525.825,56.0
1102,1001.0,21.0,1.0,100.0,80.0,,3.0,0.6375,695.575,384221.4,56.0
1103,1001.0,21.0,1.0,100.0,80.0,,4.0,0.5625,696.1375,384917.5375,56.0
1104,1001.0,21.0,1.0,100.0,80.0,,5.0,0.7625,696.9,385614.4375,56.0
1105,1001.0,21.0,1.0,100.0,80.0,,6.0,0.2875,697.1875,386311.625,56.0
1106,1001.0,21.0,1.0,100.0,80.0,,7.0,0.7125,697.9,387009.525,56.0
1107,1001.0,21.0,1.0,100.0,80.0,,8.0,0.275,698.175,387707.7,56.0
1108,1001.0,21.0,1.0,100.0,80.0,,9.0,0.6875,698.8625,388406.5625,56.0
1109,1001.0,21.0,1.0,100.0,80.0,,10.0,0.65,699.5125,389106.075,56.0
1110,1001.0,21.0,1.0,100.0,80.0,,11.0,0.55,700.0625,389806.1375,56.0
1111,1001.0,21.0,1.0,100.0,80.0,,12.0,1.15,701.2125,390507.35,56.0
1112,1001.0,21.0,1.0,100.0,80.0,,13.0,0.1125,701.325,391208.675,56.0
1113,1001.0,21.0,1.0,100.0,80.0,,14.0,0.1875,701.5125,391910.1875,56.0
1114,1001.0,21.0,1.0,100.0,80.0,,15.0,0.275,701.7875,392611.975,56.0
1115,1001.0,21.0,1.0,100.0,80.0,,16.0,0.9,702.6875,393314.6625,56.0
1116,1001.0,21.0,1.0,100.0,80.0,,17.0,0.125,702.8125,394017.475,56.0
1117,1001.0,21.0,1.0,100.0,80.0,,18.0,0.275,703.0875,394720.5625,56.0
1118,1001.0,21.0,1.0,100.0,80.0,,19.0,0.6625,703.75,395424.3125,56.0
1119,1001.0,21.0,1.0,100.0,80.0,,20.0,0.5875,704.3375,396128.65,56.0
1120,1001.0,21.0,1.0,100.0,80.0,,1.0,0.3,704.6375,396833.2875,57.0
1121,1001.0,21.0,1.0,100.0,80.0,,2.0,0.5875,705.225,397538.5125,57.0
1122,1001.0,21.0,1.0,100.0,80.0,,3.0,0.925,706.15,398244.6625,57.0
1123,1001.0,21.0,1.0,100.0,80.0,,4.0,0.175,706.325,398950.9875,57.0
1124,1001.0,21.0,1.0,100.0,80.0,,5.0,0.925,707.25,399658.2375,57.0
1125,1001.0,21.0,1.0,100.0,80.0,,6.0,0.275,707.525,400365.7625,57.0
1126,1001.0,21.0,1.0,100.0,80.0,,7.0,1.15,708.675,401074.4375,57.0
1127,1001.0,21.0,1.0,100.0,80.0,,8.0,0.925,709.6,401784.0375,57.0
1128,1001.0,21.0,1.0,100.0,80.0,,9.0,1.2,710.8,402494.8375,57.0
1129,1001.0,21.0,1.0,100.0,80.0,,10.0,0.1,710.9,403205.7375,57.0
1130,1001.0,21.0,1.0,100.0,80.0,,11.0,0.4125,711.3125,403917.05,57.0
1131,1001.0,21.0,1.0,100.0,80.0,,12.0,0.3125,711.625,404628.675,57.0
1132,1001.0,21.0,1.0,100.0,80.0,,13.0,1.2,712.825,405341.5,57.0
1133,1001.0,21.0,1.0,100.0,80.0,,14.0,0.8,713.625,406055.125,57.0
1134,1001.0,21.0,1.0,100.0,80.0,,15.0,0.0875,713.7125,406768.8375,57.0
1135,1001.0,21.0,1.0,100.0,80.0,,16.0,0.9375,714.65,407483.4875,57.0
1136,1001.0,21.0,1.0,100.0,80.0,,17.0,0.125,714.775,408198.2625,57.0
1137,1001.0,21.0,1.0,100.0,80.0,,18.0,0.3875,715.1625,408913.425,57.0
1138,1001.0,21.0,1.0,100.0,80.0,,19.0,0.4,715.5625,409628.9875,57.0
1139,1001.0,21.0,1.0,100.0,80.0,,20.0,1.0125,716.575,410345.5625,57.0
1140,1001.0,21.0,1.0,100.0,80.0,,1.0,0.9375,717.5125,411063.075,58.0
1141,1001.0,21.0,1.0,100.0,80.0,,2.0,0.6125,718.125,411781.2,58.0
1142,1001.0,21.0,1.0,100.0,80.0,,3.0,0.975,719.1,412500.3,58.0
1143,1001.0,21.0,1.0,100.0,80.0,,4.0,0.9375,720.0375,413220.3375,58.0
1144,1001.0,21.0,1.0,100.0,80.0,,5.0,0.375,720.4125,413940.75,58.0
1145,1001.0,21.0,1.0,100.0,80.0,,6.0,0.3375,720.75,414661.5,58.0
1146,1001.0,21.0,1.0,100.0,80.0,,7.0,0.9875,721.7375,415383.2375,58.0
1147,1001.0,21.0,1.0,100.0,80.0,,8.0,0.45,722.1875,416105.425,58.0
1148,1001.0,21.0,1.0,100.0,80.0,,9.0,0.4,722.5875,416828.0125,58.0
1149,1001.0,21.0,1.0,100.0,80.0,,10.0,0.325,722.9125,417550.925,58.0
1150,1001.0,21.0,1.0,100.0,80.0,,11.0,0.525,723.4375,418274.3625,58.0
1151,1001.0,21.0,1.0,100.0,80.0,,12.0,1.1125,724.55,418998.9125,58.0
1152,1001.0,21.0,1.0,100.0,80.0,,13.0,0.8875,725.4375,419724.35,58.0
1153,1001.0,21.0,1.0,100.0,80.0,,14.0,0.7875,726.225,420450.575,58.0
1154,1001.0,21.0,1.0,100.0,80.0,,15.0,0.625,726.85,421177.425,58.0
1155,1001.0,21.0,1.0,100.0,80.0,,16.0,0.75,727.6,421905.025,58.0
1156,1001.0,21.0,1.0,100.0,80.0,,17.0,0.3125,727.9125,422632.9375,58.0
1157,1001.0,21.0,1.0,100.0,80.0,,18.0,0.9375,728.85,423361.7875,58.0
1158,1001.0,21.0,1.0,100.0,80.0,,19.0,0.325,729.175,424090.9625,58.0
1159,1001.0,21.0,1.0,100.0,80.0,,20.0,0.2375,729.4125,424820.375,58.0
1160,1001.0,21.0,1.0,100.0,80.0,,1.0,0.9375,730.35,425550.725,59.0
1161,1001.0,21.0,1.0,100.0,80.0,,2.0,1.1875,731.5375,426282.2625,59.0
1162,1001.0,21.0,1.0,100.0,80.0,,3.0,0.35,731.8875,427014.15,59.0
1163,1001.0,21.0,1.0,100.0,80.0,,4.0,0.95,732.8375,427746.9875,59.0
1164,1001.0,21.0,1.0,100.0,80.0,,5.0,0.425,733.2625,428480.25,59.0
1165,1001.0,21.0,1.0,100.0,80.0,,6.0,0.225,733.4875,429213.7375,59.0
1166,1001.0,21.0,1.0,100.0,80.0,,7.0,1.0,734.4875,429948.225,59.0
1167,1001.0,21.0,1.0,100.0,80.0,,8.0,1.1875,735.675,430683.9,59.0
1168,1001.0,21.0,1.0,100.0,80.0,,9.0,1.175,736.85,431420.75,59.0
1169,1001.0,21.0,1.0,100.0,80.0,,10.0,0.275,737.125,432157.875,59.0
1170,1001.0,21.0,1.0,100.0,80.0,,11.0,0.65,737.775,432895.65,59.0
1171,1001.0,21.0,1.0,100.0,80.0,,12.0,1.125,738.9,433634.55,59.0
1172,1001.0,21.0,1.0,100.0,80.0,,13.0,0.5625,739.4625,434374.0125,59.0
1173,1001.0,21.0,1.0,100.0,80.0,,14.0,1.025,740.4875,435114.5,59.0
1174,1001.0,21.0,1.0,100.0,80.0,,15.0,0.3625,740.85,435855.35,59.0
1175,1001.0,21.0,1.0,100.0,80.0,,16.0,0.25,741.1,436596.45,59.0
1176,1001.0,21.0,1.0,100.0,80.0,,17.0,0.125,741.225,437337.675,59.0
1177,1001.0,21.0,1.0,100.0,80.0,,18.0,0.6125,741.8375,438079.5125,59.0
1178,1001.0,21.0,1.0,100.0,80.0,,19.0,0.8875,742.725,438822.2375,59.0
1179,1001.0,21.0,1.0,100.0,80.0,,20.0,0.6875,743.4125,439565.65,59.0
1180,1001.0,21.0,1.0,100.0,80.0,,1.0,0.4125,743.825,440309.475,60.0
1181,1001.0,21.0,1.0,100.0,80.0,,2.0,0.575,744.4,441053.875,60.0
1182,1001.0,21.0,1.0,100.0,80.0,,3.0,0.3375,744.7375,441798.6125,60.0
1183,1001.0,21.0,1.0,100.0,80.0,,4.0,0.6,745.3375,442543.95,60.0
1184,1001.0,21.0,1.0,100.0,80.0,,5.0,0.4375,745.775,443289.725,60.0
1185,1001.0,21.0,1.0,100.0,80.0,,6.0,0.025,745.8,444035.525,60.0
1186,1001.0,21.0,1.0,100.0,80.0,,7.0,0.525,746.325,444781.85,60.0
1187,1001.0,21.0,1.0,100.0,80.0,,8.0,0.5125,746.8375,445528.6875,60.0
1188,1001.0,21.0,1.0,100.0,80.0,,9.0,0.8375,747.675,446276.3625,60.0
1189,1001.0,21.0,1.0,100.0,80.0,,10.0,0.7625,748.4375,447024.8,60.0
1190,1001.0,21.0,1.0,100.0,80.0,,11.0,0.5125,748.95,447773.75,60.0
1191,1001.0,21.0,1.0,100.0,80.0,,12.0,0.925,749.875,448523.625,60.0
1192,1001.0,21.0,1.0,100.0,80.0,,13.0,1.0125,750.8875,449274.5125,60.0
1193,1001.0,21.0,1.0,100.0,80.0,,14.0,0.1,750.9875,450025.5,60.0
1194,1001.0,21.0,1.0,100.0,80.0,,15.0,0.3375,751.325,450776.825,60.0
1195,1001.0,21.0,1.0,100.0,80.0,,16.0,0.1625,751.4875,451528.3125,60.0
1196,1001.0,21.0,1.0,100.0,80.0,,17.0,0.5625,752.05,452280.3625,60.0
1197,1001.0,21.0,1.0,100.0,80.0,,18.0,0.3875,752.4375,453032.8,60.0
1198,1001.0,21.0,1.0,100.0,80.0,,19.0,0.95,753.3875,453786.1875,60.0
1199,1001.0,21.0,1.0,100.0,80.0,,20.0,0.1125,753.5,454539.6875,60.0
1200,1001.0,21.0,1.0,100.0,80.0,,1.0,0.8125,754.3125,455294.0,61.0
1201,1001.0,21.0,1.0,100.0,80.0,,2.0,0.05,754.3625,456048.3625,61.0
1202,1001.0,21.0,1.0,100.0,80.0,,3.0,0.1375,754.5,456802.8625,61.0
1203,1001.0,21.0,1.0,100.0,80.0,,4.0,0.7875,755.2875,457558.15,61.0
1204,1001.0,21.0,1.0,100.0,80.0,,5.0,0.0375,755.325,458313.475,61.0
1205,1001.0,21.0,1.0,100.0,80.0,,6.0,1.0125,756.3375,459069.8125,61.0
1206,1001.0,21.0,1.0,100.0,80.0,,7.0,0.3625,756.7,459826.5125,61.0
1207,1001.0,21.0,1.0,100.0,80.0,,8.0,0.85,757.55,460584.0625,61.0
1208,1001.0,21.0,1.0,100.0,80.0,,9.0,0.7125,758.2625,461342.325,61.0
1209,1001.0,21.0,1.0,100.0,80.0,,10.0,0.2125,758.475,462100.8,61.0
1210,1001.0,21.0,1.0,100.0,80.0,,11.0,0.4,758.875,462859.675,61.0
1211,1001.0,21.0,1.0,100.0,80.0,,12.0,0.225,759.1,463618.775,61.0
1212,1001.0,21.0,1.0,100.0,80.0,,13.0,1.0,760.1,464378.875,61.0
1213,1001.0,21.0,1.0,100.0,80.0,,14.0,0.0125,760.1125,465138.9875,61.0
1214,1001.0,21.0,1.0,100.0,80.0,,15.0,0.6125,760.725,465899.7125,61.0
1215,1001.0,21.0,1.0,100.0,80.0,,16.0,0.025,760.75,466660.4625,61.0
1216,1001.0,21.0,1.0,100.0,80.0,,17.0,0.075,760.825,467421.2875,61.0
1217,1001.0,21.0,1.0,100.0,80.0,,18.0,0.9875,761.8125,468183.1,61.0
1218,1001.0,21.0,1.0,100.0,80.0,,19.0,0.4125,762.225,468945.325,61.0
1219,1001.0,21.0,1.0,100.0,80.0,,20.0,0.9625,763.1875,469708.5125,61.0
1220,1001.0,21.0,1.0,100.0,80.0,,1.0,1.1875,764.375,470472.8875,62.0
1221,1001.0,21.0,1.0,100.0,80.0,,2.0,0.4125,764.7875,471237.675,62.0
1222,1001.0,21.0,1.0,100.0,80.0,,3.0,0.3,765.0875,472002.7625,62.0
1223,1001.0,21.0,1.0,100.0,80.0,,4.0,0.7125,765.8,472768.5625,62.0
1224,1001.0,21.0,1.0,100.0,80.0,,5.0,1.225,767.025,473535.5875,62.0
1225,1001.0,21.0,1.0,100.0,80.0,,6.0,0.5625,767.5875,474303.175,62.0
1226,1001.0,21.0,1.0,100.0,80.0,,7.0,0.1625,767.75,475070.925,62.0
1227,1001.0,21.0,1.0,100.0,80.0,,8.0,0.05,767.8,475838.725,62.0
1228,1001.0,21.0,1.0,100.0,80.0,,9.0,0.4625,768.2625,476606.9875,62.0
1229,1001.0,21.0,1.0,100.0,80.0,,10.0,0.7625,769.025,477376.0125,62.0
1230,1001.0,21.0,1.0,100.0,80.0,,11.0,0.8875,769.9125,478145.925,62.0
1231,1001.0,21.0,1.0,100.0,80.0,,12.0,0.9625,770.875,478916.8,62.0
1232,1001.0,21.0,1.0,100.0,80.0,,13.0,0.2,771.075,479687.875,62.0
1233,1001.0,21.0,1.0,100.0,80.0,,14.0,0.325,771.4,480459.275,62.0
1234,1001.0,21.0,1.0,100.0,80.0,,15.0,0.0125,771.4125,481230.6875,62.0
1235,1001.0,21.0,1.0,100.0,80.0,,16.0,1.175,772.5875,482003.275,62.0
1236,1001.0,21.0,1.0,100.0,80.0,,17.0,0.45,773.0375,482776.3125,62.0
1237,1001.0,21.0,1.0,100.0,80.0,,18.0,0.25,773.2875,483549.6,62.0
1238,1001.0,21.0,1.0,100.0,80.0,,19.0,0.4375,773.725,484323.325,62.0
1239,1001.0,21.0,1.0,100.0,80.0,,20.0,0.9875,774.7125,485098.0375,62.0
1240,1001.0,21.0,1.0,100.0,80.0,,1.0,0.3625,775.075,485873.1125,63.0
1241,1001.0,21.0,1.0,100.0,80.0,,2.0,1.125,776.2,486649.3125,63.0
1242,1001.0,21.0,1.0,100.0,80.0,,3.0,0.2625,776.4625,487425.775,63.0
1243,1001.0,21.0,1.0,100.0,80.0,,4.0,0.95,777.4125,488203.1875,63.0
1244,1001.0,21.0,1.0,100.0,80.0,,5.0,0.9,778.3125,488981.5,63.0
1245,1001.0,21.0,1.0,100.0,80.0,,6.0,0.9375,779.25,489760.75,63.0
1246,1001.0,21.0,1.0,100.0,80.0,,7.0,1.2,780.45,490541.2,63.0
1247,1001.0,21.0,1.0,100.0,80.0,,8.0,0.6375,781.0875,491322.2875,63.0
1248,1001.0,21.0,1.0,100.0,80.0,,9.0,0.3125,781.4,492103.6875,63.0
1249,1001.0,21.0,1.0,100.0,80.0,,10.0,0.9,782.3,492885.9875,63.0
1250,1001.0,21.0,1.0,100.0,80.0,,11.0,1.1875,783.4875,493669.475,63.0
1251,1001.0,21.0,1.0,100.0,80.0,,12.0,0.45,783.9375,494453.4125,63.0
1252,1001.0,21.0,1.0,100.0,80.0,,13.0,1.05,784.9875,495238.4,63.0
1253,1001.0,21.0,1.0,100.0,80.0,,14.0,0.725,785.7125,496024.1125,63.0
1254,1001.0,21.0,1.0,100.0,80.0,,15.0,0.75,786.4625,496810.575,63.0
1255,1001.0,21.0,1.0,100.0,80.0,,16.0,0.9625,787.425,497598.0,63.0
1256,1001.0,21.0,1.0,100.0,80.0,,17.0,0.925,788.35,498386.35,63.0
1257,1001.0,21.0,1.0,100.0,80.0,,18.0,0.8,789.15,499175.5,63.0
1258,1001.0,21.0,1.0,100.0,80.0,,19.0,0.45,789.6,499965.1,63.0
1259,1001.0,21.0,1.0,100.0,80.0,,20.0,0.3875,789.9875,500755.0875,63.0
1260,1001.0,21.0,1.0,100.0,80.0,,1.0,1.15,791.1375,501546.225,64.0
1261,1001.0,21.0,1.0,100.0,80.0,,2.0,0.4125,791.55,502337.775,64.0
1262,1001.0,21.0,1.0,100.0,80.0,,3.0,0.95,792.5,503130.275,64.0
1263,1001.0,21.0,1.0,100.0,80.0,,4.0,0.2125,792.7125,503922.9875,64.0
1264,1001.0,21.0,1.0,100.0,80.0,,5.0,0.65,793.3625,504716.35,64.0
1265,1001.0,21.0,1.0,100.0,80.0,,6.0,0.4875,793.85,505510.2,64.0
1266,1001.0,21.0,1.0,100.0,80.0,,7.0,0.5625,794.4125,506304.6125,64.0
1267,1001.0,21.0,1.0,100.0,80.0,,8.0,0.75,795.1625,507099.775,64.0
1268,1001.0,21.0,1.0,100.0,80.0,,9.0,0.15,795.3125,507895.0875,64.0
1269,1001.0,21.0,1.0,100.0,80.0,,10.0,0.675,795.9875,508691.075,64.0
1270,1001.0,21.0,1.0,100.0,80.0,,11.0,0.325,796.3125,509487.3875,64.0
1271,1001.0,21.0,1.0,100.0,80.0,,12.0,0.95,797.2625,510284.65,64.0
1272,1001.0,21.0,1.0,100.0,80.0,,13.0,0.1875,797.45,511082.1,64.0
1273,1001.0,21.0,1.0,100.0,80.0,,14.0,0.4125,797.8625,511879.9625,64.0
1274,1001.0,21.0,1.0,100.0,80.0,,15.0,0.5125,798.375,512678.3375,64.0
1275,1001.0,21.0,1.0,100.0,80.0,,16.0,0.4125,798.7875,513477.125,64.0
1276,1001.0,21.0,1.0,100.0,80.0,,17.0,1.0125,799.8,514276.925,64.0
1277,1001.0,21.0,1.0,100.0,80.0,,18.0,0.4375,800.2375,515077.1625,64.0
1278,1001.0,21.0,1.0,100.0,80.0,,19.0,0.925,801.1625,515878.325,64.0
1279,1001.0,21.0,1.0,100.0,80.0,,20.0,0.9875,802.15,516680.475,64.0
1280,1001.0,21.0,1.0,100.0,80.0,,1.0,0.575,802.725,517483.2,65.0
1281,1001.0,21.0,1.0,100.0,80.0,,2.0,0.6875,803.4125,518286.6125,65.0
1282,1001.0,21.0,1.0,100.0,80.0,,3.0,0.7625,804.175,519090.7875,65.0
1283,1001.0,21.0,1.0,100.0,80.0,,4.0,1.05,805.225,519896.0125,65.0
1284,1001.0,21.0,1.0,100.0,80.0,,5.0,0.15,805.375,520701.3875,65.0
1285,1001.0,21.0,1.0,100.0,80.0,,6.0,1.1625,806.5375,521507.925,65.0
1286,1001.0,21.0,1.0,100.0,80.0,,7.0,0.4625,807.0,522314.925,65.0
1287,1001.0,21.0,1.0,100.0,80.0,,8.0,0.4125,807.4125,523122.3375,65.0
1288,1001.0,21.0,1.0,100.0,80.0,,9.0,0.625,808.0375,523930.375,65.0
1289,1001.0,21.0,1.0,100.0,80.0,,10.0,0.9,808.9375,524739.3125,65.0
1290,1001.0,21.0,1.0,100.0,80.0,,11.0,0.7125,809.65,525548.9625,65.0
1291,1001.0,21.0,1.0,100.0,80.0,,12.0,0.5,810.15,526359.1125,65.0
1292,1001.0,21.0,1.0,100.0,80.0,,13.0,0.4375,810.5875,527169.7,65.0
1293,1001.0,21.0,1.0,100.0,80.0,,14.0,0.9875,811.575,527981.275,65.0
1294,1001.0,21.0,1.0,100.0,80.0,,15.0,0.75,812.325,528793.6,65.0
1295,1001.0,21.0,1.0,100.0,80.0,,16.0,0.1,812.425,529606.025,65.0
1296,1001.0,21.0,1.0,100.0,80.0,,17.0,1.0375,813.4625,530419.4875,65.0
1297,1001.0,21.0,1.0,100.0,80.0,,18.0,0.525,813.9875,531233.475,65.0
1298,1001.0,21.0,1.0,100.0,80.0,,19.0,0.275,814.2625,532047.7375,65.0
1299,1001.0,21.0,1.0,100.0,80.0,,20.0,0.4375,814.7,532862.4375,65.0
1300,1001.0,21.0,1.0,100.0,80.0,,1.0,1.2,815.9,533678.3375,66.0
1301,1001.0,21.0,1.0,100.0,80.0,,2.0,0.9375,816.8375,534495.175,66.0
1302,1001.0,21.0,1.0,100.0,80.0,,3.0,0.3,817.1375,535312.3125,66.0
1303,1001.0,21.0,1.0,100.0,80.0,,4.0,0.75,817.8875,536130.2,66.0
1304,1001.0,21.0,1.0,100.0,80.0,,5.0,0.1875,818.075,536948.275,66.0
1305,1001.0,21.0,1.0,100.0,80.0,,6.0,1.075,819.15,537767.425,66.0
1306,1001.0,21.0,1.0,100.0,80.0,,7.0,0.5125,819.6625,538587.0875,66.0
1307,1001.0,21.0,1.0,100.0,80.0,,8.0,0.2,819.8625,539406.95,66.0
1308,1001.0,21.0,1.0,100.0,80.0,,9.0,1.2375,821.1,540228.05,66.0
1309,1001.0,21.0,1.0,100.0,80.0,,10.0,0.725,821.825,541049.875,66.0
1310,1001.0,21.0,1.0,100.0,80.0,,11.0,0.0375,821.8625,541871.7375,66.0
1311,1001.0,21.0,1.0,100.0,80.0,,12.0,0.1375,822.0,542693.7375,66.0
1312,1001.0,21.0,1.0,100.0,80.0,,13.0,0.725,822.725,543516.4625,66.0
1313,1001.0,21.0,1.0,100.0,80.0,,14.0,0.3625,823.0875,544339.55,66.0
1314,1001.0,21.0,1.0,100.0,80.0,,15.0,0.475,823.5625,545163.1125,66.0
1315,1001.0,21.0,1.0,100.0,80.0,,16.0,0.45,824.0125,545987.125,66.0
1316,1001.0,21.0,1.0,100.0,80.0,,17.0,1.1125,825.125,546812.25,66.0
1317,1001.0,21.0,1.0,100.0,80.0,,18.0,0.25,825.375,547637.625,66.0
1318,1001.0,21.0,1.0,100.0,80.0,,19.0,0.65,826.025,548463.65,66.0
1319,1001.0,21.0,1.0,100.0,80.0,,20.0,0.5125,826.5375,549290.1875,66.0
1320,1001.0,21.0,1.0,100.0,80.0,,1.0,0.55,827.0875,550117.275,67.0
1321,1001.0,21.0,1.0,100.0,80.0,,2.0,0.5375,827.625,550944.9,67.0
1322,1001.0,21.0,1.0,100.0,80.0,,3.0,0.9875,828.6125,551773.5125,67.0
1323,1001.0,21.0,1.0,100.0,80.0,,4.0,0.7,829.3125,552602.825,67.0
1324,1001.0,21.0,1.0,100.0,80.0,,5.0,0.7125,830.025,553432.85,67.0
1325,1001.0,21.0,1.0,100.0,80.0,,6.0,1.0125,831.0375,554263.8875,67.0
1326,1001.0,21.0,1.0,100.0,80.0,,7.0,0.1625,831.2,555095.0875,67.0
1327,1001.0,21.0,1.0,100.0,80.0,,8.0,0.15,831.35,555926.4375,67.0
1328,1001.0,21.0,1.0,100.0,80.0,,9.0,0.75,832.1,556758.5375,67.0
1329,1001.0,21.0,1.0,100.0,80.0,,10.0,0.125,832.225,557590.7625,67.0
1330,1001.0,21.0,1.0,100.0,80.0,,11.0,0.3875,832.6125,558423.375,67.0
1331,1001.0,21.0,1.0,100.0,80.0,,12.0,1.15,833.7625,559257.1375,67.0
1332,1001.0,21.0,1.0,100.0,80.0,,13.0,0.2375,834.0,560091.1375,67.0
1333,1001.0,21.0,1.0,100.0,80.0,,14.0,1.1875,835.1875,560926.325,67.0
1334,1001.0,21.0,1.0,100.0,80.0,,15.0,1.15,836.3375,561762.6625,67.0
1335,1001.0,21.0,1.0,100.0,80.0,,16.0,1.05,837.3875,562600.05,67.0
1336,1001.0,21.0,1.0,100.0,80.0,,17.0,0.325,837.7125,563437.7625,67.0
1337,1001.0,21.0,1.0,100.0,80.0,,18.0,0.0375,837.75,564275.5125,67.0
1338,1001.0,21.0,1.0,100.0,80.0,,19.0,0.125,837.875,565113.3875,67.0
1339,1001.0,21.0,1.0,100.0,80.0,,20.0,0.2625,838.1375,565951.525,67.0
1340,1001.0,21.0,1.0,100.0,80.0,,1.0,0.8375,838.975,566790.5,68.0
1341,1001.0,21.0,1.0,100.0,80.0,,2.0,0.35,839.325,567629.825,68.0
1342,1001.0,21.0,1.0,100.0,80.0,,3.0,0.4,839.725,568469.55,68.0
1343,1001.0,21.0,1.0,100.0,80.0,,4.0,0.1,839.825,569309.375,68.0
1344,1001.0,21.0,1.0,100.0,80.0,,5.0,1.0375,840.8625,570150.2375,68.0
1345,1001.0,21.0,1.0,100.0,80.0,,6.0,0.6875,841.55,570991.7875,68.0
1346,1001.0,21.0,1.0,100.0,80.0,,7.0,0.3875,841.9375,571833.725,68.0
1347,1001.0,21.0,1.0,100.0,80.0,,8.0,0.375,842.3125,572676.0375,68.0
1348,1001.0,21.0,1.0,100.0,80.0,,9.0,0.3125,842.625,573518.6625,68.0
1349,1001.0,21.0,1.0,100.0,80.0,,10.0,0.875,843.5,574362.1625,68.0
1350,1001.0,21.0,1.0,100.0,80.0,,11.0,0.7625,844.2625,575206.425,68.0
1351,1001.0,21.0,1.0,100.0,80.0,,12.0,0.425,844.6875,576051.1125,68.0
1352,1001.0,21.0,1.0,100.0,80.0,,13.0,1.1125,845.8,576896.9125,68.0
1353,1001.0,21.0,1.0,100.0,80.0,,14.0,0.9625,846.7625,577743.675,68.0
1354,1001.0,21.0,1.0,100.0,80.0,,15.0,0.2125,846.975,578590.65,68.0
1355,1001.0,21.0,1.0,100.0,80.0,,16.0,0.925,847.9,579438.55,68.0
1356,1001.0,21.0,1.0,100.0,80.0,,17.0,0.875,848.775,580287.325,68.0
1357,1001.0,21.0,1.0,100.0,80.0,,18.0,0.1625,848.9375,581136.2625,68.0
1358,1001.0,21.0,1.0,100.0,80.0,,19.0,0.2125,849.15,581985.4125,68.0
1359,1001.0,21.0,1.0,100.0,80.0,,20.0,0.5,849.65,582835.0625,68.0
1360,1001.0,21.0,1.0,100.0,80.0,,1.0,0.55,850.2,583685.2625,69.0
1361,1001.0,21.0,1.0,100.0,80.0,,2.0,1.1875,851.3875,584536.65,69.0
1362,1001.0,21.0,1.0,100.0,80.0,,3.0,0.1625,851.55,585388.2,69.0
1363,1001.0,21.0,1.0,100.0,80.0,,4.0,0.175,851.725,586239.925,69.0
1364,1001.0,21.0,1.0,100.0,80.0,,5.0,0.8375,852.5625,587092.4875,69.0
1365,1001.0,21.0,1.0,100.0,80.0,,6.0,0.4625,853.025,587945.5125,69.0
1366,1001.0,21.0,1.0,100.0,80.0,,7.0,0.3625,853.3875,588798.9,69.0
1367,1001.0,21.0,1.0,100.0,80.0,,8.0,1.0875,854.475,589653.375,69.0
1368,1001.0,21.0,1.0,100.0,80.0,,9.0,1.225,855.7,590509.075,69.0
1369,1001.0,21.0,1.0,100.0,80.0,,10.0,0.2,855.9,591364.975,69.0
1370,1001.0,21.0,1.0,100.0,80.0,,11.0,0.775,856.675,592221.65,69.0
1371,1001.0,21.0,1.0,100.0,80.0,,12.0,0.3875,857.0625,593078.7125,69.0
1372,1001.0,21.0,1.0,100.0,80.0,,13.0,0.85,857.9125,593936.625,69.0
1373,1001.0,21.0,1.0,100.0,80.0,,14.0,0.7875,858.7,594795.325,69.0
1374,1001.0,21.0,1.0,100.0,80.0,,15.0,0.0875,858.7875,595654.1125,69.0
1375,1001.0,21.0,1.0,100.0,80.0,,16.0,0.0125,858.8,596512.9125,69.0
1376,1001.0,21.0,1.0,100.0,80.0,,17.0,0.9625,859.7625,597372.675,69.0
1377,1001.0,21.0,1.0,100.0,80.0,,18.0,1.1,860.8625,598233.5375,69.0
1378,1001.0,21.0,1.0,100.0,80.0,,19.0,0.375,861.2375,599094.775,69.0
1379,1001.0,21.0,1.0,100.0,80.0,,20.0,0.6,861.8375,599956.6125,69.0
1380,1001.0,21.0,1.0,100.0,80.0,,1.0,0.825,862.6625,600819.275,70.0
1381,1001.0,21.0,1.0,100.0,80.0,,2.0,1.2125,863.875,601683.15,70.0
1382,1001.0,21.0,1.0,100.0,80.0,,3.0,0.7125,864.5875,602547.7375,70.0
1383,1001.0,21.0,1.0,100.0,80.0,,4.0,0.75,865.3375,603413.075,70.0
1384,1001.0,21.0,1.0,100.0,80.0,,5.0,1.0625,866.4,604279.475,70.0
1385,1001.0,21.0,1.0,100.0,80.0,,6.0,0.15,866.55,605146.025,70.0
1386,1001.0,21.0,1.0,100.0,80.0,,7.0,0.4125,866.9625,606012.9875,70.0
1387,1001.0,21.0,1.0,100.0,80.0,,8.0,0.6125,867.575,606880.5625,70.0
1388,1001.0,21.0,1.0,100.0,80.0,,9.0,0.7125,868.2875,607748.85,70.0
1389,1001.0,21.0,1.0,100.0,80.0,,10.0,0.7125,869.0,608617.85,70.0
1390,1001.0,21.0,1.0,100.0,80.0,,11.0,0.9,869.9,609487.75,70.0
1391,1001.0,21.0,1.0,100.0,80.0,,12.0,1.225,871.125,610358.875,70.0
1392,1001.0,21.0,1.0,100.0,80.0,,13.0,1.0,872.125,611231.0,70.0
1393,1001.0,21.0,1.0,100.0,80.0,,14.0,0.4625,872.5875,612103.5875,70.0
1394,1001.0,21.0,1.0,100.0,80.0,,15.0,0.0375,872.625,612976.2125,70.0
1395,1001.0,21.0,1.0,100.0,80.0,,16.0,0.125,872.75,613848.9625,70.0
1396,1001.0,21.0,1.0,100.0,80.0,,17.0,0.1875,872.9375,614721.9,70.0
1397,1001.0,21.0,1.0,100.0,80.0,,18.0,1.15,874.0875,615595.9875,70.0
1398,1001.0,21.0,1.0,100.0,80.0,,19.0,0.175,874.2625,616470.25,70.0
1399,1001.0,21.0,1.0,100.0,80.0,,20.0,1.175,875.4375,617345.6875,70.0
1400,1001.0,21.0,1.0,100.0,80.0,,1.0,1.225,876.6625,618222.35,71.0
1401,1001.0,21.0,1.0,100.0,80.0,,2.0,0.9,877.5625,619099.9125,71.0
1402,1001.0,21.0,1.0,100.0,80.0,,3.0,0.925,878.4875,619978.4,71.0
1403,1001.0,21.0,1.0,100.0,80.0,,4.0,0.025,878.5125,620856.9125,71.0
1404,1001.0,21.0,1.0,100.0,80.0,,5.0,0.4875,879.0,621735.9125,71.0
1405,1001.0,21.0,1.0,100.0,80.0,,6.0,0.5625,879.5625,622615.475,71.0
1406,1001.0,21.0,1.0,100.0,80.0,,7.0,0.1375,879.7,623495.175,71.0
1407,1001.0,21.0,1.0,100.0,80.0,,8.0,0.9375,880.6375,624375.8125,71.0
1408,1001.0,21.0,1.0,100.0,80.0,,9.0,0.8,881.4375,625257.25,71.0
1409,1001.0,21.0,1.0,100.0,80.0,,10.0,0.725,882.1625,626139.4125,71.0
1410,1001.0,21.0,1.0,100.0,80.0,,11.0,0.5625,882.725,627022.1375,71.0
1411,1001.0,21.0,1.0,100.0,80.0,,12.0,0.45,883.175,627905.3125,71.0
1412,1001.0,21.0,1.0,100.0,80.0,,13.0,0.8375,884.0125,628789.325,71.0
1413,1001.0,21.0,1.0,100.0,80.0,,14.0,0.8875,884.9,629674.225,71.0
1414,1001.0,21.0,1.0,100.0,80.0,,15.0,0.1875,885.0875,630559.3125,71.0
1415,1001.0,21.0,1.0,100.0,80.0,,16.0,0.3375,885.425,631444.7375,71.0
1416,1001.0,21.0,1.0,100.0,80.0,,17.0,0.125,885.55,632330.2875,71.0
1417,1001.0,21.0,1.0,100.0,80.0,,18.0,1.1125,886.6625,633216.95,71.0
1418,1001.0,21.0,1.0,100.0,80.0,,19.0,0.1,886.7625,634103.7125,71.0
1419,1001.0,21.0,1.0,100.0,80.0,,20.0,0.15,886.9125,634990.625,71.0
1420,1001.0,21.0,1.0,100.0,80.0,,1.0,0.625,887.5375,635878.1625,72.0
1421,1001.0,21.0,1.0,100.0,80.0,,2.0,0.475,888.0125,636766.175,72.0
1422,1001.0,21.0,1.0,100.0,80.0,,3.0,0.9375,888.95,637655.125,72.0
1423,1001.0,21.0,1.0,100.0,80.0,,4.0,0.0625,889.0125,638544.1375,72.0
1424,1001.0,21.0,1.0,100.0,80.0,,5.0,0.5125,889.525,639433.6625,72.0
1425,1001.0,21.0,1.0,100.0,80.0,,6.0,1.0875,890.6125,640324.275,72.0
1426,1001.0,21.0,1.0,100.0,80.0,,7.0,1.0875,891.7,641215.975,72.0
1427,1001.0,21.0,1.0,100.0,80.0,,8.0,0.025,891.725,642107.7,72.0
1428,1001.0,21.0,1.0,100.0,80.0,,9.0,1.05,892.775,643000.475,72.0
1429,1001.0,21.0,1.0,100.0,80.0,,10.0,0.725,893.5,643893.975,72.0
1430,1001.0,21.0,1.0,100.0,80.0,,11.0,0.725,894.225,644788.2,72.0
1431,1001.0,21.0,1.0,100.0,80.0,,12.0,1.225,895.45,645683.65,72.0
1432,1001.0,21.0,1.0,100.0,80.0,,13.0,0.15,895.6,646579.25,72.0
1433,1001.0,21.0,1.0,100.0,80.0,,14.0,1.1375,896.7375,647475.9875,72.0
1434,1001.0,21.0,1.0,100.0,80.0,,15.0,0.1375,896.875,648372.8625,72.0
1435,1001.0,21.0,1.0,100.0,80.0,,16.0,0.0625,896.9375,649269.8,72.0
1436,1001.0,21.0,1.0,100.0,80.0,,17.0,0.05,896.9875,650166.7875,72.0
1437,1001.0,21.0,1.0,100.0,80.0,,18.0,0.475,897.4625,651064.25,72.0
1438,1001.0,21.0,1.0,100.0,80.0,,19.0,0.975,898.4375,651962.6875,72.0
1439,1001.0,21.0,1.0,100.0,80.0,,20.0,0.1625,898.6,652861.2875,72.0
1440,1001.0,21.0,1.0,100.0,80.0,,1.0,0.2875,898.8875,653760.175,73.0
1441,1001.0,21.0,1.0,100.0,80.0,,2.0,0.575,899.4625,654659.6375,73.0
1442,1001.0,21.0,1.0,100.0,80.0,,3.0,0.2625,899.725,655559.3625,73.0
1443,1001.0,21.0,1.0,100.0,80.0,,4.0,0.2875,900.0125,656459.375,73.0
1444,1001.0,21.0,1.0,100.0,80.0,,5.0,0.0625,900.075,657359.45,73.0
1445,1001.0,21.0,1.0,100.0,80.0,,6.0,1.125,901.2,658260.65,73.0
1446,1001.0,21.0,1.0,100.0,80.0,,7.0,0.8625,902.0625,659162.7125,73.0
1447,1001.0,21.0,1.0,100.0,80.0,,8.0,0.8,902.8625,660065.575,73.0
1448,1001.0,21.0,1.0,100.0,80.0,,9.0,0.2125,903.075,660968.65,73.0
1449,1001.0,21.0,1.0,100.0,80.0,,10.0,0.1625,903.2375,661871.8875,73.0
1450,1001.0,21.0,1.0,100.0,80.0,,11.0,1.1,904.3375,662776.225,73.0
1451,1001.0,21.0,1.0,100.0,80.0,,12.0,0.65,904.9875,663681.2125,73.0
1452,1001.0,21.0,1.0,100.0,80.0,,13.0,0.8125,905.8,664587.0125,73.0
1453,1001.0,21.0,1.0,100.0,80.0,,14.0,1.0,906.8,665493.8125,73.0
1454,1001.0,21.0,1.0,100.0,80.0,,15.0,0.2125,907.0125,666400.825,73.0
1455,1001.0,21.0,1.0,100.0,80.0,,16.0,0.8,907.8125,667308.6375,73.0
1456,1001.0,21.0,1.0,100.0,80.0,,17.0,1.2125,909.025,668217.6625,73.0
1457,1001.0,21.0,1.0,100.0,80.0,,18.0,0.2,909.225,669126.8875,73.0
1458,1001.0,21.0,1.0,100.0,80.0,,19.0,0.2875,909.5125,670036.4,73.0
1459,1001.0,21.0,1.0,100.0,80.0,,20.0,0.3875,909.9,670946.3,73.0
1460,1001.0,21.0,1.0,100.0,80.0,,1.0,0.475,910.375,671856.675,74.0
1461,1001.0,21.0,1.0,100.0,80.0,,2.0,0.675,911.05,672767.725,74.0
1462,1001.0,21.0,1.0,100.0,80.0,,3.0,0.275,911.325,673679.05,74.0
1463,1001.0,21.0,1.0,100.0,80.0,,4.0,0.9,912.225,674591.275,74.0
1464,1001.0,21.0,1.0,100.0,80.0,,5.0,1.2375,913.4625,675504.7375,74.0
1465,1001.0,21.0,1.0,100.0,80.0,,6.0,0.4125,913.875,676418.6125,74.0
1466,1001.0,21.0,1.0,100.0,80.0,,7.0,0.5375,914.4125,677333.025,74.0
1467,1001.0,21.0,1.0,100.0,80.0,,8.0,0.525,914.9375,678247.9625,74.0
1468,1001.0,21.0,1.0,100.0,80.0,,9.0,0.5125,915.45,679163.4125,74.0
1469,1001.0,21.0,1.0,100.0,80.0,,10.0,0.25,915.7,680079.1125,74.0
1470,1001.0,21.0,1.0,100.0,80.0,,11.0,0.7,916.4,680995.5125,74.0
1471,1001.0,21.0,1.0,100.0,80.0,,12.0,0.125,916.525,681912.0375,74.0
1472,1001.0,21.0,1.0,100.0,80.0,,13.0,1.175,917.7,682829.7375,74.0
1473,1001.0,21.0,1.0,100.0,80.0,,14.0,1.0,918.7,683748.4375,74.0
1474,1001.0,21.0,1.0,100.0,80.0,,15.0,0.8625,919.5625,684668.0,74.0
1475,1001.0,21.0,1.0,100.0,80.0,,16.0,0.7625,920.325,685588.325,74.0
1476,1001.0,21.0,1.0,100.0,80.0,,17.0,1.1625,921.4875,686509.8125,74.0
1477,1001.0,21.0,1.0,100.0,80.0,,18.0,0.2375,921.725,687431.5375,74.0
1478,1001.0,21.0,1.0,100.0,80.0,,19.0,0.1,921.825,688353.3625,74.0
1479,1001.0,21.0,1.0,100.0,80.0,,20.0,1.0125,922.8375,689276.2,74.0
1480,1001.0,21.0,1.0,100.0,80.0,,1.0,1.2125,924.05,690200.25,75.0
1481,1001.0,21.0,1.0,100.0,80.0,,2.0,1.0625,925.1125,691125.3625,75.0
1482,1001.0,21.0,1.0,100.0,80.0,,3.0,0.725,925.8375,692051.2,75.0
1483,1001.0,21.0,1.0,100.0,80.0,,4.0,1.0875,926.925,692978.125,75.0
1484,1001.0,21.0,1.0,100.0,80.0,,5.0,0.825,927.75,693905.875,75.0
1485,1001.0,21.0,1.0,100.0,80.0,,6.0,0.5,928.25,694834.125,75.0
1486,1001.0,21.0,1.0,100.0,80.0,,7.0,0.125,928.375,695762.5,75.0
1487,1001.0,21.0,1.0,100.0,80.0,,8.0,0.9125,929.2875,696691.7875,75.0
1488,1001.0,21.0,1.0,100.0,80.0,,9.0,0.3125,929.6,697621.3875,75.0
1489,1001.0,21.0,1.0,100.0,80.0,,10.0,1.2125,930.8125,698552.2,75.0
1490,1001.0,21.0,1.0,100.0,80.0,,11.0,0.35,931.1625,699483.3625,75.0
1491,1001.0,21.0,1.0,100.0,80.0,,12.0,0.7875,931.95,700415.3125,75.0
1492,1001.0,21.0,1.0,100.0,80.0,,13.0,1.1125,933.0625,701348.375,75.0
1493,1001.0,21.0,1.0,100.0,80.0,,14.0,1.0875,934.15,702282.525,75.0
1494,1001.0,21.0,1.0,100.0,80.0,,15.0,1.1125,935.2625,703217.7875,75.0
1495,1001.0,21.0,1.0,100.0,80.0,,16.0,0.5125,935.775,704153.5625,75.0
1496,1001.0,21.0,1.0,100.0,80.0,,17.0,0.4,936.175,705089.7375,75.0
1497,1001.0,21.0,1.0,100.0,80.0,,18.0,0.1125,936.2875,706026.025,75.0
1498,1001.0,21.0,1.0,100.0,80.0,,19.0,0.8125,937.1,706963.125,75.0
1499,1001.0,21.0,1.0,100.0,80.0,,20.0,0.525,937.625,707900.75,75.0
1500,1001.0,21.0,1.0,100.0,80.0,,1.0,0.45,938.075,708838.825,76.0
1501,1001.0,21.0,1.0,100.0,80.0,,2.0,0.4625,938.5375,709777.3625,76.0
1502,1001.0,21.0,1.0,100.0,80.0,,3.0,0.4375,938.975,710716.3375,76.0
1503,1001.0,21.0,1.0,100.0,80.0,,4.0,0.1375,939.1125,711655.45,76.0
1504,1001.0,21.0,1.0,100.0,80.0,,5.0,0.4,939.5125,712594.9625,76.0
1505,1001.0,21.0,1.0,100.0,80.0,,6.0,1.15,940.6625,713535.625,76.0
1506,1001.0,21.0,1.0,100.0,80.0,,7.0,0.275,940.9375,714476.5625,76.0
1507,1001.0,21.0,1.0,100.0,80.0,,8.0,0.0625,941.0,715417.5625,76.0
1508,1001.0,21.0,1.0,100.0,80.0,,9.0,0.1,941.1,716358.6625,76.0
1509,1001.0,21.0,1.0,100.0,80.0,,10.0,1.1875,942.2875,717300.95,76.0
1510,1001.0,21.0,1.0,100.0,80.0,,11.0,0.525,942.8125,718243.7625,76.0
1511,1001.0,21.0,1.0,100.0,80.0,,12.0,1.0375,943.85,719187.6125,76.0
1512,1001.0,21.0,1.0,100.0,80.0,,13.0,0.6875,944.5375,720132.15,76.0
1513,1001.0,21.0,1.0,100.0,80.0,,14.0,0.05,944.5875,721076.7375,76.0
1514,1001.0,21.0,1.0,100.0,80.0,,15.0,0.1125,944.7,722021.4375,76.0
1515,1001.0,21.0,1.0,100.0,80.0,,16.0,1.175,945.875,722967.3125,76.0
1516,1001.0,21.0,1.0,100.0,80.0,,17.0,0.225,946.1,723913.4125,76.0
1517,1001.0,21.0,1.0,100.0,80.0,,18.0,0.3625,946.4625,724859.875,76.0
1518,1001.0,21.0,1.0,100.0,80.0,,19.0,0.0375,946.5,725806.375,76.0
1519,1001.0,21.0,1.0,100.0,80.0,,20.0,1.2125,947.7125,726754.0875,76.0
1520,1001.0,21.0,1.0,100.0,80.0,,1.0,0.4,948.1125,727702.2,77.0
1521,1001.0,21.0,1.0,100.0,80.0,,2.0,0.8,948.9125,728651.1125,77.0
1522,1001.0,21.0,1.0,100.0,80.0,,3.0,1.0375,949.95,729601.0625,77.0
1523,1001.0,21.0,1.0,100.0,80.0,,4.0,0.425,950.375,730551.4375,77.0
1524,1001.0,21.0,1.0,100.0,80.0,,5.0,0.3625,950.7375,731502.175,77.0
1525,1001.0,21.0,1.0,100.0,80.0,,6.0,1.05,951.7875,732453.9625,77.0
1526,1001.0,21.0,1.0,100.0,80.0,,7.0,0.2875,952.075,733406.0375,77.0
1527,1001.0,21.0,1.0,100.0,80.0,,8.0,0.75,952.825,734358.8625,77.0
1528,1001.0,21.0,1.0,100.0,80.0,,9.0,0.6375,953.4625,735312.325,77.0
1529,1001.0,21.0,1.0,100.0,80.0,,10.0,0.475,953.9375,736266.2625,77.0
1530,1001.0,21.0,1.0,100.0,80.0,,11.0,1.225,955.1625,737221.425,77.0
1531,1001.0,21.0,1.0,100.0,80.0,,12.0,1.1625,956.325,738177.75,77.0
1532,1001.0,21.0,1.0,100.0,80.0,,13.0,0.65,956.975,739134.725,77.0
1533,1001.0,21.0,1.0,100.0,80.0,,14.0,0.2375,957.2125,740091.9375,77.0
1534,1001.0,21.0,1.0,100.0,80.0,,15.0,0.475,957.6875,741049.625,77.0
1535,1001.0,21.0,1.0,100.0,80.0,,16.0,0.4,958.0875,742007.7125,77.0
1536,1001.0,21.0,1.0,100.0,80.0,,17.0,0.3625,958.45,742966.1625,77.0
1537,1001.0,21.0,1.0,100.0,80.0,,18.0,0.925,959.375,743925.5375,77.0
1538,1001.0,21.0,1.0,100.0,80.0,,19.0,1.2375,960.6125,744886.15,77.0
1539,1001.0,21.0,1.0,100.0,80.0,,20.0,0.5625,961.175,745847.325,77.0
1540,1001.0,21.0,1.0,100.0,80.0,,1.0,1.15,962.325,746809.65,78.0
1541,1001.0,21.0,1.0,100.0,80.0,,2.0,0.9625,963.2875,747772.9375,78.0
1542,1001.0,21.0,1.0,100.0,80.0,,3.0,1.1625,964.45,748737.3875,78.0
1543,1001.0,21.0,1.0,100.0,80.0,,4.0,0.4125,964.8625,749702.25,78.0
1544,1001.0,21.0,1.0,100.0,80.0,,5.0,1.125,965.9875,750668.2375,78.0
1545,1001.0,21.0,1.0,100.0,80.0,,6.0,0.6125,966.6,751634.8375,78.0
1546,1001.0,21.0,1.0,100.0,80.0,,7.0,0.9625,967.5625,752602.4,78.0
1547,1001.0,21.0,1.0,100.0,80.0,,8.0,0.2375,967.8,753570.2,78.0
1548,1001.0,21.0,1.0,100.0,80.0,,9.0,0.0625,967.8625,754538.0625,78.0
1549,1001.0,21.0,1.0,100.0,80.0,,10.0,0.8625,968.725,755506.7875,78.0
1550,1001.0,21.0,1.0,100.0,80.0,,11.0,0.2875,969.0125,756475.8,78.0
1551,1001.0,21.0,1.0,100.0,80.0,,12.0,0.5375,969.55,757445.35,78.0
1552,1001.0,21.0,1.0,100.0,80.0,,13.0,0.775,970.325,758415.675,78.0
1553,1001.0,21.0,1.0,100.0,80.0,,14.0,0.0125,970.3375,759386.0125,78.0
1554,1001.0,21.0,1.0,100.0,80.0,,15.0,0.8875,971.225,760357.2375,78.0
1555,1001.0,21.0,1.0,100.0,80.0,,16.0,1.1875,972.4125,761329.65,78.0
1556,1001.0,21.0,1.0,100.0,80.0,,17.0,0.3875,972.8,762302.45,78.0
1557,1001.0,21.0,1.0,100.0,80.0,,18.0,0.4875,973.2875,763275.7375,78.0
1558,1001.0,21.0,1.0,100.0,80.0,,19.0,0.3875,973.675,764249.4125,78.0
1559,1001.0,21.0,1.0,100.0,80.0,,20.0,0.5125,974.1875,765223.6,78.0
1560,1001.0,21.0,1.0,100.0,80.0,,1.0,0.8375,975.025,766198.625,79.0
1561,1001.0,21.0,1.0,100.0,80.0,,2.0,1.0,976.025,767174.65,79.0
1562,1001.0,21.0,1.0,100.0,80.0,,3.0,0.45,976.475,768151.125,79.0
1563,1001.0,21.0,1.0,100.0,80.0,,4.0,1.2,977.675,769128.8,79.0
1564,1001.0,21.0,1.0,100.0,80.0,,5.0,1.2,978.875,770107.675,79.0
1565,1001.0,21.0,1.0,100.0,80.0,,6.0,0.6625,979.5375,771087.2125,79.0
1566,1001.0,21.0,1.0,100.0,80.0,,7.0,0.4,979.9375,772067.15,79.0
1567,1001.0,21.0,1.0,100.0,80.0,,8.0,0.9625,980.9,773048.05,79.0
1568,1001.0,21.0,1.0,100.0,80.0,,9.0,1.0375,981.9375,774029.9875,79.0
1569,1001.0,21.0,1.0,100.0,80.0,,10.0,0.25,982.1875,775012.175,79.0
1570,1001.0,21.0,1.0,100.0,80.0,,11.0,0.6125,982.8,775994.975,79.0
1571,1001.0,21.0,1.0,100.0,80.0,,12.0,1.1875,983.9875,776978.9625,79.0
1572,1001.0,21.0,1.0,100.0,80.0,,13.0,0.7,984.6875,777963.65,79.0
1573,1001.0,21.0,1.0,100.0,80.0,,14.0,0.55,985.2375,778948.8875,79.0
1574,1001.0,21.0,1.0,100.0,80.0,,15.0,1.125,986.3625,779935.25,79.0
1575,1001.0,21.0,1.0,100.0,80.0,,16.0,0.7375,987.1,780922.35,79.0
1576,1001.0,21.0,1.0,100.0,80.0,,17.0,0.175,987.275,781909.625,79.0
1577,1001.0,21.0,1.0,100.0,80.0,,18.0,0.3875,987.6625,782897.2875,79.0
1578,1001.0,21.0,1.0,100.0,80.0,,19.0,0.7375,988.4,783885.6875,79.0
1579,1001.0,21.0,1.0,100.0,80.0,,20.0,1.075,989.475,784875.1625,79.0
1580,1001.0,21.0,1.0,100.0,80.0,,1.0,1.125,990.6,785865.7625,80.0
1581,1001.0,21.0,1.0,100.0,80.0,,2.0,0.275,990.875,786856.6375,80.0
1582,1001.0,21.0,1.0,100.0,80.0,,3.0,0.1125,990.9875,787847.625,80.0
1583,1001.0,21.0,1.0,100.0,80.0,,4.0,0.0375,991.025,788838.65,80.0
1584,1001.0,21.0,1.0,100.0,80.0,,5.0,0.45,991.475,789830.125,80.0
1585,1001.0,21.0,1.0,100.0,80.0,,6.0,0.675,992.15,790822.275,80.0
1586,1001.0,21.0,1.0,100.0,80.0,,7.0,0.7,992.85,791815.125,80.0
1587,1001.0,21.0,1.0,100.0,80.0,,8.0,0.6125,993.4625,792808.5875,80.0
1588,1001.0,21.0,1.0,100.0,80.0,,9.0,0.875,994.3375,793802.925,80.0
1589,1001.0,21.0,1.0,100.0,80.0,,10.0,0.45,994.7875,794797.7125,80.0
1590,1001.0,21.0,1.0,100.0,80.0,,11.0,0.9375,995.725,795793.4375,80.0
1591,1001.0,21.0,1.0,100.0,80.0,,12.0,0.9,996.625,796790.0625,80.0
1592,1001.0,21.0,1.0,100.0,80.0,,13.0,0.5125,997.1375,797787.2,80.0
1593,1001.0,21.0,1.0,100.0,80.0,,14.0,0.4625,997.6,798784.8,80.0
1594,1001.0,21.0,1.0,100.0,80.0,,15.0,0.45,998.05,799782.85,80.0
1595,1001.0,21.0,1.0,100.0,80.0,,16.0,0.4375,998.4875,800781.3375,80.0
1596,1001.0,21.0,1.0,100.0,80.0,,17.0,0.65,999.1375,801780.475,80.0
1597,1001.0,21.0,1.0,100.0,80.0,,18.0,0.025,999.1625,802779.6375,80.0
1598,1001.0,21.0,1.0,100.0,80.0,,19.0,0.175,999.3375,803778.975,80.0
1599,1001.0,21.0,1.0,100.0,80.0,,20.0,0.2875,999.625,804778.6,80.0
1600,1001.0,21.0,1.0,100.0,80.0,,1.0,0.875,1000.5,805779.1,81.0
1601,1001.0,21.0,1.0,100.0,80.0,,2.0,0.0875,1000.5875,806779.6875,81.0
1602,1001.0,21.0,1.0,100.0,80.0,,3.0,0.5375,1001.125,807780.8125,81.0
1603,1001.0,21.0,1.0,100.0,80.0,,4.0,0.95,1002.075,808782.8875,81.0
1604,1001.0,21.0,1.0,100.0,80.0,,5.0,0.1625,1002.2375,809785.125,81.0
1605,1001.0,21.0,1.0,100.0,80.0,,6.0,0.6,1002.8375,810787.9625,81.0
1606,1001.0,21.0,1.0,100.0,80.0,,7.0,0.1875,1003.025,811790.9875,81.0
1607,1001.0,21.0,1.0,100.0,80.0,,8.0,0.05,1003.075,812794.0625,81.0
1608,1001.0,21.0,1.0,100.0,80.0,,9.0,1.075,1004.15,813798.2125,81.0
1609,1001.0,21.0,1.0,100.0,80.0,,10.0,1.1875,1005.3375,814803.55,81.0
1610,1001.0,21.0,1.0,100.0,80.0,,11.0,0.425,1005.7625,815809.3125,81.0
1611,1001.0,21.0,1.0,100.0,80.0,,12.0,0.975,1006.7375,816816.05,81.0
1612,1001.0,21.0,1.0,100.0,80.0,,13.0,0.75,1007.4875,817823.5375,81.0
1613,1001.0,21.0,1.0,100.0,80.0,,14.0,0.9,1008.3875,818831.925,81.0
1614,1001.0,21.0,1.0,100.0,80.0,,15.0,0.3875,1008.775,819840.7,81.0
1615,1001.0,21.0,1.0,100.0,80.0,,16.0,0.8,1009.575,820850.275,81.0
1616,1001.0,21.0,1.0,100.0,80.0,,17.0,0.875,1010.45,821860.725,81.0
1617,1001.0,21.0,1.0,100.0,80.0,,18.0,0.4125,1010.8625,822871.5875,81.0
1618,1001.0,21.0,1.0,100.0,80.0,,19.0,1.225,1012.0875,823883.675,81.0
1619,1001.0,21.0,1.0,100.0,80.0,,20.0,1.2125,1013.3,824896.975,81.0
1620,1001.0,21.0,1.0,100.0,80.0,,1.0,0.625,1013.925,825910.9,82.0
1621,1001.0,21.0,1.0,100.0,80.0,,2.0,1.05,1014.975,826925.875,82.0
1622,1001.0,21.0,1.0,100.0,80.0,,3.0,0.725,1015.7,827941.575,82.0
1623,1001.0,21.0,1.0,100.0,80.0,,4.0,0.9625,1016.6625,828958.2375,82.0
1624,1001.0,21.0,1.0,100.0,80.0,,5.0,0.6875,1017.35,829975.5875,82.0
1625,1001.0,21.0,1.0,100.0,80.0,,6.0,0.85,1018.2,830993.7875,82.0
1626,1001.0,21.0,1.0,100.0,80.0,,7.0,0.5375,1018.7375,832012.525,82.0
1627,1001.0,21.0,1.0,100.0,80.0,,8.0,0.0625,1018.8,833031.325,82.0
1628,1001.0,21.0,1.0,100.0,80.0,,9.0,1.1625,1019.9625,834051.2875,82.0
1629,1001.0,21.0,1.0,100.0,80.0,,10.0,1.175,1021.1375,835072.425,82.0
1630,1001.0,21.0,1.0,100.0,80.0,,11.0,0.575,1021.7125,836094.1375,82.0
1631,1001.0,21.0,1.0,100.0,80.0,,12.0,0.9375,1022.65,837116.7875,82.0
1632,1001.0,21.0,1.0,100.0,80.0,,13.0,1.0875,1023.7375,838140.525,82.0
1633,1001.0,21.0,1.0,100.0,80.0,,14.0,0.1875,1023.925,839164.45,82.0
1634,1001.0,21.0,1.0,100.0,80.0,,15.0,0.575,1024.5,840188.95,82.0
1635,1001.0,21.0,1.0,100.0,80.0,,16.0,0.25,1024.75,841213.7,82.0
1636,1001.0,21.0,1.0,100.0,80.0,,17.0,1.1125,1025.8625,842239.5625,82.0
1637,1001.0,21.0,1.0,100.0,80.0,,18.0,0.65,1026.5125,843266.075,82.0
1638,1001.0,21.0,1.0,100.0,80.0,,19.0,0.025,1026.5375,844292.6125,82.0
1639,1001.0,21.0,1.0,100.0,80.0,,20.0,0.6,1027.1375,845319.75,82.0
1640,1001.0,21.0,1.0,100.0,80.0,,1.0,0.6625,1027.8,846347.55,83.0
1641,1001.0,21.0,1.0,100.0,80.0,,2.0,0.4,1028.2,847375.75,83.0
1642,1001.0,21.0,1.0,100.0,80.0,,3.0,0.2875,1028.4875,848404.2375,83.0
1643,1001.0,21.0,1.0,100.0,80.0,,4.0,0.2125,1028.7,849432.9375,83.0
1644,1001.0,21.0,1.0,100.0,80.0,,5.0,1.2125,1029.9125,850462.85,83.0
1645,1001.0,21.0,1.0,100.0,80.0,,6.0,0.2875,1030.2,851493.05,83.0
1646,1001.0,21.0,1.0,100.0,80.0,,7.0,0.2375,1030.4375,852523.4875,83.0
1647,1001.0,21.0,1.0,100.0,80.0,,8.0,0.5125,1030.95,853554.4375,83.0
1648,1001.0,21.0,1.0,100.0,80.0,,9.0,0.1125,1031.0625,854585.5,83.0
1649,1001.0,21.0,1.0,100.0,80.0,,10.0,0.1,1031.1625,855616.6625,83.0
1650,1001.0,21.0,1.0,100.0,80.0,,11.0,0.8,1031.9625,856648.625,83.0
1651,1001.0,21.0,1.0,100.0,80.0,,12.0,0.75,1032.7125,857681.3375,83.0
1652,1001.0,21.0,1.0,100.0,80.0,,13.0,0.5875,1033.3,858714.6375,83.0
1653,1001.0,21.0,1.0,100.0,80.0,,14.0,0.1375,1033.4375,859748.075,83.0
1654,1001.0,21.0,1.0,100.0,80.0,,15.0,1.0,1034.4375,860782.5125,83.0
1655,1001.0,21.0,1.0,100.0,80.0,,16.0,0.5,1034.9375,861817.45,83.0
1656,1001.0,21.0,1.0,100.0,80.0,,17.0,0.4875,1035.425,862852.875,83.0
1657,1001.0,21.0,1.0,100.0,80.0,,18.0,0.975,1036.4,863889.275,83.0
1658,1001.0,21.0,1.0,100.0,80.0,,19.0,0.225,1036.625,864925.9,83.0
1659,1001.0,21.0,1.0,100.0,80.0,,20.0,0.35,1036.975,865962.875,83.0
1660,1001.0,21.0,1.0,100.0,80.0,,1.0,0.025,1037.0,866999.875,84.0
1661,1001.0,21.0,1.0,100.0,80.0,,2.0,0.525,1037.525,868037.4,84.0
1662,1001.0,21.0,1.0,100.0,80.0,,3.0,0.975,1038.5,869075.9,84.0
1663,1001.0,21.0,1.0,100.0,80.0,,4.0,0.35,1038.85,870114.75,84.0
1664,1001.0,21.0,1.0,100.0,80.0,,5.0,1.0625,1039.9125,871154.6625,84.0
1665,1001.0,21.0,1.0,100.0,80.0,,6.0,0.5125,1040.425,872195.0875,84.0
1666,1001.0,21.0,1.0,100.0,80.0,,7.0,0.825,1041.25,873236.3375,84.0
1667,1001.0,21.0,1.0,100.0,80.0,,8.0,1.0,1042.25,874278.5875,84.0
1668,1001.0,21.0,1.0,100.0,80.0,,9.0,0.775,1043.025,875321.6125,84.0
1669,1001.0,21.0,1.0,100.0,80.0,,10.0,0.3625,1043.3875,876365.0,84.0
1670,1001.0,21.0,1.0,100.0,80.0,,11.0,0.4375,1043.825,877408.825,84.0
1671,1001.0,21.0,1.0,100.0,80.0,,12.0,0.7875,1044.6125,878453.4375,84.0
1672,1001.0,21.0,1.0,100.0,80.0,,13.0,1.025,1045.6375,879499.075,84.0
1673,1001.0,21.0,1.0,100.0,80.0,,14.0,0.0125,1045.65,880544.725,84.0
1674,1001.0,21.0,1.0,100.0,80.0,,15.0,0.85,1046.5,881591.225,84.0
1675,1001.0,21.0,1.0,100.0,80.0,,16.0,0.85,1047.35,882638.575,84.0
1676,1001.0,21.0,1.0,100.0,80.0,,17.0,0.4875,1047.8375,883686.4125,84.0
1677,1001.0,21.0,1.0,100.0,80.0,,18.0,1.0,1048.8375,884735.25,84.0
1678,1001.0,21.0,1.0,100.0,80.0,,19.0,1.0375,1049.875,885785.125,84.0
1679,1001.0,21.0,1.0,100.0,80.0,,20.0,0.95,1050.825,886835.95,84.0
1680,1001.0,21.0,1.0,100.0,80.0,,1.0,0.35,1051.175,887887.125,85.0
1681,1001.0,21.0,1.0,100.0,80.0,,2.0,0.825,1052.0,888939.125,85.0
1682,1001.0,21.0,1.0,100.0,80.0,,3.0,0.1375,1052.1375,889991.2625,85.0
1683,1001.0,21.0,1.0,100.0,80.0,,4.0,0.6875,1052.825,891044.0875,85.0
1684,1001.0,21.0,1.0,100.0,80.0,,5.0,0.55,1053.375,892097.4625,85.0
1685,1001.0,21.0,1.0,100.0,80.0,,6.0,0.925,1054.3,893151.7625,85.0
1686,1001.0,21.0,1.0,100.0,80.0,,7.0,0.4875,1054.7875,894206.55,85.0
1687,1001.0,21.0,1.0,100.0,80.0,,8.0,0.55,1055.3375,895261.8875,85.0
1688,1001.0,21.0,1.0,100.0,80.0,,9.0,0.075,1055.4125,896317.3,85.0
1689,1001.0,21.0,1.0,100.0,80.0,,10.0,1.1625,1056.575,897373.875,85.0
1690,1001.0,21.0,1.0,100.0,80.0,,11.0,0.0625,1056.6375,898430.5125,85.0
1691,1001.0,21.0,1.0,100.0,80.0,,12.0,0.375,1057.0125,899487.525,85.0
1692,1001.0,21.0,1.0,100.0,80.0,,13.0,0.9875,1058.0,900545.525,85.0
1693,1001.0,21.0,1.0,100.0,80.0,,14.0,0.7,1058.7,901604.225,85.0
1694,1001.0,21.0,1.0,100.0,80.0,,15.0,0.4625,1059.1625,902663.3875,85.0
1695,1001.0,21.0,1.0,100.0,80.0,,16.0,0.075,1059.2375,903722.625,85.0
1696,1001.0,21.0,1.0,100.0,80.0,,17.0,0.9875,1060.225,904782.85,85.0
1697,1001.0,21.0,1.0,100.0,80.0,,18.0,0.225,1060.45,905843.3,85.0
1698,1001.0,21.0,1.0,100.0,80.0,,19.0,0.25,1060.7,906904.0,85.0
1699,1001.0,21.0,1.0,100.0,80.0,,20.0,1.1625,1061.8625,907965.8625,85.0
1700,1001.0,21.0,1.0,100.0,80.0,,1.0,0.0375,1061.9,909027.7625,86.0
1701,1001.0,21.0,1.0,100.0,80.0,,2.0,0.5125,1062.4125,910090.175,86.0
1702,1001.0,21.0,1.0,100.0,80.0,,3.0,0.55,1062.9625,911153.1375,86.0
1703,1001.0,21.0,1.0,100.0,80.0,,4.0,0.7125,1063.675,912216.8125,86.0
1704,1001.0,21.0,1.0,100.0,80.0,,5.0,0.575,1064.25,913281.0625,86.0
1705,1001.0,21.0,1.0,100.0,80.0,,6.0,0.975,1065.225,914346.2875,86.0
1706,1001.0,21.0,1.0,100.0,80.0,,7.0,0.175,1065.4,915411.6875,86.0
1707,1001.0,21.0,1.0,100.0,80.0,,8.0,0.8,1066.2,916477.8875,86.0
1708,1001.0,21.0,1.0,100.0,80.0,,9.0,1.175,1067.375,917545.2625,86.0
1709,1001.0,21.0,1.0,100.0,80.0,,10.0,1.05,1068.425,918613.6875,86.0
1710,1001.0,21.0,1.0,100.0,80.0,,11.0,0.375,1068.8,919682.4875,86.0
1711,1001.0,21.0,1.0,100.0,80.0,,12.0,0.675,1069.475,920751.9625,86.0
1712,1001.0,21.0,1.0,100.0,80.0,,13.0,0.35,1069.825,921821.7875,86.0
1713,1001.0,21.0,1.0,100.0,80.0,,14.0,0.525,1070.35,922892.1375,86.0
1714,1001.0,21.0,1.0,100.0,80.0,,15.0,0.0625,1070.4125,923962.55,86.0
1715,1001.0,21.0,1.0,100.0,80.0,,16.0,0.0625,1070.475,925033.025,86.0
1716,1001.0,21.0,1.0,100.0,80.0,,17.0,0.275,1070.75,926103.775,86.0
1717,1001.0,21.0,1.0,100.0,80.0,,18.0,1.125,1071.875,927175.65,86.0
1718,1001.0,21.0,1.0,100.0,80.0,,19.0,0.2875,1072.1625,928247.8125,86.0
1719,1001.0,21.0,1.0,100.0,80.0,,20.0,0.9125,1073.075,929320.8875,86.0
1720,1001.0,21.0,1.0,100.0,80.0,,1.0,0.6375,1073.7125,930394.6,87.0
1721,1001.0,21.0,1.0,100.0,80.0,,2.0,0.275,1073.9875,931468.5875,87.0
1722,1001.0,21.0,1.0,100.0,80.0,,3.0,0.025,1074.0125,932542.6,87.0
1723,1001.0,21.0,1.0,100.0,80.0,,4.0,1.125,1075.1375,933617.7375,87.0
1724,1001.0,21.0,1.0,100.0,80.0,,5.0,0.425,1075.5625,934693.3,87.0
1725,1001.0,21.0,1.0,100.0,80.0,,6.0,0.1625,1075.725,935769.025,87.0
1726,1001.0,21.0,1.0,100.0,80.0,,7.0,0.275,1076.0,936845.025,87.0
1727,1001.0,21.0,1.0,100.0,80.0,,8.0,0.825,1076.825,937921.85,87.0
1728,1001.0,21.0,1.0,100.0,80.0,,9.0,0.0625,1076.8875,938998.7375,87.0
1729,1001.0,21.0,1.0,100.0,80.0,,10.0,1.2,1078.0875,940076.825,87.0
1730,1001.0,21.0,1.0,100.0,80.0,,11.0,0.8875,1078.975,941155.8,87.0
1731,1001.0,21.0,1.0,100.0,80.0,,12.0,0.625,1079.6,942235.4,87.0
1732,1001.0,21.0,1.0,100.0,80.0,,13.0,0.7375,1080.3375,943315.7375,87.0
1733,1001.0,21.0,1.0,100.0,80.0,,14.0,0.7625,1081.1,944396.8375,87.0
1734,1001.0,21.0,1.0,100.0,80.0,,15.0,0.925,1082.025,945478.8625,87.0
1735,1001.0,21.0,1.0,100.0,80.0,,16.0,0.175,1082.2,946561.0625,87.0
1736,1001.0,21.0,1.0,100.0,80.0,,17.0,0.85,1083.05,947644.1125,87.0
1737,1001.0,21.0,1.0,100.0,80.0,,18.0,0.4625,1083.5125,948727.625,87.0
1738,1001.0,21.0,1.0,100.0,80.0,,19.0,0.625,1084.1375,949811.7625,87.0
1739,1001.0,21.0,1.0,100.0,80.0,,20.0,1.125,1085.2625,950897.025,87.0
1740,1001.0,21.0,1.0,100.0,80.0,,1.0,0.4125,1085.675,951982.7,88.0
1741,1001.0,21.0,1.0,100.0,80.0,,2.0,0.0875,1085.7625,953068.4625,88.0
1742,1001.0,21.0,1.0,100.0,80.0,,3.0,1.15,1086.9125,954155.375,88.0
1743,1001.0,21.0,1.0,100.0,80.0,,4.0,0.0125,1086.925,955242.3,88.0
1744,1001.0,21.0,1.0,100.0,80.0,,5.0,1.0875,1088.0125,956330.3125,88.0
1745,1001.0,21.0,1.0,100.0,80.0,,6.0,0.8875,1088.9,957419.2125,88.0
1746,1001.0,21.0,1.0,100.0,80.0,,7.0,1.1125,1090.0125,958509.225,88.0
1747,1001.0,21.0,1.0,100.0,80.0,,8.0,1.0875,1091.1,959600.325,88.0
1748,1001.0,21.0,1.0,100.0,80.0,,9.0,0.45,1091.55,960691.875,88.0
1749,1001.0,21.0,1.0,100.0,80.0,,10.0,1.2375,1092.7875,961784.6625,88.0
1750,1001.0,21.0,1.0,100.0,80.0,,11.0,0.1,1092.8875,962877.55,88.0
1751,1001.0,21.0,1.0,100.0,80.0,,12.0,0.6,1093.4875,963971.0375,88.0
1752,1001.0,21.0,1.0,100.0,80.0,,13.0,0.4,1093.8875,965064.925,88.0
1753,1001.0,21.0,1.0,100.0,80.0,,14.0,0.475,1094.3625,966159.2875,88.0
1754,1001.0,21.0,1.0,100.0,80.0,,15.0,1.075,1095.4375,967254.725,88.0
1755,1001.0,21.0,1.0,100.0,80.0,,16.0,0.4625,1095.9,968350.625,88.0
1756,1001.0,21.0,1.0,100.0,80.0,,17.0,0.925,1096.825,969447.45,88.0
1757,1001.0,21.0,1.0,100.0,80.0,,18.0,0.95,1097.775,970545.225,88.0
1758,1001.0,21.0,1.0,100.0,80.0,,19.0,0.7375,1098.5125,971643.7375,88.0
1759,1001.0,21.0,1.0,100.0,80.0,,20.0,1.025,1099.5375,972743.275,88.0
1760,1001.0,21.0,1.0,100.0,80.0,,1.0,0.3875,1099.925,973843.2,89.0
1761,1001.0,21.0,1.0,100.0,80.0,,2.0,1.0,1100.925,974944.125,89.0
1762,1001.0,21.0,1.0,100.0,80.0,,3.0,0.325,1101.25,976045.375,89.0
1763,1001.0,21.0,1.0,100.0,80.0,,4.0,0.95,1102.2,977147.575,89.0
1764,1001.0,21.0,1.0,100.0,80.0,,5.0,0.6625,1102.8625,978250.4375,89.0
1765,1001.0,21.0,1.0,100.0,80.0,,6.0,0.9125,1103.775,979354.2125,89.0
1766,1001.0,21.0,1.0,100.0,80.0,,7.0,0.1375,1103.9125,980458.125,89.0
1767,1001.0,21.0,1.0,100.0,80.0,,8.0,1.1625,1105.075,981563.2,89.0
1768,1001.0,21.0,1.0,100.0,80.0,,9.0,0.6875,1105.7625,982668.9625,89.0
1769,1001.0,21.0,1.0,100.0,80.0,,10.0,0.3625,1106.125,983775.0875,89.0
1770,1001.0,21.0,1.0,100.0,80.0,,11.0,0.1125,1106.2375,984881.325,89.0
1771,1001.0,21.0,1.0,100.0,80.0,,12.0,1.0125,1107.25,985988.575,89.0
1772,1001.0,21.0,1.0,100.0,80.0,,13.0,0.9375,1108.1875,987096.7625,89.0
1773,1001.0,21.0,1.0,100.0,80.0,,14.0,0.6625,1108.85,988205.6125,89.0
1774,1001.0,21.0,1.0,100.0,80.0,,15.0,0.1375,1108.9875,989314.6,89.0
1775,1001.0,21.0,1.0,100.0,80.0,,16.0,0.45,1109.4375,990424.0375,89.0
1776,1001.0,21.0,1.0,100.0,80.0,,17.0,0.1375,1109.575,991533.6125,89.0
1777,1001.0,21.0,1.0,100.0,80.0,,18.0,1.1875,1110.7625,992644.375,89.0
1778,1001.0,21.0,1.0,100.0,80.0,,19.0,0.6,1111.3625,993755.7375,89.0
1779,1001.0,21.0,1.0,100.0,80.0,,20.0,0.3125,1111.675,994867.4125,89.0
1780,1001.0,21.0,1.0,100.0,80.0,,1.0,0.15,1111.825,995979.2375,90.0
1781,1001.0,21.0,1.0,100.0,80.0,,2.0,0.875,1112.7,997091.9375,90.0
1782,1001.0,21.0,1.0,100.0,80.0,,3.0,0.25,1112.95,998204.8875,90.0
1783,1001.0,21.0,1.0,100.0,80.0,,4.0,0.4125,1113.3625,999318.25,90.0
1784,1001.0,21.0,1.0,100.0,80.0,,5.0,0.975,1114.3375,1000432.5875,90.0
1785,1001.0,21.0,1.0,100.0,80.0,,6.0,0.575,1114.9125,1001547.5,90.0
1786,1001.0,21.0,1.0,100.0,80.0,,7.0,0.6125,1115.525,1002663.025,90.0
1787,1001.0,21.0,1.0,100.0,80.0,,8.0,0.575,1116.1,1003779.125,90.0
1788,1001.0,21.0,1.0,100.0,80.0,,9.0,0.225,1116.325,1004895.45,90.0
1789,1001.0,21.0,1.0,100.0,80.0,,10.0,0.9625,1117.2875,1006012.7375,90.0
1790,1001.0,21.0,1.0,100.0,80.0,,11.0,0.0875,1117.375,1007130.1125,90.0
1791,1001.0,21.0,1.0,100.0,80.0,,12.0,0.7125,1118.0875,1008248.2,90.0
1792,1001.0,21.0,1.0,100.0,80.0,,13.0,1.125,1119.2125,1009367.4125,90.0
1793,1001.0,21.0,1.0,100.0,80.0,,14.0,0.1875,1119.4,1010486.8125,90.0
1794,1001.0,21.0,1.0,100.0,80.0,,15.0,0.1125,1119.5125,1011606.325,90.0
1795,1001.0,21.0,1.0,100.0,80.0,,16.0,0.3,1119.8125,1012726.1375,90.0
1796,1001.0,21.0,1.0,100.0,80.0,,17.0,0.7875,1120.6,1013846.7375,90.0
1797,1001.0,21.0,1.0,100.0,80.0,,18.0,0.65,1121.25,1014967.9875,90.0
1798,1001.0,21.0,1.0,100.0,80.0,,19.0,0.1,1121.35,1016089.3375,90.0
1799,1001.0,21.0,1.0,100.0,80.0,,20.0,0.5875,1121.9375,1017211.275,90.0
1800,1001.0,21.0,1.0,100.0,80.0,,1.0,0.625,1122.5625,1018333.8375,91.0
1801,1001.0,21.0,1.0,100.0,80.0,,2.0,0.6,1123.1625,1019457.0,91.0
1802,1001.0,21.0,1.0,100.0,80.0,,3.0,0.2,1123.3625,1020580.3625,91.0
1803,1001.0,21.0,1.0,100.0,80.0,,4.0,1.0875,1124.45,1021704.8125,91.0
1804,1001.0,21.0,1.0,100.0,80.0,,5.0,1.15,1125.6,1022830.4125,91.0
1805,1001.0,21.0,1.0,100.0,80.0,,6.0,0.425,1126.025,1023956.4375,91.0
1806,1001.0,21.0,1.0,100.0,80.0,,7.0,0.95,1126.975,1025083.4125,91.0
1807,1001.0,21.0,1.0,100.0,80.0,,8.0,1.1125,1128.0875,1026211.5,91.0
1808,1001.0,21.0,1.0,100.0,80.0,,9.0,0.225,1128.3125,1027339.8125,91.0
1809,1001.0,21.0,1.0,100.0,80.0,,10.0,0.6,1128.9125,1028468.725,91.0
1810,1001.0,21.0,1.0,100.0,80.0,,11.0,0.275,1129.1875,1029597.9125,91.0
1811,1001.0,21.0,1.0,100.0,80.0,,12.0,1.2125,1130.4,1030728.3125,91.0
1812,1001.0,21.0,1.0,100.0,80.0,,13.0,1.125,1131.525,1031859.8375,91.0
1813,1001.0,21.0,1.0,100.0,80.0,,14.0,0.725,1132.25,1032992.0875,91.0
1814,1001.0,21.0,1.0,100.0,80.0,,15.0,0.625,1132.875,1034124.9625,91.0
1815,1001.0,21.0,1.0,100.0,80.0,,16.0,0.825,1133.7,1035258.6625,91.0
1816,1001.0,21.0,1.0,100.0,80.0,,17.0,0.65,1134.35,1036393.0125,91.0
1817,1001.0,21.0,1.0,100.0,80.0,,18.0,0.9,1135.25,1037528.2625,91.0
1818,1001.0,21.0,1.0,100.0,80.0,,19.0,1.1375,1136.3875,1038664.65,91.0
1819,1001.0,21.0,1.0,100.0,80.0,,20.0,1.2375,1137.625,1039802.275,91.0
1820,1001.0,21.0,1.0,100.0,80.0,,1.0,1.0125,1138.6375,1040940.9125,92.0
1821,1001.0,21.0,1.0,100.0,80.0,,2.0,0.875,1139.5125,1042080.425,92.0
1822,1001.0,21.0,1.0,100.0,80.0,,3.0,0.225,1139.7375,1043220.1625,92.0
1823,1001.0,21.0,1.0,100.0,80.0,,4.0,1.2375,1140.975,1044361.1375,92.0
1824,1001.0,21.0,1.0,100.0,80.0,,5.0,0.1125,1141.0875,1045502.225,92.0
1825,1001.0,21.0,1.0,100.0,80.0,,6.0,1.1,1142.1875,1046644.4125,92.0
1826,1001.0,21.0,1.0,100.0,80.0,,7.0,0.425,1142.6125,1047787.025,92.0
1827,1001.0,21.0,1.0,100.0,80.0,,8.0,1.1875,1143.8,1048930.825,92.0
1828,1001.0,21.0,1.0,100.0,80.0,,9.0,0.575,1144.375,1050075.2,92.0
1829,1001.0,21.0,1.0,100.0,80.0,,10.0,0.35,1144.725,1051219.925,92.0
1830,1001.0,21.0,1.0,100.0,80.0,,11.0,0.65,1145.375,1052365.3,92.0
1831,1001.0,21.0,1.0,100.0,80.0,,12.0,0.925,1146.3,1053511.6,92.0
1832,1001.0,21.0,1.0,100.0,80.0,,13.0,0.475,1146.775,1054658.375,92.0
1833,1001.0,21.0,1.0,100.0,80.0,,14.0,0.2625,1147.0375,1055805.4125,92.0
1834,1001.0,21.0,1.0,100.0,80.0,,15.0,0.275,1147.3125,1056952.725,92.0
1835,1001.0,21.0,1.0,100.0,80.0,,16.0,0.3875,1147.7,1058100.425,92.0
1836,1001.0,21.0,1.0,100.0,80.0,,17.0,0.75,1148.45,1059248.875,92.0
1837,1001.0,21.0,1.0,100.0,80.0,,18.0,0.15,1148.6,1060397.475,92.0
1838,1001.0,21.0,1.0,100.0,80.0,,19.0,0.3375,1148.9375,1061546.4125,92.0
1839,1001.0,21.0,1.0,100.0,80.0,,20.0,1.0125,1149.95,1062696.3625,92.0
1840,1001.0,21.0,1.0,100.0,80.0,,1.0,0.1125,1150.0625,1063846.425,93.0
1841,1001.0,21.0,1.0,100.0,80.0,,2.0,0.775,1150.8375,1064997.2625,93.0
1842,1001.0,21.0,1.0,100.0,80.0,,3.0,0.875,1151.7125,1066148.975,93.0
1843,1001.0,21.0,1.0,100.0,80.0,,4.0,0.2375,1151.95,1067300.925,93.0
1844,1001.0,21.0,1.0,100.0,80.0,,5.0,0.6125,1152.5625,1068453.4875,93.0
1845,1001.0,21.0,1.0,100.0,80.0,,6.0,0.8375,1153.4,1069606.8875,93.0
1846,1001.0,21.0,1.0,100.0,80.0,,7.0,0.075,1153.475,1070760.3625,93.0
1847,1001.0,21.0,1.0,100.0,80.0,,8.0,0.225,1153.7,1071914.0625,93.0
1848,1001.0,21.0,1.0,100.0,80.0,,9.0,0.375,1154.075,1073068.1375,93.0
1849,1001.0,21.0,1.0,100.0,80.0,,10.0,0.8,1154.875,1074223.0125,93.0
1850,1001.0,21.0,1.0,100.0,80.0,,11.0,1.1625,1156.0375,1075379.05,93.0
1851,1001.0,21.0,1.0,100.0,80.0,,12.0,0.5375,1156.575,1076535.625,93.0
1852,1001.0,21.0,1.0,100.0,80.0,,13.0,0.3625,1156.9375,1077692.5625,93.0
1853,1001.0,21.0,1.0,100.0,80.0,,14.0,0.7,1157.6375,1078850.2,93.0
1854,1001.0,21.0,1.0,100.0,80.0,,15.0,0.675,1158.3125,1080008.5125,93.0
1855,1001.0,21.0,1.0,100.0,80.0,,16.0,0.8875,1159.2,1081167.7125,93.0
1856,1001.0,21.0,1.0,100.0,80.0,,17.0,1.0125,1160.2125,1082327.925,93.0
1857,1001.0,21.0,1.0,100.0,80.0,,18.0,0.7375,1160.95,1083488.875,93.0
1858,1001.0,21.0,1.0,100.0,80.0,,19.0,0.75,1161.7,1084650.575,93.0
1859,1001.0,21.0,1.0,100.0,80.0,,20.0,1.0625,1162.7625,1085813.3375,93.0
1860,1001.0,21.0,1.0,100.0,80.0,,1.0,0.7,1163.4625,1086976.8,94.0
1861,1001.0,21.0,1.0,100.0,80.0,,2.0,0.8875,1164.35,1088141.15,94.0
1862,1001.0,21.0,1.0,100.0,80.0,,3.0,0.35,1164.7,1089305.85,94.0
1863,1001.0,21.0,1.0,100.0,80.0,,4.0,0.1875,1164.8875,1090470.7375,94.0
1864,1001.0,21.0,1.0,100.0,80.0,,5.0,0.4625,1165.35,1091636.0875,94.0
1865,1001.0,21.0,1.0,100.0,80.0,,6.0,0.025,1165.375,1092801.4625,94.0
1866,1001.0,21.0,1.0,100.0,80.0,,7.0,0.075,1165.45,1093966.9125,94.0
1867,1001.0,21.0,1.0,100.0,80.0,,8.0,0.0625,1165.5125,1095132.425,94.0
1868,1001.0,21.0,1.0,100.0,80.0,,9.0,1.125,1166.6375,1096299.0625,94.0
1869,1001.0,21.0,1.0,100.0,80.0,,10.0,0.7,1167.3375,1097466.4,94.0
1870,1001.0,21.0,1.0,100.0,80.0,,11.0,1.1125,1168.45,1098634.85,94.0
1871,1001.0,21.0,1.0,100.0,80.0,,12.0,0.875,1169.325,1099804.175,94.0
1872,1001.0,21.0,1.0,100.0,80.0,,13.0,0.2125,1169.5375,1100973.7125,94.0
1873,1001.0,21.0,1.0,100.0,80.0,,14.0,0.7,1170.2375,1102143.95,94.0
1874,1001.0,21.0,1.0,100.0,80.0,,15.0,0.9875,1171.225,1103315.175,94.0
1875,1001.0,21.0,1.0,100.0,80.0,,16.0,1.0875,1172.3125,1104487.4875,94.0
1876,1001.0,21.0,1.0,100.0,80.0,,17.0,0.65,1172.9625,1105660.45,94.0
1877,1001.0,21.0,1.0,100.0,80.0,,18.0,0.8875,1173.85,1106834.3,94.0
1878,1001.0,21.0,1.0,100.0,80.0,,19.0,0.425,1174.275,1108008.575,94.0
1879,1001.0,21.0,1.0,100.0,80.0,,20.0,1.2125,1175.4875,1109184.0625,94.0
1880,1001.0,21.0,1.0,100.0,80.0,,1.0,0.3375,1175.825,1110359.8875,95.0
1881,1001.0,21.0,1.0,100.0,80.0,,2.0,0.975,1176.8,1111536.6875,95.0
1882,1001.0,21.0,1.0,100.0,80.0,,3.0,1.1875,1177.9875,1112714.675,95.0
1883,1001.0,21.0,1.0,100.0,80.0,,4.0,0.025,1178.0125,1113892.6875,95.0
1884,1001.0,21.0,1.0,100.0,80.0,,5.0,0.2375,1178.25,1115070.9375,95.0
1885,1001.0,21.0,1.0,100.0,80.0,,6.0,0.7,1178.95,1116249.8875,95.0
1886,1001.0,21.0,1.0,100.0,80.0,,7.0,0.075,1179.025,1117428.9125,95.0
1887,1001.0,21.0,1.0,100.0,80.0,,8.0,0.35,1179.375,1118608.2875,95.0
1888,1001.0,21.0,1.0,100.0,80.0,,9.0,0.95,1180.325,1119788.6125,95.0
1889,1001.0,21.0,1.0,100.0,80.0,,10.0,1.025,1181.35,1120969.9625,95.0
1890,1001.0,21.0,1.0,100.0,80.0,,11.0,0.3875,1181.7375,1122151.7,95.0
1891,1001.0,21.0,1.0,100.0,80.0,,12.0,0.675,1182.4125,1123334.1125,95.0
1892,1001.0,21.0,1.0,100.0,80.0,,13.0,0.825,1183.2375,1124517.35,95.0
1893,1001.0,21.0,1.0,100.0,80.0,,14.0,0.8875,1184.125,1125701.475,95.0
1894,1001.0,21.0,1.0,100.0,80.0,,15.0,0.425,1184.55,1126886.025,95.0
1895,1001.0,21.0,1.0,100.0,80.0,,16.0,0.425,1184.975,1128071.0,95.0
1896,1001.0,21.0,1.0,100.0,80.0,,17.0,0.225,1185.2,1129256.2,95.0
1897,1001.0,21.0,1.0,100.0,80.0,,18.0,0.8625,1186.0625,1130442.2625,95.0
1898,1001.0,21.0,1.0,100.0,80.0,,19.0,1.1,1187.1625,1131629.425,95.0
1899,1001.0,21.0,1.0,100.0,80.0,,20.0,0.1875,1187.35,1132816.775,95.0
1900,1001.0,21.0,1.0,100.0,80.0,,1.0,1.15,1188.5,1134005.275,96.0
1901,1001.0,21.0,1.0,100.0,80.0,,2.0,0.4625,1188.9625,1135194.2375,96.0
1902,1001.0,21.0,1.0,100.0,80.0,,3.0,0.35,1189.3125,1136383.55,96.0
1903,1001.0,21.0,1.0,100.0,80.0,,4.0,1.125,1190.4375,1137573.9875,96.0
1904,1001.0,21.0,1.0,100.0,80.0,,5.0,0.45,1190.8875,1138764.875,96.0
1905,1001.0,21.0,1.0,100.0,80.0,,6.0,0.3125,1191.2,1139956.075,96.0
1906,1001.0,21.0,1.0,100.0,80.0,,7.0,0.9125,1192.1125,1141148.1875,96.0
1907,1001.0,21.0,1.0,100.0,80.0,,8.0,0.4875,1192.6,1142340.7875,96.0
1908,1001.0,21.0,1.0,100.0,80.0,,9.0,0.2125,1192.8125,1143533.6,96.0
1909,1001.0,21.0,1.0,100.0,80.0,,10.0,0.4,1193.2125,1144726.8125,96.0
1910,1001.0,21.0,1.0,100.0,80.0,,11.0,0.725,1193.9375,1145920.75,96.0
1911,1001.0,21.0,1.0,100.0,80.0,,12.0,1.0625,1195.0,1147115.75,96.0
1912,1001.0,21.0,1.0,100.0,80.0,,13.0,1.075,1196.075,1148311.825,96.0
1913,1001.0,21.0,1.0,100.0,80.0,,14.0,0.425,1196.5,1149508.325,96.0
1914,1001.0,21.0,1.0,100.0,80.0,,15.0,0.225,1196.725,1150705.05,96.0
1915,1001.0,21.0,1.0,100.0,80.0,,16.0,0.2375,1196.9625,1151902.0125,96.0
1916,1001.0,21.0,1.0,100.0,80.0,,17.0,1.0875,1198.05,1153100.0625,96.0
1917,1001.0,21.0,1.0,100.0,80.0,,18.0,0.025,1198.075,1154298.1375,96.0
1918,1001.0,21.0,1.0,100.0,80.0,,19.0,0.975,1199.05,1155497.1875,96.0
1919,1001.0,21.0,1.0,100.0,80.0,,20.0,0.3125,1199.3625,1156696.55,96.0
1920,1001.0,21.0,1.0,100.0,80.0,,1.0,1.1375,1200.5,1157897.05,97.0
1921,1001.0,21.0,1.0,100.0,80.0,,2.0,0.8625,1201.3625,1159098.4125,97.0
1922,1001.0,21.0,1.0,100.0,80.0,,3.0,0.4,1201.7625,1160300.175,97.0
1923,1001.0,21.0,1.0,100.0,80.0,,4.0,0.35,1202.1125,1161502.2875,97.0
1924,1001.0,21.0,1.0,100.0,80.0,,5.0,0.6625,1202.775,1162705.0625,97.0
1925,1001.0,21.0,1.0,100.0,80.0,,6.0,0.35,1203.125,1163908.1875,97.0
1926,1001.0,21.0,1.0,100.0,80.0,,7.0,0.5,1203.625,1165111.8125,97.0
1927,1001.0,21.0,1.0,100.0,80.0,,8.0,0.95,1204.575,1166316.3875,97.0
1928,1001.0,21.0,1.0,100.0,80.0,,9.0,0.1375,1204.7125,1167521.1,97.0
1929,1001.0,21.0,1.0,100.0,80.0,,10.0,0.3625,1205.075,1168726.175,97.0
1930,1001.0,21.0,1.0,100.0,80.0,,11.0,0.6875,1205.7625,1169931.9375,97.0
1931,1001.0,21.0,1.0,100.0,80.0,,12.0,0.5125,1206.275,1171138.2125,97.0
1932,1001.0,21.0,1.0,100.0,80.0,,13.0,0.025,1206.3,1172344.5125,97.0
1933,1001.0,21.0,1.0,100.0,80.0,,14.0,0.1375,1206.4375,1173550.95,97.0
1934,1001.0,21.0,1.0,100.0,80.0,,15.0,0.95,1207.3875,1174758.3375,97.0
1935,1001.0,21.0,1.0,100.0,80.0,,16.0,0.45,1207.8375,1175966.175,97.0
1936,1001.0,21.0,1.0,100.0,80.0,,17.0,0.225,1208.0625,1177174.2375,97.0
1937,1001.0,21.0,1.0,100.0,80.0,,18.0,1.175,1209.2375,1178383.475,97.0
1938,1001.0,21.0,1.0,100.0,80.0,,19.0,0.8625,1210.1,1179593.575,97.0
1939,1001.0,21.0,1.0,100.0,80.0,,20.0,0.175,1210.275,1180803.85,97.0
1940,1001.0,21.0,1.0,100.0,80.0,,1.0,0.675,1210.95,1182014.8,98.0
1941,1001.0,21.0,1.0,100.0,80.0,,2.0,0.5625,1211.5125,1183226.3125,98.0
1942,1001.0,21.0,1.0,100.0,80.0,,3.0,0.55,1212.0625,1184438.375,98.0
1943,1001.0,21.0,1.0,100.0,80.0,,4.0,1.125,1213.1875,1185651.5625,98.0
1944,1001.0,21.0,1.0,100.0,80.0,,5.0,0.75,1213.9375,1186865.5,98.0
1945,1001.0,21.0,1.0,100.0,80.0,,6.0,1.05,1214.9875,1188080.4875,98.0
1946,1001.0,21.0,1.0,100.0,80.0,,7.0,1.075,1216.0625,1189296.55,98.0
1947,1001.0,21.0,1.0,100.0,80.0,,8.0,0.8375,1216.9,1190513.45,98.0
1948,1001.0,21.0,1.0,100.0,80.0,,9.0,0.425,1217.325,1191730.775,98.0
1949,1001.0,21.0,1.0,100.0,80.0,,10.0,0.5875,1217.9125,1192948.6875,98.0
1950,1001.0,21.0,1.0,100.0,80.0,,11.0,0.0375,1217.95,1194166.6375,98.0
1951,1001.0,21.0,1.0,100.0,80.0,,12.0,0.85,1218.8,1195385.4375,98.0
1952,1001.0,21.0,1.0,100.0,80.0,,13.0,0.6625,1219.4625,1196604.9,98.0
1953,1001.0,21.0,1.0,100.0,80.0,,14.0,0.8125,1220.275,1197825.175,98.0
1954,1001.0,21.0,1.0,100.0,80.0,,15.0,0.9375,1221.2125,1199046.3875,98.0
1955,1001.0,21.0,1.0,100.0,80.0,,16.0,0.6,1221.8125,1200268.2,98.0
1956,1001.0,21.0,1.0,100.0,80.0,,17.0,0.5875,1222.4,1201490.6,98.0
1957,1001.0,21.0,1.0,100.0,80.0,,18.0,0.8875,1223.2875,1202713.8875,98.0
1958,1001.0,21.0,1.0,100.0,80.0,,19.0,0.3,1223.5875,1203937.475,98.0
1959,1001.0,21.0,1.0,100.0,80.0,,20.0,1.125,1224.7125,1205162.1875,98.0
1960,1001.0,21.0,1.0,100.0,80.0,,1.0,0.15,1224.8625,1206387.05,99.0
1961,1001.0,21.0,1.0,100.0,80.0,,2.0,1.0125,1225.875,1207612.925,99.0
1962,1001.0,21.0,1.0,100.0,80.0,,3.0,0.05,1225.925,1208838.85,99.0
1963,1001.0,21.0,1.0,100.0,80.0,,4.0,0.0375,1225.9625,1210064.8125,99.0
1964,1001.0,21.0,1.0,100.0,80.0,,5.0,1.1375,1227.1,1211291.9125,99.0
1965,1001.0,21.0,1.0,100.0,80.0,,6.0,0.45,1227.55,1212519.4625,99.0
1966,1001.0,21.0,1.0,100.0,80.0,,7.0,0.725,1228.275,1213747.7375,99.0
1967,1001.0,21.0,1.0,100.0,80.0,,8.0,0.8625,1229.1375,1214976.875,99.0
1968,1001.0,21.0,1.0,100.0,80.0,,9.0,0.6375,1229.775,1216206.65,99.0
1969,1001.0,21.0,1.0,100.0,80.0,,10.0,0.1375,1229.9125,1217436.5625,99.0
1970,1001.0,21.0,1.0,100.0,80.0,,11.0,1.0,1230.9125,1218667.475,99.0
1971,1001.0,21.0,1.0,100.0,80.0,,12.0,0.6,1231.5125,1219898.9875,99.0
1972,1001.0,21.0,1.0,100.0,80.0,,13.0,0.0375,1231.55,1221130.5375,99.0
1973,1001.0,21.0,1.0,100.0,80.0,,14.0,1.075,1232.625,1222363.1625,99.0
1974,1001.0,21.0,1.0,100.0,80.0,,15.0,1.05,1233.675,1223596.8375,99.0
1975,1001.0,21.0,1.0,100.0,80.0,,16.0,0.6625,1234.3375,1224831.175,99.0
1976,1001.0,21.0,1.0,100.0,80.0,,17.0,0.9125,1235.25,1226066.425,99.0
1977,1001.0,21.0,1.0,100.0,80.0,,18.0,0.6875,1235.9375,1227302.3625,99.0
1978,1001.0,21.0,1.0,100.0,80.0,,19.0,1.0375,1236.975,1228539.3375,99.0
1979,1001.0,21.0,1.0,100.0,80.0,,20.0,0.2375,1237.2125,1229776.55,99.0
1980,1001.0,21.0,1.0,100.0,80.0,,1.0,1.1,1238.3125,1231014.8625,100.0
1981,1001.0,21.0,1.0,100.0,80.0,,2.0,1.025,1239.3375,1232254.2,100.0
1982,1001.0,21.0,1.0,100.0,80.0,,3.0,0.8,1240.1375,1233494.3375,100.0
1983,1001.0,21.0,1.0,100.0,80.0,,4.0,0.2125,1240.35,1234734.6875,100.0
1984,1001.0,21.0,1.0,100.0,80.0,,5.0,0.0375,1240.3875,1235975.075,100.0
1985,1001.0,21.0,1.0,100.0,80.0,,6.0,0.85,1241.2375,1237216.3125,100.0
1986,1001.0,21.0,1.0,100.0,80.0,,7.0,1.175,1242.4125,1238458.725,100.0
1987,1001.0,21.0,1.0,100.0,80.0,,8.0,0.1625,1242.575,1239701.3,100.0
1988,1001.0,21.0,1.0,100.0,80.0,,9.0,0.2875,1242.8625,1240944.1625,100.0
1989,1001.0,21.0,1.0,100.0,80.0,,10.0,0.2125,1243.075,1242187.2375,100.0
1990,1001.0,21.0,1.0,100.0,80.0,,11.0,0.0625,1243.1375,1243430.375,100.0
1991,1001.0,21.0,1.0,100.0,80.0,,12.0,0.5375,1243.675,1244674.05,100.0
1992,1001.0,21.0,1.0,100.0,80.0,,13.0,1.0125,1244.6875,1245918.7375,100.0
1993,1001.0,21.0,1.0,100.0,80.0,,14.0,0.35,1245.0375,1247163.775,100.0
1994,1001.0,21.0,1.0,100.0,80.0,,15.0,0.5,1245.5375,1248409.3125,100.0
1995,1001.0,21.0,1.0,100.0,80.0,,16.0,0.1375,1245.675,1249654.9875,100.0
1996,1001.0,21.0,1.0,100.0,80.0,,17.0,0.8375,1246.5125,1250901.5,100.0
1997,1001.0,21.0,1.0,100.0,80.0,,18.0,0.3625,1246.875,1252148.375,100.0
1998,1001.0,21.0,1.0,100.0,80.0,,19.0,0.3,1247.175,1253395.55,100.0
1999,1001.0,21.0,1.0,100.0,80.0,,20.0,0.9375,1248.1125,1254643.6625,100.0
2000,1001.0,21.0,1.0,100.0,80.0,,1.0,0.925,1249.0375,1255892.7,101.0
2001,1001.0,21.0,1.0,100.0,80.0,,2.0,0.6375,1249.675,1257142.375,101.0
2002,1001.0,21.0,1.0,100.0,80.0,,3.0,0.8375,1250.5125,1258392.8875,101.0
2003,1001.0,21.0,1.0,100.0,80.0,,4.0,1.2125,1251.725,1259644.6125,101.0
2004,1001.0,21.0,1.0,100.0,80.0,,5.0,0.3875,1252.1125,1260896.725,101.0
2005,1001.0,21.0,1.0,100.0,80.0,,6.0,0.8,1252.9125,1262149.6375,101.0
2006,1001.0,21.0,1.0,100.0,80.0,,7.0,0.55,1253.4625,1263403.1,101.0
2007,1001.0,21.0,1.0,100.0,80.0,,8.0,0.6625,1254.125,1264657.225,101.0
2008,1001.0,21.0,1.0,100.0,80.0,,9.0,1.175,1255.3,1265912.525,101.0
2009,1001.0,21.0,1.0,100.0,80.0,,10.0,0.9375,1256.2375,1267168.7625,101.0
2010,1001.0,21.0,1.0,100.0,80.0,,11.0,1.15,1257.3875,1268426.15,101.0
2011,1001.0,21.0,1.0,100.0,80.0,,12.0,0.5875,1257.975,1269684.125,101.0
2012,1001.0,21.0,1.0,100.0,80.0,,13.0,0.025,1258.0,1270942.125,101.0
2013,1001.0,21.0,1.0,100.0,80.0,,14.0,0.8375,1258.8375,1272200.9625,101.0
2014,1001.0,21.0,1.0,100.0,80.0,,15.0,0.875,1259.7125,1273460.675,101.0
2015,1001.0,21.0,1.0,100.0,80.0,,16.0,0.2875,1260.0,1274720.675,101.0
2016,1001.0,21.0,1.0,100.0,80.0,,17.0,0.575,1260.575,1275981.25,101.0
2017,1001.0,21.0,1.0,100.0,80.0,,18.0,0.4875,1261.0625,1277242.3125,101.0
2018,1001.0,21.0,1.0,100.0,80.0,,19.0,1.1625,1262.225,1278504.5375,101.0
2019,1001.0,21.0,1.0,100.0,80.0,,20.0,0.75,1262.975,1279767.5125,101.0
2020,1001.0,21.0,1.0,100.0,80.0,,1.0,0.475,1263.45,1281030.9625,102.0
2021,1001.0,21.0,1.0,100.0,80.0,,2.0,1.05,1264.5,1282295.4625,102.0
2022,1001.0,21.0,1.0,100.0,80.0,,3.0,0.35,1264.85,1283560.3125,102.0
2023,1001.0,21.0,1.0,100.0,80.0,,4.0,0.9,1265.75,1284826.0625,102.0
2024,1001.0,21.0,1.0,100.0,80.0,,5.0,0.6875,1266.4375,1286092.5,102.0
2025,1001.0,21.0,1.0,100.0,80.0,,6.0,1.225,1267.6625,1287360.1625,102.0
2026,1001.0,21.0,1.0,100.0,80.0,,7.0,1.2375,1268.9,1288629.0625,102.0
2027,1001.0,21.0,1.0,100.0,80.0,,8.0,0.7625,1269.6625,1289898.725,102.0
2028,1001.0,21.0,1.0,100.0,80.0,,9.0,0.2,1269.8625,1291168.5875,102.0
2029,1001.0,21.0,1.0,100.0,80.0,,10.0,0.3625,1270.225,1292438.8125,102.0
2030,1001.0,21.0,1.0,100.0,80.0,,11.0,0.8625,1271.0875,1293709.9,102.0
2031,1001.0,21.0,1.0,100.0,80.0,,12.0,0.1125,1271.2,1294981.1,102.0
2032,1001.0,21.0,1.0,100.0,80.0,,13.0,0.3625,1271.5625,1296252.6625,102.0
2033,1001.0,21.0,1.0,100.0,80.0,,14.0,1.2125,1272.775,1297525.4375,102.0
2034,1001.0,21.0,1.0,100.0,80.0,,15.0,0.7375,1273.5125,1298798.95,102.0
2035,1001.0,21.0,1.0,100.0,80.0,,16.0,1.15,1274.6625,1300073.6125,102.0
2036,1001.0,21.0,1.0,100.0,80.0,,17.0,1.05,1275.7125,1301349.325,102.0
2037,1001.0,21.0,1.0,100.0,80.0,,18.0,1.15,1276.8625,1302626.1875,102.0
2038,1001.0,21.0,1.0,100.0,80.0,,19.0,0.925,1277.7875,1303903.975,102.0
2039,1001.0,21.0,1.0,100.0,80.0,,20.0,1.1,1278.8875,1305182.8625,102.0
2040,1001.0,21.0,1.0,100.0,80.0,,1.0,0.75,1279.6375,1306462.5,103.0
2041,1001.0,21.0,1.0,100.0,80.0,,2.0,1.175,1280.8125,1307743.3125,103.0
2042,1001.0,21.0,1.0,100.0,80.0,,3.0,0.675,1281.4875,1309024.8,103.0
2043,1001.0,21.0,1.0,100.0,80.0,,4.0,0.075,1281.5625,1310306.3625,103.0
2044,1001.0,21.0,1.0,100.0,80.0,,5.0,0.45,1282.0125,1311588.375,103.0
2045,1001.0,21.0,1.0,100.0,80.0,,6.0,0.4375,1282.45,1312870.825,103.0
2046,1001.0,21.0,1.0,100.0,80.0,,7.0,0.925,1283.375,1314154.2,103.0
2047,1001.0,21.0,1.0,100.0,80.0,,8.0,1.225,1284.6,1315438.8,103.0
2048,1001.0,21.0,1.0,100.0,80.0,,9.0,0.775,1285.375,1316724.175,103.0
2049,1001.0,21.0,1.0,100.0,80.0,,10.0,0.9375,1286.3125,1318010.4875,103.0
2050,1001.0,21.0,1.0,100.0,80.0,,11.0,0.2625,1286.575,1319297.0625,103.0
2051,1001.0,21.0,1.0,100.0,80.0,,12.0,0.3375,1286.9125,1320583.975,103.0
2052,1001.0,21.0,1.0,100.0,80.0,,13.0,1.0625,1287.975,1321871.95,103.0
2053,1001.0,21.0,1.0,100.0,80.0,,14.0,0.475,1288.45,1323160.4,103.0
2054,1001.0,21.0,1.0,100.0,80.0,,15.0,0.95,1289.4,1324449.8,103.0
2055,1001.0,21.0,1.0,100.0,80.0,,16.0,0.025,1289.425,1325739.225,103.0
2056,1001.0,21.0,1.0,100.0,80.0,,17.0,1.2125,1290.6375,1327029.8625,103.0
2057,1001.0,21.0,1.0,100.0,80.0,,18.0,0.4125,1291.05,1328320.9125,103.0
2058,1001.0,21.0,1.0,100.0,80.0,,19.0,1.0375,1292.0875,1329613.0,103.0
2059,1001.0,21.0,1.0,100.0,80.0,,20.0,0.5875,1292.675,1330905.675,103.0
2060,1001.0,21.0,1.0,100.0,80.0,,1.0,0.3875,1293.0625,1332198.7375,104.0
2061,1001.0,21.0,1.0,100.0,80.0,,2.0,0.1875,1293.25,1333491.9875,104.0
2062,1001.0,21.0,1.0,100.0,80.0,,3.0,0.275,1293.525,1334785.5125,104.0
2063,1001.0,21.0,1.0,100.0,80.0,,4.0,0.5875,1294.1125,1336079.625,104.0
2064,1001.0,21.0,1.0,100.0,80.0,,5.0,0.75,1294.8625,1337374.4875,104.0
2065,1001.0,21.0,1.0,100.0,80.0,,6.0,0.7125,1295.575,1338670.0625,104.0
2066,1001.0,21.0,1.0,100.0,80.0,,7.0,1.0875,1296.6625,1339966.725,104.0
2067,1001.0,21.0,1.0,100.0,80.0,,8.0,0.85,1297.5125,1341264.2375,104.0
2068,1001.0,21.0,1.0,100.0,80.0,,9.0,0.2375,1297.75,1342561.9875,104.0
2069,1001.0,21.0,1.0,100.0,80.0,,10.0,1.05,1298.8,1343860.7875,104.0
2070,1001.0,21.0,1.0,100.0,80.0,,11.0,0.8625,1299.6625,1345160.45,104.0
2071,1001.0,21.0,1.0,100.0,80.0,,12.0,1.1,1300.7625,1346461.2125,104.0
2072,1001.0,21.0,1.0,100.0,80.0,,13.0,0.7125,1301.475,1347762.6875,104.0
2073,1001.0,21.0,1.0,100.0,80.0,,14.0,0.575,1302.05,1349064.7375,104.0
2074,1001.0,21.0,1.0,100.0,80.0,,15.0,0.75,1302.8,1350367.5375,104.0
2075,1001.0,21.0,1.0,100.0,80.0,,16.0,1.225,1304.025,1351671.5625,104.0
2076,1001.0,21.0,1.0,100.0,80.0,,17.0,0.75,1304.775,1352976.3375,104.0
2077,1001.0,21.0,1.0,100.0,80.0,,18.0,1.0125,1305.7875,1354282.125,104.0
2078,1001.0,21.0,1.0,100.0,80.0,,19.0,0.7375,1306.525,1355588.65,104.0
2079,1001.0,21.0,1.0,100.0,80.0,,20.0,0.9375,1307.4625,1356896.1125,104.0
2080,1001.0,21.0,1.0,100.0,80.0,,1.0,0.625,1308.0875,1358204.2,105.0
2081,1001.0,21.0,1.0,100.0,80.0,,2.0,0.8125,1308.9,1359513.1,105.0
2082,1001.0,21.0,1.0,100.0,80.0,,3.0,0.4625,1309.3625,1360822.4625,105.0
2083,1001.0,21.0,1.0,100.0,80.0,,4.0,0.9125,1310.275,1362132.7375,105.0
2084,1001.0,21.0,1.0,100.0,80.0,,5.0,0.525,1310.8,1363443.5375,105.0
2085,1001.0,21.0,1.0,100.0,80.0,,6.0,0.775,1311.575,1364755.1125,105.0
2086,1001.0,21.0,1.0,100.0,80.0,,7.0,0.6875,1312.2625,1366067.375,105.0
2087,1001.0,21.0,1.0,100.0,80.0,,8.0,0.625,1312.8875,1367380.2625,105.0
2088,1001.0,21.0,1.0,100.0,80.0,,9.0,0.2,1313.0875,1368693.35,105.0
2089,1001.0,21.0,1.0,100.0,80.0,,10.0,0.1125,1313.2,1370006.55,105.0
2090,1001.0,21.0,1.0,100.0,80.0,,11.0,0.65,1313.85,1371320.4,105.0
2091,1001.0,21.0,1.0,100.0,80.0,,12.0,0.5375,1314.3875,1372634.7875,105.0
2092,1001.0,21.0,1.0,100.0,80.0,,13.0,0.275,1314.6625,1373949.45,105.0
2093,1001.0,21.0,1.0,100.0,80.0,,14.0,0.425,1315.0875,1375264.5375,105.0
2094,1001.0,21.0,1.0,100.0,80.0,,15.0,0.1875,1315.275,1376579.8125,105.0
2095,1001.0,21.0,1.0,100.0,80.0,,16.0,1.1125,1316.3875,1377896.2,105.0
2096,1001.0,21.0,1.0,100.0,80.0,,17.0,1.2125,1317.6,1379213.8,105.0
2097,1001.0,21.0,1.0,100.0,80.0,,18.0,0.5125,1318.1125,1380531.9125,105.0
2098,1001.0,21.0,1.0,100.0,80.0,,19.0,1.0875,1319.2,1381851.1125,105.0
2099,1001.0,21.0,1.0,100.0,80.0,,20.0,1.0,1320.2,1383171.3125,105.0
2100,1001.0,21.0,1.0,100.0,80.0,,1.0,1.075,1321.275,1384492.5875,106.0
2101,1001.0,21.0,1.0,100.0,80.0,,2.0,0.2,1321.475,1385814.0625,106.0
2102,1001.0,21.0,1.0,100.0,80.0,,3.0,0.6,1322.075,1387136.1375,106.0
2103,1001.0,21.0,1.0,100.0,80.0,,4.0,0.9125,1322.9875,1388459.125,106.0
2104,1001.0,21.0,1.0,100.0,80.0,,5.0,0.15,1323.1375,1389782.2625,106.0
2105,1001.0,21.0,1.0,100.0,80.0,,6.0,1.1125,1324.25,1391106.5125,106.0
2106,1001.0,21.0,1.0,100.0,80.0,,7.0,1.1875,1325.4375,1392431.95,106.0
2107,1001.0,21.0,1.0,100.0,80.0,,8.0,0.275,1325.7125,1393757.6625,106.0
2108,1001.0,21.0,1.0,100.0,80.0,,9.0,0.525,1326.2375,1395083.9,106.0
2109,1001.0,21.0,1.0,100.0,80.0,,10.0,1.2375,1327.475,1396411.375,106.0
2110,1001.0,21.0,1.0,100.0,80.0,,11.0,0.5625,1328.0375,1397739.4125,106.0
2111,1001.0,21.0,1.0,100.0,80.0,,12.0,0.15,1328.1875,1399067.6,106.0
2112,1001.0,21.0,1.0,100.0,80.0,,13.0,0.0625,1328.25,1400395.85,106.0
2113,1001.0,21.0,1.0,100.0,80.0,,14.0,0.25,1328.5,1401724.35,106.0
2114,1001.0,21.0,1.0,100.0,80.0,,15.0,1.2125,1329.7125,1403054.0625,106.0
2115,1001.0,21.0,1.0,100.0,80.0,,16.0,0.625,1330.3375,1404384.4,106.0
2116,1001.0,21.0,1.0,100.0,80.0,,17.0,0.5875,1330.925,1405715.325,106.0
2117,1001.0,21.0,1.0,100.0,80.0,,18.0,0.4625,1331.3875,1407046.7125,106.0
2118,1001.0,21.0,1.0,100.0,80.0,,19.0,0.1625,1331.55,1408378.2625,106.0
2119,1001.0,21.0,1.0,100.0,80.0,,20.0,0.5,1332.05,1409710.3125,106.0
2120,1001.0,21.0,1.0,100.0,80.0,,1.0,0.9375,1332.9875,1411043.3,107.0
2121,1001.0,21.0,1.0,100.0,80.0,,2.0,0.0125,1333.0,1412376.3,107.0
2122,1001.0,21.0,1.0,100.0,80.0,,3.0,0.75,1333.75,1413710.05,107.0
2123,1001.0,21.0,1.0,100.0,80.0,,4.0,0.7,1334.45,1415044.5,107.0
2124,1001.0,21.0,1.0,100.0,80.0,,5.0,1.15,1335.6,1416380.1,107.0
2125,1001.0,21.0,1.0,100.0,80.0,,6.0,0.95,1336.55,1417716.65,107.0
2126,1001.0,21.0,1.0,100.0,80.0,,7.0,0.0875,1336.6375,1419053.2875,107.0
2127,1001.0,21.0,1.0,100.0,80.0,,8.0,0.1625,1336.8,1420390.0875,107.0
2128,1001.0,21.0,1.0,100.0,80.0,,9.0,1.025,1337.825,1421727.9125,107.0
2129,1001.0,21.0,1.0,100.0,80.0,,10.0,0.75,1338.575,1423066.4875,107.0
2130,1001.0,21.0,1.0,100.0,80.0,,11.0,1.0,1339.575,1424406.0625,107.0
2131,1001.0,21.0,1.0,100.0,80.0,,12.0,1.175,1340.75,1425746.8125,107.0
2132,1001.0,21.0,1.0,100.0,80.0,,13.0,0.0125,1340.7625,1427087.575,107.0
2133,1001.0,21.0,1.0,100.0,80.0,,14.0,0.55,1341.3125,1428428.8875,107.0
2134,1001.0,21.0,1.0,100.0,80.0,,15.0,0.9,1342.2125,1429771.1,107.0
2135,1001.0,21.0,1.0,100.0,80.0,,16.0,0.675,1342.8875,1431113.9875,107.0
2136,1001.0,21.0,1.0,100.0,80.0,,17.0,0.025,1342.9125,1432456.9,107.0
2137,1001.0,21.0,1.0,100.0,80.0,,18.0,0.075,1342.9875,1433799.8875,107.0
2138,1001.0,21.0,1.0,100.0,80.0,,19.0,0.575,1343.5625,1435143.45,107.0
2139,1001.0,21.0,1.0,100.0,80.0,,20.0,0.95,1344.5125,1436487.9625,107.0
2140,1001.0,21.0,1.0,100.0,80.0,,1.0,1.0875,1345.6,1437833.5625,108.0
2141,1001.0,21.0,1.0,100.0,80.0,,2.0,0.75,1346.35,1439179.9125,108.0
2142,1001.0,21.0,1.0,100.0,80.0,,3.0,0.3625,1346.7125,1440526.625,108.0
2143,1001.0,21.0,1.0,100.0,80.0,,4.0,0.8625,1347.575,1441874.2,108.0
2144,1001.0,21.0,1.0,100.0,80.0,,5.0,0.35,1347.925,1443222.125,108.0
2145,1001.0,21.0,1.0,100.0,80.0,,6.0,0.2125,1348.1375,1444570.2625,108.0
2146,1001.0,21.0,1.0,100.0,80.0,,7.0,0.975,1349.1125,1445919.375,108.0
2147,1001.0,21.0,1.0,100.0,80.0,,8.0,0.075,1349.1875,1447268.5625,108.0
2148,1001.0,21.0,1.0,100.0,80.0,,9.0,0.1,1349.2875,1448617.85,108.0
2149,1001.0,21.0,1.0,100.0,80.0,,10.0,0.65,1349.9375,1449967.7875,108.0
2150,1001.0,21.0,1.0,100.0,80.0,,11.0,0.7875,1350.725,1451318.5125,108.0
2151,1001.0,21.0,1.0,100.0,80.0,,12.0,0.3375,1351.0625,1452669.575,108.0
2152,1001.0,21.0,1.0,100.0,80.0,,13.0,0.05,1351.1125,1454020.6875,108.0
2153,1001.0,21.0,1.0,100.0,80.0,,14.0,0.8,1351.9125,1455372.6,108.0
2154,1001.0,21.0,1.0,100.0,80.0,,15.0,0.1125,1352.025,1456724.625,108.0
2155,1001.0,21.0,1.0,100.0,80.0,,16.0,0.575,1352.6,1458077.225,108.0
2156,1001.0,21.0,1.0,100.0,80.0,,17.0,0.0625,1352.6625,1459429.8875,108.0
2157,1001.0,21.0,1.0,100.0,80.0,,18.0,0.1375,1352.8,1460782.6875,108.0
2158,1001.0,21.0,1.0,100.0,80.0,,19.0,0.325,1353.125,1462135.8125,108.0
2159,1001.0,21.0,1.0,100.0,80.0,,20.0,0.1875,1353.3125,1463489.125,108.0
2160,1001.0,21.0,1.0,100.0,80.0,,1.0,0.7625,1354.075,1464843.2,109.0
2161,1001.0,21.0,1.0,100.0,80.0,,2.0,0.25,1354.325,1466197.525,109.0
2162,1001.0,21.0,1.0,100.0,80.0,,3.0,1.05,1355.375,1467552.9,109.0
2163,1001.0,21.0,1.0,100.0,80.0,,4.0,0.3875,1355.7625,1468908.6625,109.0
2164,1001.0,21.0,1.0,100.0,80.0,,5.0,0.3375,1356.1,1470264.7625,109.0
2165,1001.0,21.0,1.0,100.0,80.0,,6.0,0.1625,1356.2625,1471621.025,109.0
2166,1001.0,21.0,1.0,100.0,80.0,,7.0,0.475,1356.7375,1472977.7625,109.0
2167,1001.0,21.0,1.0,100.0,80.0,,8.0,1.1,1357.8375,1474335.6,109.0
2168,1001.0,21.0,1.0,100.0,80.0,,9.0,0.6625,1358.5,1475694.1,109.0
2169,1001.0,21.0,1.0,100.0,80.0,,10.0,1.2125,1359.7125,1477053.8125,109.0
2170,1001.0,21.0,1.0,100.0,80.0,,11.0,0.2,1359.9125,1478413.725,109.0
2171,1001.0,21.0,1.0,100.0,80.0,,12.0,0.325,1360.2375,1479773.9625,109.0
2172,1001.0,21.0,1.0,100.0,80.0,,13.0,0.6875,1360.925,1481134.8875,109.0
2173,1001.0,21.0,1.0,100.0,80.0,,14.0,1.175,1362.1,1482496.9875,109.0
2174,1001.0,21.0,1.0,100.0,80.0,,15.0,0.8875,1362.9875,1483859.975,109.0
2175,1001.0,21.0,1.0,100.0,80.0,,16.0,0.25,1363.2375,1485223.2125,109.0
2176,1001.0,21.0,1.0,100.0,80.0,,17.0,1.1375,1364.375,1486587.5875,109.0
2177,1001.0,21.0,1.0,100.0,80.0,,18.0,0.95,1365.325,1487952.9125,109.0
2178,1001.0,21.0,1.0,100.0,80.0,,19.0,0.575,1365.9,1489318.8125,109.0
2179,1001.0,21.0,1.0,100.0,80.0,,20.0,0.4,1366.3,1490685.1125,109.0
2180,1001.0,21.0,1.0,100.0,80.0,,1.0,0.975,1367.275,1492052.3875,110.0
2181,1001.0,21.0,1.0,100.0,80.0,,2.0,0.675,1367.95,1493420.3375,110.0
2182,1001.0,21.0,1.0,100.0,80.0,,3.0,0.975,1368.925,1494789.2625,110.0
2183,1001.0,21.0,1.0,100.0,80.0,,4.0,0.225,1369.15,1496158.4125,110.0
2184,1001.0,21.0,1.0,100.0,80.0,,5.0,0.6,1369.75,1497528.1625,110.0
2185,1001.0,21.0,1.0,100.0,80.0,,6.0,0.45,1370.2,1498898.3625,110.0
2186,1001.0,21.0,1.0,100.0,80.0,,7.0,0.2,1370.4,1500268.7625,110.0
2187,1001.0,21.0,1.0,100.0,80.0,,8.0,0.6875,1371.0875,1501639.85,110.0
2188,1001.0,21.0,1.0,100.0,80.0,,9.0,0.375,1371.4625,1503011.3125,110.0
2189,1001.0,21.0,1.0,100.0,80.0,,10.0,0.05,1371.5125,1504382.825,110.0
2190,1001.0,21.0,1.0,100.0,80.0,,11.0,1.075,1372.5875,1505755.4125,110.0
2191,1001.0,21.0,1.0,100.0,80.0,,12.0,1.1875,1373.775,1507129.1875,110.0
2192,1001.0,21.0,1.0,100.0,80.0,,13.0,1.2125,1374.9875,1508504.175,110.0
2193,1001.0,21.0,1.0,100.0,80.0,,14.0,0.6375,1375.625,1509879.8,110.0
2194,1001.0,21.0,1.0,100.0,80.0,,15.0,0.7875,1376.4125,1511256.2125,110.0
2195,1001.0,21.0,1.0,100.0,80.0,,16.0,0.675,1377.0875,1512633.3,110.0
2196,1001.0,21.0,1.0,100.0,80.0,,17.0,1.1875,1378.275,1514011.575,110.0
2197,1001.0,21.0,1.0,100.0,80.0,,18.0,1.0125,1379.2875,1515390.8625,110.0
2198,1001.0,21.0,1.0,100.0,80.0,,19.0,0.4,1379.6875,1516770.55,110.0
2199,1001.0,21.0,1.0,100.0,80.0,,20.0,0.2625,1379.95,1518150.5,110.0
2200,1001.0,21.0,1.0,100.0,80.0,,1.0,0.325,1380.275,1519530.775,111.0
2201,1001.0,21.0,1.0,100.0,80.0,,2.0,1.0625,1381.3375,1520912.1125,111.0
2202,1001.0,21.0,1.0,100.0,80.0,,3.0,1.05,1382.3875,1522294.5,111.0
2203,1001.0,21.0,1.0,100.0,80.0,,4.0,0.2875,1382.675,1523677.175,111.0
2204,1001.0,21.0,1.0,100.0,80.0,,5.0,1.2375,1383.9125,1525061.0875,111.0
2205,1001.0,21.0,1.0,100.0,80.0,,6.0,0.625,1384.5375,1526445.625,111.0
2206,1001.0,21.0,1.0,100.0,80.0,,7.0,0.5375,1385.075,1527830.7,111.0
2207,1001.0,21.0,1.0,100.0,80.0,,8.0,0.975,1386.05,1529216.75,111.0
2208,1001.0,21.0,1.0,100.0,80.0,,9.0,0.95,1387.0,1530603.75,111.0
2209,1001.0,21.0,1.0,100.0,80.0,,10.0,0.4125,1387.4125,1531991.1625,111.0
2210,1001.0,21.0,1.0,100.0,80.0,,11.0,0.6375,1388.05,1533379.2125,111.0
2211,1001.0,21.0,1.0,100.0,80.0,,12.0,0.1875,1388.2375,1534767.45,111.0
2212,1001.0,21.0,1.0,100.0,80.0,,13.0,1.0375,1389.275,1536156.725,111.0
2213,1001.0,21.0,1.0,100.0,80.0,,14.0,0.3,1389.575,1537546.3,111.0
2214,1001.0,21.0,1.0,100.0,80.0,,15.0,0.5875,1390.1625,1538936.4625,111.0
2215,1001.0,21.0,1.0,100.0,80.0,,16.0,1.0875,1391.25,1540327.7125,111.0
2216,1001.0,21.0,1.0,100.0,80.0,,17.0,0.075,1391.325,1541719.0375,111.0
2217,1001.0,21.0,1.0,100.0,80.0,,18.0,0.15,1391.475,1543110.5125,111.0
2218,1001.0,21.0,1.0,100.0,80.0,,19.0,0.9875,1392.4625,1544502.975,111.0
2219,1001.0,21.0,1.0,100.0,80.0,,20.0,0.6625,1393.125,1545896.1,111.0
2220,1001.0,21.0,1.0,100.0,80.0,,1.0,0.6,1393.725,1547289.825,112.0
2221,1001.0,21.0,1.0,100.0,80.0,,2.0,1.075,1394.8,1548684.625,112.0
2222,1001.0,21.0,1.0,100.0,80.0,,3.0,1.175,1395.975,1550080.6,112.0
2223,1001.0,21.0,1.0,100.0,80.0,,4.0,0.525,1396.5,1551477.1,112.0
2224,1001.0,21.0,1.0,100.0,80.0,,5.0,0.175,1396.675,1552873.775,112.0
2225,1001.0,21.0,1.0,100.0,80.0,,6.0,0.7375,1397.4125,1554271.1875,112.0
2226,1001.0,21.0,1.0,100.0,80.0,,7.0,0.7125,1398.125,1555669.3125,112.0
2227,1001.0,21.0,1.0,100.0,80.0,,8.0,0.7375,1398.8625,1557068.175,112.0
2228,1001.0,21.0,1.0,100.0,80.0,,9.0,0.475,1399.3375,1558467.5125,112.0
2229,1001.0,21.0,1.0,100.0,80.0,,10.0,0.7,1400.0375,1559867.55,112.0
2230,1001.0,21.0,1.0,100.0,80.0,,11.0,0.775,1400.8125,1561268.3625,112.0
2231,1001.0,21.0,1.0,100.0,80.0,,12.0,0.5125,1401.325,1562669.6875,112.0
2232,1001.0,21.0,1.0,100.0,80.0,,13.0,1.1625,1402.4875,1564072.175,112.0
2233,1001.0,21.0,1.0,100.0,80.0,,14.0,1.05,1403.5375,1565475.7125,112.0
2234,1001.0,21.0,1.0,100.0,80.0,,15.0,0.075,1403.6125,1566879.325,112.0
2235,1001.0,21.0,1.0,100.0,80.0,,16.0,0.2125,1403.825,1568283.15,112.0
2236,1001.0,21.0,1.0,100.0,80.0,,17.0,0.875,1404.7,1569687.85,112.0
2237,1001.0,21.0,1.0,100.0,80.0,,18.0,0.1875,1404.8875,1571092.7375,112.0
2238,1001.0,21.0,1.0,100.0,80.0,,19.0,0.7125,1405.6,1572498.3375,112.0
2239,1001.0,21.0,1.0,100.0,80.0,,20.0,0.775,1406.375,1573904.7125,112.0
2240,1001.0,21.0,1.0,100.0,80.0,,1.0,0.425,1406.8,1575311.5125,113.0
2241,1001.0,21.0,1.0,100.0,80.0,,2.0,0.0875,1406.8875,1576718.4,113.0
2242,1001.0,21.0,1.0,100.0,80.0,,3.0,0.95,1407.8375,1578126.2375,113.0
2243,1001.0,21.0,1.0,100.0,80.0,,4.0,1.05,1408.8875,1579535.125,113.0
2244,1001.0,21.0,1.0,100.0,80.0,,5.0,0.5125,1409.4,1580944.525,113.0
2245,1001.0,21.0,1.0,100.0,80.0,,6.0,0.6125,1410.0125,1582354.5375,113.0
2246,1001.0,21.0,1.0,100.0,80.0,,7.0,0.1,1410.1125,1583764.65,113.0
2247,1001.0,21.0,1.0,100.0,80.0,,8.0,0.375,1410.4875,1585175.1375,113.0
2248,1001.0,21.0,1.0,100.0,80.0,,9.0,1.0,1411.4875,1586586.625,113.0
2249,1001.0,21.0,1.0,100.0,80.0,,10.0,0.7,1412.1875,1587998.8125,113.0
2250,1001.0,21.0,1.0,100.0,80.0,,11.0,1.1625,1413.35,1589412.1625,113.0
2251,1001.0,21.0,1.0,100.0,80.0,,12.0,0.2625,1413.6125,1590825.775,113.0
2252,1001.0,21.0,1.0,100.0,80.0,,13.0,0.0125,1413.625,1592239.4,113.0
2253,1001.0,21.0,1.0,100.0,80.0,,14.0,0.7125,1414.3375,1593653.7375,113.0
2254,1001.0,21.0,1.0,100.0,80.0,,15.0,0.3375,1414.675,1595068.4125,113.0
2255,1001.0,21.0,1.0,100.0,80.0,,16.0,0.0375,1414.7125,1596483.125,113.0
2256,1001.0,21.0,1.0,100.0,80.0,,17.0,0.4,1415.1125,1597898.2375,113.0
2257,1001.0,21.0,1.0,100.0,80.0,,18.0,0.55,1415.6625,1599313.9,113.0
2258,1001.0,21.0,1.0,100.0,80.0,,19.0,0.4,1416.0625,1600729.9625,113.0
2259,1001.0,21.0,1.0,100.0,80.0,,20.0,0.45,1416.5125,1602146.475,113.0
2260,1001.0,21.0,1.0,100.0,80.0,,1.0,0.0625,1416.575,1603563.05,114.0
2261,1001.0,21.0,1.0,100.0,80.0,,2.0,0.725,1417.3,1604980.35,114.0
2262,1001.0,21.0,1.0,100.0,80.0,,3.0,1.1625,1418.4625,1606398.8125,114.0
2263,1001.0,21.0,1.0,100.0,80.0,,4.0,1.1875,1419.65,1607818.4625,114.0
2264,1001.0,21.0,1.0,100.0,80.0,,5.0,0.6375,1420.2875,1609238.75,114.0
2265,1001.0,21.0,1.0,100.0,80.0,,6.0,0.0625,1420.35,1610659.1,114.0
2266,1001.0,21.0,1.0,100.0,80.0,,7.0,0.0125,1420.3625,1612079.4625,114.0
2267,1001.0,21.0,1.0,100.0,80.0,,8.0,0.0875,1420.45,1613499.9125,114.0
2268,1001.0,21.0,1.0,100.0,80.0,,9.0,0.075,1420.525,1614920.4375,114.0
2269,1001.0,21.0,1.0,100.0,80.0,,10.0,0.0625,1420.5875,1616341.025,114.0
2270,1001.0,21.0,1.0,100.0,80.0,,11.0,0.975,1421.5625,1617762.5875,114.0
2271,1001.0,21.0,1.0,100.0,80.0,,12.0,0.75,1422.3125,1619184.9,114.0
2272,1001.0,21.0,1.0,100.0,80.0,,13.0,0.5625,1422.875,1620607.775,114.0
2273,1001.0,21.0,1.0,100.0,80.0,,14.0,0.3625,1423.2375,1622031.0125,114.0
2274,1001.0,21.0,1.0,100.0,80.0,,15.0,0.8375,1424.075,1623455.0875,114.0
2275,1001.0,21.0,1.0,100.0,80.0,,16.0,1.225,1425.3,1624880.3875,114.0
2276,1001.0,21.0,1.0,100.0,80.0,,17.0,0.225,1425.525,1626305.9125,114.0
2277,1001.0,21.0,1.0,100.0,80.0,,18.0,0.3,1425.825,1627731.7375,114.0
2278,1001.0,21.0,1.0,100.0,80.0,,19.0,0.7,1426.525,1629158.2625,114.0
2279,1001.0,21.0,1.0,100.0,80.0,,20.0,0.55,1427.075,1630585.3375,114.0
2280,1001.0,21.0,1.0,100.0,80.0,,1.0,0.2875,1427.3625,1632012.7,115.0
2281,1001.0,21.0,1.0,100.0,80.0,,2.0,0.125,1427.4875,1633440.1875,115.0
2282,1001.0,21.0,1.0,100.0,80.0,,3.0,0.8375,1428.325,1634868.5125,115.0
2283,1001.0,21.0,1.0,100.0,80.0,,4.0,0.15,1428.475,1636296.9875,115.0
2284,1001.0,21.0,1.0,100.0,80.0,,5.0,0.1875,1428.6625,1637725.65,115.0
2285,1001.0,21.0,1.0,100.0,80.0,,6.0,0.5,1429.1625,1639154.8125,115.0
2286,1001.0,21.0,1.0,100.0,80.0,,7.0,1.2375,1430.4,1640585.2125,115.0
2287,1001.0,21.0,1.0,100.0,80.0,,8.0,0.025,1430.425,1642015.6375,115.0
2288,1001.0,21.0,1.0,100.0,80.0,,9.0,1.1875,1431.6125,1643447.25,115.0
2289,1001.0,21.0,1.0,100.0,80.0,,10.0,0.8,1432.4125,1644879.6625,115.0
2290,1001.0,21.0,1.0,100.0,80.0,,11.0,0.0125,1432.425,1646312.0875,115.0
2291,1001.0,21.0,1.0,100.0,80.0,,12.0,0.075,1432.5,1647744.5875,115.0
2292,1001.0,21.0,1.0,100.0,80.0,,13.0,0.025,1432.525,1649177.1125,115.0
2293,1001.0,21.0,1.0,100.0,80.0,,14.0,0.525,1433.05,1650610.1625,115.0
2294,1001.0,21.0,1.0,100.0,80.0,,15.0,0.075,1433.125,1652043.2875,115.0
2295,1001.0,21.0,1.0,100.0,80.0,,16.0,0.6125,1433.7375,1653477.025,115.0
2296,1001.0,21.0,1.0,100.0,80.0,,17.0,0.5625,1434.3,1654911.325,115.0
2297,1001.0,21.0,1.0,100.0,80.0,,18.0,1.1875,1435.4875,1656346.8125,115.0
2298,1001.0,21.0,1.0,100.0,80.0,,19.0,1.225,1436.7125,1657783.525,115.0
2299,1001.0,21.0,1.0,100.0,80.0,,20.0,0.625,1437.3375,1659220.8625,115.0
2300,1001.0,21.0,1.0,100.0,80.0,,1.0,0.0375,1437.375,1660658.2375,116.0
2301,1001.0,21.0,1.0,100.0,80.0,,2.0,0.6125,1437.9875,1662096.225,116.0
2302,1001.0,21.0,1.0,100.0,80.0,,3.0,0.1375,1438.125,1663534.35,116.0
2303,1001.0,21.0,1.0,100.0,80.0,,4.0,0.9,1439.025,1664973.375,116.0
2304,1001.0,21.0,1.0,100.0,80.0,,5.0,0.1625,1439.1875,1666412.5625,116.0
2305,1001.0,21.0,1.0,100.0,80.0,,6.0,1.2,1440.3875,1667852.95,116.0
2306,1001.0,21.0,1.0,100.0,80.0,,7.0,0.475,1440.8625,1669293.8125,116.0
2307,1001.0,21.0,1.0,100.0,80.0,,8.0,1.1,1441.9625,1670735.775,116.0
2308,1001.0,21.0,1.0,100.0,80.0,,9.0,0.275,1442.2375,1672178.0125,116.0
2309,1001.0,21.0,1.0,100.0,80.0,,10.0,0.725,1442.9625,1673620.975,116.0
2310,1001.0,21.0,1.0,100.0,80.0,,11.0,0.325,1443.2875,1675064.2625,116.0
2311,1001.0,21.0,1.0,100.0,80.0,,12.0,0.5375,1443.825,1676508.0875,116.0
2312,1001.0,21.0,1.0,100.0,80.0,,13.0,0.8625,1444.6875,1677952.775,116.0
2313,1001.0,21.0,1.0,100.0,80.0,,14.0,0.1375,1444.825,1679397.6,116.0
2314,1001.0,21.0,1.0,100.0,80.0,,15.0,0.3875,1445.2125,1680842.8125,116.0
2315,1001.0,21.0,1.0,100.0,80.0,,16.0,0.8375,1446.05,1682288.8625,116.0
2316,1001.0,21.0,1.0,100.0,80.0,,17.0,0.1,1446.15,1683735.0125,116.0
2317,1001.0,21.0,1.0,100.0,80.0,,18.0,1.0375,1447.1875,1685182.2,116.0
2318,1001.0,21.0,1.0,100.0,80.0,,19.0,0.725,1447.9125,1686630.1125,116.0
2319,1001.0,21.0,1.0,100.0,80.0,,20.0,0.5875,1448.5,1688078.6125,116.0
2320,1001.0,21.0,1.0,100.0,80.0,,1.0,0.7875,1449.2875,1689527.9,117.0
2321,1001.0,21.0,1.0,100.0,80.0,,2.0,0.45,1449.7375,1690977.6375,117.0
2322,1001.0,21.0,1.0,100.0,80.0,,3.0,1.075,1450.8125,1692428.45,117.0
2323,1001.0,21.0,1.0,100.0,80.0,,4.0,0.05,1450.8625,1693879.3125,117.0
2324,1001.0,21.0,1.0,100.0,80.0,,5.0,0.8875,1451.75,1695331.0625,117.0
2325,1001.0,21.0,1.0,100.0,80.0,,6.0,0.9375,1452.6875,1696783.75,117.0
2326,1001.0,21.0,1.0,100.0,80.0,,7.0,1.1375,1453.825,1698237.575,117.0
2327,1001.0,21.0,1.0,100.0,80.0,,8.0,1.2,1455.025,1699692.6,117.0
2328,1001.0,21.0,1.0,100.0,80.0,,9.0,0.6375,1455.6625,1701148.2625,117.0
2329,1001.0,21.0,1.0,100.0,80.0,,10.0,0.1625,1455.825,1702604.0875,117.0
2330,1001.0,21.0,1.0,100.0,80.0,,11.0,0.125,1455.95,1704060.0375,117.0
2331,1001.0,21.0,1.0,100.0,80.0,,12.0,0.675,1456.625,1705516.6625,117.0
2332,1001.0,21.0,1.0,100.0,80.0,,13.0,0.05,1456.675,1706973.3375,117.0
2333,1001.0,21.0,1.0,100.0,80.0,,14.0,0.1125,1456.7875,1708430.125,117.0
2334,1001.0,21.0,1.0,100.0,80.0,,15.0,0.75,1457.5375,1709887.6625,117.0
2335,1001.0,21.0,1.0,100.0,80.0,,16.0,0.7125,1458.25,1711345.9125,117.0
2336,1001.0,21.0,1.0,100.0,80.0,,17.0,0.425,1458.675,1712804.5875,117.0
2337,1001.0,21.0,1.0,100.0,80.0,,18.0,0.7875,1459.4625,1714264.05,117.0
2338,1001.0,21.0,1.0,100.0,80.0,,19.0,1.225,1460.6875,1715724.7375,117.0
2339,1001.0,21.0,1.0,100.0,80.0,,20.0,1.125,1461.8125,1717186.55,117.0
2340,1001.0,21.0,1.0,100.0,80.0,,1.0,0.5625,1462.375,1718648.925,118.0
2341,1001.0,21.0,1.0,100.0,80.0,,2.0,0.8625,1463.2375,1720112.1625,118.0
2342,1001.0,21.0,1.0,100.0,80.0,,3.0,0.3625,1463.6,1721575.7625,118.0
2343,1001.0,21.0,1.0,100.0,80.0,,4.0,1.125,1464.725,1723040.4875,118.0
2344,1001.0,21.0,1.0,100.0,80.0,,5.0,1.1,1465.825,1724506.3125,118.0
2345,1001.0,21.0,1.0,100.0,80.0,,6.0,0.7375,1466.5625,1725972.875,118.0
2346,1001.0,21.0,1.0,100.0,80.0,,7.0,1.0125,1467.575,1727440.45,118.0
2347,1001.0,21.0,1.0,100.0,80.0,,8.0,0.1625,1467.7375,1728908.1875,118.0
2348,1001.0,21.0,1.0,100.0,80.0,,9.0,0.9625,1468.7,1730376.8875,118.0
2349,1001.0,21.0,1.0,100.0,80.0,,10.0,0.275,1468.975,1731845.8625,118.0
2350,1001.0,21.0,1.0,100.0,80.0,,11.0,0.9875,1469.9625,1733315.825,118.0
2351,1001.0,21.0,1.0,100.0,80.0,,12.0,0.075,1470.0375,1734785.8625,118.0
2352,1001.0,21.0,1.0,100.0,80.0,,13.0,0.9375,1470.975,1736256.8375,118.0
2353,1001.0,21.0,1.0,100.0,80.0,,14.0,0.325,1471.3,1737728.1375,118.0
2354,1001.0,21.0,1.0,100.0,80.0,,15.0,0.05,1471.35,1739199.4875,118.0
2355,1001.0,21.0,1.0,100.0,80.0,,16.0,0.75,1472.1,1740671.5875,118.0
2356,1001.0,21.0,1.0,100.0,80.0,,17.0,0.1125,1472.2125,1742143.8,118.0
2357,1001.0,21.0,1.0,100.0,80.0,,18.0,0.4,1472.6125,1743616.4125,118.0
2358,1001.0,21.0,1.0,100.0,80.0,,19.0,0.6375,1473.25,1745089.6625,118.0
2359,1001.0,21.0,1.0,100.0,80.0,,20.0,1.1375,1474.3875,1746564.05,118.0
2360,1001.0,21.0,1.0,100.0,80.0,,1.0,0.6125,1475.0,1748039.05,119.0
2361,1001.0,21.0,1.0,100.0,80.0,,2.0,0.6,1475.6,1749514.65,119.0
2362,1001.0,21.0,1.0,100.0,80.0,,3.0,0.825,1476.425,1750991.075,119.0
2363,1001.0,21.0,1.0,100.0,80.0,,4.0,0.375,1476.8,1752467.875,119.0
2364,1001.0,21.0,1.0,100.0,80.0,,5.0,1.2,1478.0,1753945.875,119.0
2365,1001.0,21.0,1.0,100.0,80.0,,6.0,0.7125,1478.7125,1755424.5875,119.0
2366,1001.0,21.0,1.0,100.0,80.0,,7.0,0.125,1478.8375,1756903.425,119.0
2367,1001.0,21.0,1.0,100.0,80.0,,8.0,1.2375,1480.075,1758383.5,119.0
2368,1001.0,21.0,1.0,100.0,80.0,,9.0,0.3875,1480.4625,1759863.9625,119.0
2369,1001.0,21.0,1.0,100.0,80.0,,10.0,0.9625,1481.425,1761345.3875,119.0
2370,1001.0,21.0,1.0,100.0,80.0,,11.0,1.1375,1482.5625,1762827.95,119.0
2371,1001.0,21.0,1.0,100.0,80.0,,12.0,0.2125,1482.775,1764310.725,119.0
2372,1001.0,21.0,1.0,100.0,80.0,,13.0,0.525,1483.3,1765794.025,119.0
2373,1001.0,21.0,1.0,100.0,80.0,,14.0,0.825,1484.125,1767278.15,119.0
2374,1001.0,21.0,1.0,100.0,80.0,,15.0,1.1875,1485.3125,1768763.4625,119.0
2375,1001.0,21.0,1.0,100.0,80.0,,16.0,0.425,1485.7375,1770249.2,119.0
2376,1001.0,21.0,1.0,100.0,80.0,,17.0,0.6875,1486.425,1771735.625,119.0
2377,1001.0,21.0,1.0,100.0,80.0,,18.0,0.55,1486.975,1773222.6,119.0
2378,1001.0,21.0,1.0,100.0,80.0,,19.0,0.4875,1487.4625,1774710.0625,119.0
2379,1001.0,21.0,1.0,100.0,80.0,,20.0,0.1375,1487.6,1776197.6625,119.0
2380,1001.0,21.0,1.0,100.0,80.0,,1.0,0.85,1488.45,1777686.1125,120.0
2381,1001.0,21.0,1.0,100.0,80.0,,2.0,0.25,1488.7,1779174.8125,120.0
2382,1001.0,21.0,1.0,100.0,80.0,,3.0,0.7875,1489.4875,1780664.3,120.0
2383,1001.0,21.0,1.0,100.0,80.0,,4.0,0.75,1490.2375,1782154.5375,120.0
2384,1001.0,21.0,1.0,100.0,80.0,,5.0,0.2875,1490.525,1783645.0625,120.0
2385,1001.0,21.0,1.0,100.0,80.0,,6.0,0.4375,1490.9625,1785136.025,120.0
2386,1001.0,21.0,1.0,100.0,80.0,,7.0,0.7375,1491.7,1786627.725,120.0
2387,1001.0,21.0,1.0,100.0,80.0,,8.0,0.25,1491.95,1788119.675,120.0
2388,1001.0,21.0,1.0,100.0,80.0,,9.0,1.225,1493.175,1789612.85,120.0
2389,1001.0,21.0,1.0,100.0,80.0,,10.0,1.15,1494.325,1791107.175,120.0
2390,1001.0,21.0,1.0,100.0,80.0,,11.0,1.1625,1495.4875,1792602.6625,120.0
2391,1001.0,21.0,1.0,100.0,80.0,,12.0,0.5875,1496.075,1794098.7375,120.0
2392,1001.0,21.0,1.0,100.0,80.0,,13.0,0.625,1496.7,1795595.4375,120.0
2393,1001.0,21.0,1.0,100.0,80.0,,14.0,1.2375,1497.9375,1797093.375,120.0
2394,1001.0,21.0,1.0,100.0,80.0,,15.0,0.2,1498.1375,1798591.5125,120.0
2395,1001.0,21.0,1.0,100.0,80.0,,16.0,0.125,1498.2625,1800089.775,120.0
2396,1001.0,21.0,1.0,100.0,80.0,,17.0,1.175,1499.4375,1801589.2125,120.0
2397,1001.0,21.0,1.0,100.0,80.0,,18.0,0.65,1500.0875,1803089.3,120.0
2398,1001.0,21.0,1.0,100.0,80.0,,19.0,0.7,1500.7875,1804590.0875,120.0
2399,1001.0,21.0,1.0,100.0,80.0,,20.0,1.15,1501.9375,1806092.025,120.0
2400,1001.0,21.0,1.0,100.0,80.0,,1.0,0.7625,1502.7,1807594.725,121.0
2401,1001.0,21.0,1.0,100.0,80.0,,2.0,0.8375,1503.5375,1809098.2625,121.0
2402,1001.0,21.0,1.0,100.0,80.0,,3.0,1.0125,1504.55,1810602.8125,121.0
2403,1001.0,21.0,1.0,100.0,80.0,,4.0,0.5625,1505.1125,1812107.925,121.0
2404,1001.0,21.0,1.0,100.0,80.0,,5.0,0.95,1506.0625,1813613.9875,121.0
2405,1001.0,21.0,1.0,100.0,80.0,,6.0,0.9875,1507.05,1815121.0375,121.0
2406,1001.0,21.0,1.0,100.0,80.0,,7.0,1.2375,1508.2875,1816629.325,121.0
2407,1001.0,21.0,1.0,100.0,80.0,,8.0,1.0875,1509.375,1818138.7,121.0
2408,1001.0,21.0,1.0,100.0,80.0,,9.0,0.25,1509.625,1819648.325,121.0
2409,1001.0,21.0,1.0,100.0,80.0,,10.0,1.1625,1510.7875,1821159.1125,121.0
2410,1001.0,21.0,1.0,100.0,80.0,,11.0,0.7625,1511.55,1822670.6625,121.0
2411,1001.0,21.0,1.0,100.0,80.0,,12.0,0.5625,1512.1125,1824182.775,121.0
2412,1001.0,21.0,1.0,100.0,80.0,,13.0,0.1,1512.2125,1825694.9875,121.0
2413,1001.0,21.0,1.0,100.0,80.0,,14.0,0.0875,1512.3,1827207.2875,121.0
2414,1001.0,21.0,1.0,100.0,80.0,,15.0,1.225,1513.525,1828720.8125,121.0
2415,1001.0,21.0,1.0,100.0,80.0,,16.0,0.8375,1514.3625,1830235.175,121.0
2416,1001.0,21.0,1.0,100.0,80.0,,17.0,0.6875,1515.05,1831750.225,121.0
2417,1001.0,21.0,1.0,100.0,80.0,,18.0,0.1125,1515.1625,1833265.3875,121.0
2418,1001.0,21.0,1.0,100.0,80.0,,19.0,0.8125,1515.975,1834781.3625,121.0
2419,1001.0,21.0,1.0,100.0,80.0,,20.0,1.1125,1517.0875,1836298.45,121.0
2420,1001.0,21.0,1.0,100.0,80.0,,1.0,0.725,1517.8125,1837816.2625,122.0
2421,1001.0,21.0,1.0,100.0,80.0,,2.0,0.4625,1518.275,1839334.5375,122.0
2422,1001.0,21.0,1.0,100.0,80.0,,3.0,0.6,1518.875,1840853.4125,122.0
2423,1001.0,21.0,1.0,100.0,80.0,,4.0,0.8625,1519.7375,1842373.15,122.0
2424,1001.0,21.0,1.0,100.0,80.0,,5.0,1.0125,1520.75,1843893.9,122.0
2425,1001.0,21.0,1.0,100.0,80.0,,6.0,0.7875,1521.5375,1845415.4375,122.0
2426,1001.0,21.0,1.0,100.0,80.0,,7.0,1.175,1522.7125,1846938.15,122.0
2427,1001.0,21.0,1.0,100.0,80.0,,8.0,0.225,1522.9375,1848461.0875,122.0
2428,1001.0,21.0,1.0,100.0,80.0,,9.0,0.3375,1523.275,1849984.3625,122.0
2429,1001.0,21.0,1.0,100.0,80.0,,10.0,0.2375,1523.5125,1851507.875,122.0
2430,1001.0,21.0,1.0,100.0,80.0,,11.0,0.325,1523.8375,1853031.7125,122.0
2431,1001.0,21.0,1.0,100.0,80.0,,12.0,0.925,1524.7625,1854556.475,122.0
2432,1001.0,21.0,1.0,100.0,80.0,,13.0,1.1125,1525.875,1856082.35,122.0
2433,1001.0,21.0,1.0,100.0,80.0,,14.0,1.1625,1527.0375,1857609.3875,122.0
2434,1001.0,21.0,1.0,100.0,80.0,,15.0,0.1125,1527.15,1859136.5375,122.0
2435,1001.0,21.0,1.0,100.0,80.0,,16.0,1.225,1528.375,1860664.9125,122.0
2436,1001.0,21.0,1.0,100.0,80.0,,17.0,0.0125,1528.3875,1862193.3,122.0
2437,1001.0,21.0,1.0,100.0,80.0,,18.0,0.3375,1528.725,1863722.025,122.0
2438,1001.0,21.0,1.0,100.0,80.0,,19.0,0.475,1529.2,1865251.225,122.0
2439,1001.0,21.0,1.0,100.0,80.0,,20.0,1.1375,1530.3375,1866781.5625,122.0
2440,1001.0,21.0,1.0,100.0,80.0,,1.0,0.075,1530.4125,1868311.975,123.0
2441,1001.0,21.0,1.0,100.0,80.0,,2.0,0.325,1530.7375,1869842.7125,123.0
2442,1001.0,21.0,1.0,100.0,80.0,,3.0,0.25,1530.9875,1871373.7,123.0
2443,1001.0,21.0,1.0,100.0,80.0,,4.0,0.0375,1531.025,1872904.725,123.0
2444,1001.0,21.0,1.0,100.0,80.0,,5.0,1.15,1532.175,1874436.9,123.0
2445,1001.0,21.0,1.0,100.0,80.0,,6.0,0.7125,1532.8875,1875969.7875,123.0
2446,1001.0,21.0,1.0,100.0,80.0,,7.0,1.025,1533.9125,1877503.7,123.0
2447,1001.0,21.0,1.0,100.0,80.0,,8.0,1.2125,1535.125,1879038.825,123.0
2448,1001.0,21.0,1.0,100.0,80.0,,9.0,1.225,1536.35,1880575.175,123.0
2449,1001.0,21.0,1.0,100.0,80.0,,10.0,0.8,1537.15,1882112.325,123.0
2450,1001.0,21.0,1.0,100.0,80.0,,11.0,0.0375,1537.1875,1883649.5125,123.0
2451,1001.0,21.0,1.0,100.0,80.0,,12.0,0.775,1537.9625,1885187.475,123.0
2452,1001.0,21.0,1.0,100.0,80.0,,13.0,1.075,1539.0375,1886726.5125,123.0
2453,1001.0,21.0,1.0,100.0,80.0,,14.0,0.8125,1539.85,1888266.3625,123.0
2454,1001.0,21.0,1.0,100.0,80.0,,15.0,0.925,1540.775,1889807.1375,123.0
2455,1001.0,21.0,1.0,100.0,80.0,,16.0,0.05,1540.825,1891347.9625,123.0
2456,1001.0,21.0,1.0,100.0,80.0,,17.0,0.55,1541.375,1892889.3375,123.0
2457,1001.0,21.0,1.0,100.0,80.0,,18.0,0.2375,1541.6125,1894430.95,123.0
2458,1001.0,21.0,1.0,100.0,80.0,,19.0,0.8625,1542.475,1895973.425,123.0
2459,1001.0,21.0,1.0,100.0,80.0,,20.0,0.95,1543.425,1897516.85,123.0
2460,1001.0,21.0,1.0,100.0,80.0,,1.0,0.3,1543.725,1899060.575,124.0
2461,1001.0,21.0,1.0,100.0,80.0,,2.0,0.2125,1543.9375,1900604.5125,124.0
2462,1001.0,21.0,1.0,100.0,80.0,,3.0,0.05,1543.9875,1902148.5,124.0
2463,1001.0,21.0,1.0,100.0,80.0,,4.0,1.075,1545.0625,1903693.5625,124.0
2464,1001.0,21.0,1.0,100.0,80.0,,5.0,0.1375,1545.2,1905238.7625,124.0
2465,1001.0,21.0,1.0,100.0,80.0,,6.0,1.1375,1546.3375,1906785.1,124.0
2466,1001.0,21.0,1.0,100.0,80.0,,7.0,0.375,1546.7125,1908331.8125,124.0
2467,1001.0,21.0,1.0,100.0,80.0,,8.0,0.45,1547.1625,1909878.975,124.0
2468,1001.0,21.0,1.0,100.0,80.0,,9.0,0.7375,1547.9,1911426.875,124.0
2469,1001.0,21.0,1.0,100.0,80.0,,10.0,0.1375,1548.0375,1912974.9125,124.0
2470,1001.0,21.0,1.0,100.0,80.0,,11.0,0.525,1548.5625,1914523.475,124.0
2471,1001.0,21.0,1.0,100.0,80.0,,12.0,1.0625,1549.625,1916073.1,124.0
2472,1001.0,21.0,1.0,100.0,80.0,,13.0,1.05,1550.675,1917623.775,124.0
2473,1001.0,21.0,1.0,100.0,80.0,,14.0,0.6125,1551.2875,1919175.0625,124.0
2474,1001.0,21.0,1.0,100.0,80.0,,15.0,1.1375,1552.425,1920727.4875,124.0
2475,1001.0,21.0,1.0,100.0,80.0,,16.0,0.1625,1552.5875,1922280.075,124.0
2476,1001.0,21.0,1.0,100.0,80.0,,17.0,0.9,1553.4875,1923833.5625,124.0
2477,1001.0,21.0,1.0,100.0,80.0,,18.0,1.1875,1554.675,1925388.2375,124.0
2478,1001.0,21.0,1.0,100.0,80.0,,19.0,1.0375,1555.7125,1926943.95,124.0
2479,1001.0,21.0,1.0,100.0,80.0,,20.0,1.1,1556.8125,1928500.7625,124.0
2480,1001.0,21.0,1.0,100.0,80.0,,1.0,0.275,1557.0875,1930057.85,125.0
2481,1001.0,21.0,1.0,100.0,80.0,,2.0,1.2125,1558.3,1931616.15,125.0
2482,1001.0,21.0,1.0,100.0,80.0,,3.0,0.1125,1558.4125,1933174.5625,125.0
2483,1001.0,21.0,1.0,100.0,80.0,,4.0,0.575,1558.9875,1934733.55,125.0
2484,1001.0,21.0,1.0,100.0,80.0,,5.0,0.9375,1559.925,1936293.475,125.0
2485,1001.0,21.0,1.0,100.0,80.0,,6.0,0.7875,1560.7125,1937854.1875,125.0
2486,1001.0,21.0,1.0,100.0,80.0,,7.0,0.725,1561.4375,1939415.625,125.0
2487,1001.0,21.0,1.0,100.0,80.0,,8.0,0.8875,1562.325,1940977.95,125.0
2488,1001.0,21.0,1.0,100.0,80.0,,9.0,0.6625,1562.9875,1942540.9375,125.0
2489,1001.0,21.0,1.0,100.0,80.0,,10.0,0.3375,1563.325,1944104.2625,125.0
2490,1001.0,21.0,1.0,100.0,80.0,,11.0,0.4875,1563.8125,1945668.075,125.0
2491,1001.0,21.0,1.0,100.0,80.0,,12.0,0.925,1564.7375,1947232.8125,125.0
2492,1001.0,21.0,1.0,100.0,80.0,,13.0,1.125,1565.8625,1948798.675,125.0
2493,1001.0,21.0,1.0,100.0,80.0,,14.0,0.55,1566.4125,1950365.0875,125.0
2494,1001.0,21.0,1.0,100.0,80.0,,15.0,0.7625,1567.175,1951932.2625,125.0
2495,1001.0,21.0,1.0,100.0,80.0,,16.0,0.2625,1567.4375,1953499.7,125.0
2496,1001.0,21.0,1.0,100.0,80.0,,17.0,0.7625,1568.2,1955067.9,125.0
2497,1001.0,21.0,1.0,100.0,80.0,,18.0,0.0625,1568.2625,1956636.1625,125.0
2498,1001.0,21.0,1.0,100.0,80.0,,19.0,0.2125,1568.475,1958204.6375,125.0
2499,1001.0,21.0,1.0,100.0,80.0,,20.0,0.9875,1569.4625,1959774.1,125.0
2500,1001.0,21.0,1.0,100.0,80.0,,1.0,1.05,1570.5125,1961344.6125,126.0
2501,1001.0,21.0,1.0,100.0,80.0,,2.0,0.45,1570.9625,1962915.575,126.0
2502,1001.0,21.0,1.0,100.0,80.0,,3.0,0.175,1571.1375,1964486.7125,126.0
2503,1001.0,21.0,1.0,100.0,80.0,,4.0,0.9,1572.0375,1966058.75,126.0
2504,1001.0,21.0,1.0,100.0,80.0,,5.0,1.0625,1573.1,1967631.85,126.0
2505,1001.0,21.0,1.0,100.0,80.0,,6.0,0.7875,1573.8875,1969205.7375,126.0
2506,1001.0,21.0,1.0,100.0,80.0,,7.0,0.725,1574.6125,1970780.35,126.0
2507,1001.0,21.0,1.0,100.0,80.0,,8.0,0.4,1575.0125,1972355.3625,126.0
2508,1001.0,21.0,1.0,100.0,80.0,,9.0,1.0375,1576.05,1973931.4125,126.0
2509,1001.0,21.0,1.0,100.0,80.0,,10.0,0.7125,1576.7625,1975508.175,126.0
2510,1001.0,21.0,1.0,100.0,80.0,,11.0,0.8625,1577.625,1977085.8,126.0
2511,1001.0,21.0,1.0,100.0,80.0,,12.0,0.9,1578.525,1978664.325,126.0
2512,1001.0,21.0,1.0,100.0,80.0,,13.0,1.0375,1579.5625,1980243.8875,126.0
2513,1001.0,21.0,1.0,100.0,80.0,,14.0,0.5375,1580.1,1981823.9875,126.0
2514,1001.0,21.0,1.0,100.0,80.0,,15.0,0.9,1581.0,1983404.9875,126.0
2515,1001.0,21.0,1.0,100.0,80.0,,16.0,0.6875,1581.6875,1984986.675,126.0
2516,1001.0,21.0,1.0,100.0,80.0,,17.0,1.1875,1582.875,1986569.55,126.0
2517,1001.0,21.0,1.0,100.0,80.0,,18.0,1.075,1583.95,1988153.5,126.0
2518,1001.0,21.0,1.0,100.0,80.0,,19.0,0.65,1584.6,1989738.1,126.0
2519,1001.0,21.0,1.0,100.0,80.0,,20.0,0.175,1584.775,1991322.875,126.0
2520,1001.0,21.0,1.0,100.0,80.0,,1.0,0.4,1585.175,1992908.05,127.0
2521,1001.0,21.0,1.0,100.0,80.0,,2.0,0.0125,1585.1875,1994493.2375,127.0
2522,1001.0,21.0,1.0,100.0,80.0,,3.0,0.5625,1585.75,1996078.9875,127.0
2523,1001.0,21.0,1.0,100.0,80.0,,4.0,0.5625,1586.3125,1997665.3,127.0
2524,1001.0,21.0,1.0,100.0,80.0,,5.0,0.1125,1586.425,1999251.725,127.0
2525,1001.0,21.0,1.0,100.0,80.0,,6.0,0.0625,1586.4875,2000838.2125,127.0
2526,1001.0,21.0,1.0,100.0,80.0,,7.0,1.05,1587.5375,2002425.75,127.0
2527,1001.0,21.0,1.0,100.0,80.0,,8.0,0.6625,1588.2,2004013.95,127.0
2528,1001.0,21.0,1.0,100.0,80.0,,9.0,0.3125,1588.5125,2005602.4625,127.0
2529,1001.0,21.0,1.0,100.0,80.0,,10.0,0.5625,1589.075,2007191.5375,127.0
2530,1001.0,21.0,1.0,100.0,80.0,,11.0,0.325,1589.4,2008780.9375,127.0
2531,1001.0,21.0,1.0,100.0,80.0,,12.0,0.8125,1590.2125,2010371.15,127.0
2532,1001.0,21.0,1.0,100.0,80.0,,13.0,0.7125,1590.925,2011962.075,127.0
2533,1001.0,21.0,1.0,100.0,80.0,,14.0,0.8625,1591.7875,2013553.8625,127.0
2534,1001.0,21.0,1.0,100.0,80.0,,15.0,0.15,1591.9375,2015145.8,127.0
2535,1001.0,21.0,1.0,100.0,80.0,,16.0,0.4,1592.3375,2016738.1375,127.0
2536,1001.0,21.0,1.0,100.0,80.0,,17.0,0.4375,1592.775,2018330.9125,127.0
2537,1001.0,21.0,1.0,100.0,80.0,,18.0,0.975,1593.75,2019924.6625,127.0
2538,1001.0,21.0,1.0,100.0,80.0,,19.0,0.6875,1594.4375,2021519.1,127.0
2539,1001.0,21.0,1.0,100.0,80.0,,20.0,1.0625,1595.5,2023114.6,127.0
2540,1001.0,21.0,1.0,100.0,80.0,,1.0,0.9625,1596.4625,2024711.0625,128.0
2541,1001.0,21.0,1.0,100.0,80.0,,2.0,0.2875,1596.75,2026307.8125,128.0
2542,1001.0,21.0,1.0,100.0,80.0,,3.0,0.3625,1597.1125,2027904.925,128.0
2543,1001.0,21.0,1.0,100.0,80.0,,4.0,0.5625,1597.675,2029502.6,128.0
2544,1001.0,21.0,1.0,100.0,80.0,,5.0,0.35,1598.025,2031100.625,128.0
2545,1001.0,21.0,1.0,100.0,80.0,,6.0,0.0625,1598.0875,2032698.7125,128.0
2546,1001.0,21.0,1.0,100.0,80.0,,7.0,1.1875,1599.275,2034297.9875,128.0
2547,1001.0,21.0,1.0,100.0,80.0,,8.0,0.5875,1599.8625,2035897.85,128.0
2548,1001.0,21.0,1.0,100.0,80.0,,9.0,1.05,1600.9125,2037498.7625,128.0
2549,1001.0,21.0,1.0,100.0,80.0,,10.0,0.3375,1601.25,2039100.0125,128.0
2550,1001.0,21.0,1.0,100.0,80.0,,11.0,1.075,1602.325,2040702.3375,128.0
2551,1001.0,21.0,1.0,100.0,80.0,,12.0,0.075,1602.4,2042304.7375,128.0
2552,1001.0,21.0,1.0,100.0,80.0,,13.0,1.125,1603.525,2043908.2625,128.0
2553,1001.0,21.0,1.0,100.0,80.0,,14.0,0.575,1604.1,2045512.3625,128.0
2554,1001.0,21.0,1.0,100.0,80.0,,15.0,0.25,1604.35,2047116.7125,128.0
2555,1001.0,21.0,1.0,100.0,80.0,,16.0,0.9625,1605.3125,2048722.025,128.0
2556,1001.0,21.0,1.0,100.0,80.0,,17.0,0.4625,1605.775,2050327.8,128.0
2557,1001.0,21.0,1.0,100.0,80.0,,18.0,0.475,1606.25,2051934.05,128.0
2558,1001.0,21.0,1.0,100.0,80.0,,19.0,0.1,1606.35,2053540.4,128.0
2559,1001.0,21.0,1.0,100.0,80.0,,20.0,0.55,1606.9,2055147.3,128.0
2560,1001.0,21.0,1.0,100.0,80.0,,1.0,0.3875,1607.2875,2056754.5875,129.0
2561,1001.0,21.0,1.0,100.0,80.0,,2.0,0.15,1607.4375,2058362.025,129.0
2562,1001.0,21.0,1.0,100.0,80.0,,3.0,0.875,1608.3125,2059970.3375,129.0
2563,1001.0,21.0,1.0,100.0,80.0,,4.0,0.1125,1608.425,2061578.7625,129.0
2564,1001.0,21.0,1.0,100.0,80.0,,5.0,0.9,1609.325,2063188.0875,129.0
2565,1001.0,21.0,1.0,100.0,80.0,,6.0,0.1875,1609.5125,2064797.6,129.0
2566,1001.0,21.0,1.0,100.0,80.0,,7.0,0.3625,1609.875,2066407.475,129.0
2567,1001.0,21.0,1.0,100.0,80.0,,8.0,0.4375,1610.3125,2068017.7875,129.0
2568,1001.0,21.0,1.0,100.0,80.0,,9.0,0.325,1610.6375,2069628.425,129.0
2569,1001.0,21.0,1.0,100.0,80.0,,10.0,0.45,1611.0875,2071239.5125,129.0
2570,1001.0,21.0,1.0,100.0,80.0,,11.0,0.6875,1611.775,2072851.2875,129.0
2571,1001.0,21.0,1.0,100.0,80.0,,12.0,0.825,1612.6,2074463.8875,129.0
2572,1001.0,21.0,1.0,100.0,80.0,,13.0,1.1,1613.7,2076077.5875,129.0
2573,1001.0,21.0,1.0,100.0,80.0,,14.0,1.075,1614.775,2077692.3625,129.0
2574,1001.0,21.0,1.0,100.0,80.0,,15.0,1.0625,1615.8375,2079308.2,129.0
2575,1001.0,21.0,1.0,100.0,80.0,,16.0,0.3125,1616.15,2080924.35,129.0
2576,1001.0,21.0,1.0,100.0,80.0,,17.0,0.95,1617.1,2082541.45,129.0
2577,1001.0,21.0,1.0,100.0,80.0,,18.0,0.1875,1617.2875,2084158.7375,129.0
2578,1001.0,21.0,1.0,100.0,80.0,,19.0,0.2625,1617.55,2085776.2875,129.0
2579,1001.0,21.0,1.0,100.0,80.0,,20.0,1.2125,1618.7625,2087395.05,129.0
2580,1001.0,21.0,1.0,100.0,80.0,,1.0,0.15,1618.9125,2089013.9625,130.0
2581,1001.0,21.0,1.0,100.0,80.0,,2.0,0.4375,1619.35,2090633.3125,130.0
2582,1001.0,21.0,1.0,100.0,80.0,,3.0,0.375,1619.725,2092253.0375,130.0
2583,1001.0,21.0,1.0,100.0,80.0,,4.0,0.8625,1620.5875,2093873.625,130.0
2584,1001.0,21.0,1.0,100.0,80.0,,5.0,0.7375,1621.325,2095494.95,130.0
2585,1001.0,21.0,1.0,100.0,80.0,,6.0,1.1875,1622.5125,2097117.4625,130.0
2586,1001.0,21.0,1.0,100.0,80.0,,7.0,0.975,1623.4875,2098740.95,130.0
2587,1001.0,21.0,1.0,100.0,80.0,,8.0,0.225,1623.7125,2100364.6625,130.0
2588,1001.0,21.0,1.0,100.0,80.0,,9.0,0.1125,1623.825,2101988.4875,130.0
2589,1001.0,21.0,1.0,100.0,80.0,,10.0,0.025,1623.85,2103612.3375,130.0
2590,1001.0,21.0,1.0,100.0,80.0,,11.0,0.225,1624.075,2105236.4125,130.0
2591,1001.0,21.0,1.0,100.0,80.0,,12.0,0.4625,1624.5375,2106860.95,130.0
2592,1001.0,21.0,1.0,100.0,80.0,,13.0,1.1875,1625.725,2108486.675,130.0
2593,1001.0,21.0,1.0,100.0,80.0,,14.0,0.975,1626.7,2110113.375,130.0
2594,1001.0,21.0,1.0,100.0,80.0,,15.0,0.8875,1627.5875,2111740.9625,130.0
2595,1001.0,21.0,1.0,100.0,80.0,,16.0,0.975,1628.5625,2113369.525,130.0
2596,1001.0,21.0,1.0,100.0,80.0,,17.0,0.2,1628.7625,2114998.2875,130.0
2597,1001.0,21.0,1.0,100.0,80.0,,18.0,1.125,1629.8875,2116628.175,130.0
2598,1001.0,21.0,1.0,100.0,80.0,,19.0,0.825,1630.7125,2118258.8875,130.0
2599,1001.0,21.0,1.0,100.0,80.0,,20.0,0.2875,1631.0,2119889.8875,130.0
2600,1001.0,21.0,1.0,100.0,80.0,,1.0,1.0,1632.0,2121521.8875,131.0
2601,1001.0,21.0,1.0,100.0,80.0,,2.0,1.15,1633.15,2123155.0375,131.0
2602,1001.0,21.0,1.0,100.0,80.0,,3.0,0.475,1633.625,2124788.6625,131.0
2603,1001.0,21.0,1.0,100.0,80.0,,4.0,0.725,1634.35,2126423.0125,131.0
2604,1001.0,21.0,1.0,100.0,80.0,,5.0,0.375,1634.725,2128057.7375,131.0
2605,1001.0,21.0,1.0,100.0,80.0,,6.0,0.7625,1635.4875,2129693.225,131.0
2606,1001.0,21.0,1.0,100.0,80.0,,7.0,0.2875,1635.775,2131329.0,131.0
2607,1001.0,21.0,1.0,100.0,80.0,,8.0,0.7625,1636.5375,2132965.5375,131.0
2608,1001.0,21.0,1.0,100.0,80.0,,9.0,0.7625,1637.3,2134602.8375,131.0
2609,1001.0,21.0,1.0,100.0,80.0,,10.0,0.225,1637.525,2136240.3625,131.0
2610,1001.0,21.0,1.0,100.0,80.0,,11.0,0.35,1637.875,2137878.2375,131.0
2611,1001.0,21.0,1.0,100.0,80.0,,12.0,0.1625,1638.0375,2139516.275,131.0
2612,1001.0,21.0,1.0,100.0,80.0,,13.0,1.05,1639.0875,2141155.3625,131.0
2613,1001.0,21.0,1.0,100.0,80.0,,14.0,1.0,1640.0875,2142795.45,131.0
2614,1001.0,21.0,1.0,100.0,80.0,,15.0,0.8,1640.8875,2144436.3375,131.0
2615,1001.0,21.0,1.0,100.0,80.0,,16.0,0.0875,1640.975,2146077.3125,131.0
2616,1001.0,21.0,1.0,100.0,80.0,,17.0,0.4,1641.375,2147718.6875,131.0
2617,1001.0,21.0,1.0,100.0,80.0,,18.0,0.0125,1641.3875,2149360.075,131.0
2618,1001.0,21.0,1.0,100.0,80.0,,19.0,0.9875,1642.375,2151002.45,131.0
2619,1001.0,21.0,1.0,100.0,80.0,,20.0,0.9,1643.275,2152645.725,131.0
2620,1001.0,21.0,1.0,100.0,80.0,,1.0,1.1875,1644.4625,2154290.1875,132.0
2621,1001.0,21.0,1.0,100.0,80.0,,2.0,0.3,1644.7625,2155934.95,132.0
2622,1001.0,21.0,1.0,100.0,80.0,,3.0,1.025,1645.7875,2157580.7375,132.0
2623,1001.0,21.0,1.0,100.0,80.0,,4.0,0.7625,1646.55,2159227.2875,132.0
2624,1001.0,21.0,1.0,100.0,80.0,,5.0,0.0625,1646.6125,2160873.9,132.0
2625,1001.0,21.0,1.0,100.0,80.0,,6.0,0.1125,1646.725,2162520.625,132.0
2626,1001.0,21.0,1.0,100.0,80.0,,7.0,1.05,1647.775,2164168.4,132.0
2627,1001.0,21.0,1.0,100.0,80.0,,8.0,0.75,1648.525,2165816.925,132.0
2628,1001.0,21.0,1.0,100.0,80.0,,9.0,1.2,1649.725,2167466.65,132.0
2629,1001.0,21.0,1.0,100.0,80.0,,10.0,0.15,1649.875,2169116.525,132.0
2630,1001.0,21.0,1.0,100.0,80.0,,11.0,0.8625,1650.7375,2170767.2625,132.0
2631,1001.0,21.0,1.0,100.0,80.0,,12.0,1.0,1651.7375,2172419.0,132.0
2632,1001.0,21.0,1.0,100.0,80.0,,13.0,1.2125,1652.95,2174071.95,132.0
2633,1001.0,21.0,1.0,100.0,80.0,,14.0,0.7875,1653.7375,2175725.6875,132.0
2634,1001.0,21.0,1.0,100.0,80.0,,15.0,0.625,1654.3625,2177380.05,132.0
2635,1001.0,21.0,1.0,100.0,80.0,,16.0,0.8,1655.1625,2179035.2125,132.0
2636,1001.0,21.0,1.0,100.0,80.0,,17.0,0.5625,1655.725,2180690.9375,132.0
2637,1001.0,21.0,1.0,100.0,80.0,,18.0,0.6125,1656.3375,2182347.275,132.0
2638,1001.0,21.0,1.0,100.0,80.0,,19.0,1.2,1657.5375,2184004.8125,132.0
2639,1001.0,21.0,1.0,100.0,80.0,,20.0,0.2,1657.7375,2185662.55,132.0
2640,1001.0,21.0,1.0,100.0,80.0,,1.0,0.825,1658.5625,2187321.1125,133.0
2641,1001.0,21.0,1.0,100.0,80.0,,2.0,0.55,1659.1125,2188980.225,133.0
2642,1001.0,21.0,1.0,100.0,80.0,,3.0,0.5375,1659.65,2190639.875,133.0
2643,1001.0,21.0,1.0,100.0,80.0,,4.0,1.0375,1660.6875,2192300.5625,133.0
2644,1001.0,21.0,1.0,100.0,80.0,,5.0,0.6625,1661.35,2193961.9125,133.0
2645,1001.0,21.0,1.0,100.0,80.0,,6.0,0.9875,1662.3375,2195624.25,133.0
2646,1001.0,21.0,1.0,100.0,80.0,,7.0,0.9125,1663.25,2197287.5,133.0
2647,1001.0,21.0,1.0,100.0,80.0,,8.0,0.5875,1663.8375,2198951.3375,133.0
2648,1001.0,21.0,1.0,100.0,80.0,,9.0,1.1375,1664.975,2200616.3125,133.0
2649,1001.0,21.0,1.0,100.0,80.0,,10.0,1.05,1666.025,2202282.3375,133.0
2650,1001.0,21.0,1.0,100.0,80.0,,11.0,0.975,1667.0,2203949.3375,133.0
2651,1001.0,21.0,1.0,100.0,80.0,,12.0,0.3625,1667.3625,2205616.7,133.0
2652,1001.0,21.0,1.0,100.0,80.0,,13.0,0.2375,1667.6,2207284.3,133.0
2653,1001.0,21.0,1.0,100.0,80.0,,14.0,0.1125,1667.7125,2208952.0125,133.0
2654,1001.0,21.0,1.0,100.0,80.0,,15.0,0.7125,1668.425,2210620.4375,133.0
2655,1001.0,21.0,1.0,100.0,80.0,,16.0,0.45,1668.875,2212289.3125,133.0
2656,1001.0,21.0,1.0,100.0,80.0,,17.0,0.0125,1668.8875,2213958.2,133.0
2657,1001.0,21.0,1.0,100.0,80.0,,18.0,0.0375,1668.925,2215627.125,133.0
2658,1001.0,21.0,1.0,100.0,80.0,,19.0,1.1375,1670.0625,2217297.1875,133.0
2659,1001.0,21.0,1.0,100.0,80.0,,20.0,0.1375,1670.2,2218967.3875,133.0
2660,1001.0,21.0,1.0,100.0,80.0,,1.0,0.2,1670.4,2220637.7875,134.0
2661,1001.0,21.0,1.0,100.0,80.0,,2.0,0.225,1670.625,2222308.4125,134.0
2662,1001.0,21.0,1.0,100.0,80.0,,3.0,0.8,1671.425,2223979.8375,134.0
2663,1001.0,21.0,1.0,100.0,80.0,,4.0,1.1875,1672.6125,2225652.45,134.0
2664,1001.0,21.0,1.0,100.0,80.0,,5.0,0.9125,1673.525,2227325.975,134.0
2665,1001.0,21.0,1.0,100.0,80.0,,6.0,0.825,1674.35,2229000.325,134.0
2666,1001.0,21.0,1.0,100.0,80.0,,7.0,0.1375,1674.4875,2230674.8125,134.0
2667,1001.0,21.0,1.0,100.0,80.0,,8.0,0.175,1674.6625,2232349.475,134.0
2668,1001.0,21.0,1.0,100.0,80.0,,9.0,0.7375,1675.4,2234024.875,134.0
2669,1001.0,21.0,1.0,100.0,80.0,,10.0,1.1375,1676.5375,2235701.4125,134.0
2670,1001.0,21.0,1.0,100.0,80.0,,11.0,0.7375,1677.275,2237378.6875,134.0
2671,1001.0,21.0,1.0,100.0,80.0,,12.0,0.3375,1677.6125,2239056.3,134.0
2672,1001.0,21.0,1.0,100.0,80.0,,13.0,0.9,1678.5125,2240734.8125,134.0
2673,1001.0,21.0,1.0,100.0,80.0,,14.0,0.8375,1679.35,2242414.1625,134.0
2674,1001.0,21.0,1.0,100.0,80.0,,15.0,0.6375,1679.9875,2244094.15,134.0
2675,1001.0,21.0,1.0,100.0,80.0,,16.0,0.975,1680.9625,2245775.1125,134.0
2676,1001.0,21.0,1.0,100.0,80.0,,17.0,0.2125,1681.175,2247456.2875,134.0
2677,1001.0,21.0,1.0,100.0,80.0,,18.0,1.175,1682.35,2249138.6375,134.0
2678,1001.0,21.0,1.0,100.0,80.0,,19.0,0.85,1683.2,2250821.8375,134.0
2679,1001.0,21.0,1.0,100.0,80.0,,20.0,0.4875,1683.6875,2252505.525,134.0
2680,1001.0,21.0,1.0,100.0,80.0,,1.0,0.9,1684.5875,2254190.1125,135.0
2681,1001.0,21.0,1.0,100.0,80.0,,2.0,0.9875,1685.575,2255875.6875,135.0
2682,1001.0,21.0,1.0,100.0,80.0,,3.0,0.7125,1686.2875,2257561.975,135.0
2683,1001.0,21.0,1.0,100.0,80.0,,4.0,0.4875,1686.775,2259248.75,135.0
2684,1001.0,21.0,1.0,100.0,80.0,,5.0,0.475,1687.25,2260936.0,135.0
2685,1001.0,21.0,1.0,100.0,80.0,,6.0,0.8875,1688.1375,2262624.1375,135.0
2686,1001.0,21.0,1.0,100.0,80.0,,7.0,0.3,1688.4375,2264312.575,135.0
2687,1001.0,21.0,1.0,100.0,80.0,,8.0,0.15,1688.5875,2266001.1625,135.0
2688,1001.0,21.0,1.0,100.0,80.0,,9.0,0.975,1689.5625,2267690.725,135.0
2689,1001.0,21.0,1.0,100.0,80.0,,10.0,0.3875,1689.95,2269380.675,135.0
2690,1001.0,21.0,1.0,100.0,80.0,,11.0,1.2125,1691.1625,2271071.8375,135.0
2691,1001.0,21.0,1.0,100.0,80.0,,12.0,0.4,1691.5625,2272763.4,135.0
2692,1001.0,21.0,1.0,100.0,80.0,,13.0,0.1875,1691.75,2274455.15,135.0
2693,1001.0,21.0,1.0,100.0,80.0,,14.0,1.1875,1692.9375,2276148.0875,135.0
2694,1001.0,21.0,1.0,100.0,80.0,,15.0,1.175,1694.1125,2277842.2,135.0
2695,1001.0,21.0,1.0,100.0,80.0,,16.0,0.8625,1694.975,2279537.175,135.0
2696,1001.0,21.0,1.0,100.0,80.0,,17.0,1.2,1696.175,2281233.35,135.0
2697,1001.0,21.0,1.0,100.0,80.0,,18.0,0.7375,1696.9125,2282930.2625,135.0
2698,1001.0,21.0,1.0,100.0,80.0,,19.0,1.175,1698.0875,2284628.35,135.0
2699,1001.0,21.0,1.0,100.0,80.0,,20.0,1.075,1699.1625,2286327.5125,135.0
2700,1001.0,21.0,1.0,100.0,80.0,,1.0,0.725,1699.8875,2288027.4,136.0
2701,1001.0,21.0,1.0,100.0,80.0,,2.0,0.8,1700.6875,2289728.0875,136.0
2702,1001.0,21.0,1.0,100.0,80.0,,3.0,0.5625,1701.25,2291429.3375,136.0
2703,1001.0,21.0,1.0,100.0,80.0,,4.0,0.3875,1701.6375,2293130.975,136.0
2704,1001.0,21.0,1.0,100.0,80.0,,5.0,0.775,1702.4125,2294833.3875,136.0
2705,1001.0,21.0,1.0,100.0,80.0,,6.0,0.7625,1703.175,2296536.5625,136.0
2706,1001.0,21.0,1.0,100.0,80.0,,7.0,1.0875,1704.2625,2298240.825,136.0
2707,1001.0,21.0,1.0,100.0,80.0,,8.0,0.65,1704.9125,2299945.7375,136.0
2708,1001.0,21.0,1.0,100.0,80.0,,9.0,1.15,1706.0625,2301651.8,136.0
2709,1001.0,21.0,1.0,100.0,80.0,,10.0,0.875,1706.9375,2303358.7375,136.0
2710,1001.0,21.0,1.0,100.0,80.0,,11.0,0.75,1707.6875,2305066.425,136.0
2711,1001.0,21.0,1.0,100.0,80.0,,12.0,1.225,1708.9125,2306775.3375,136.0
2712,1001.0,21.0,1.0,100.0,80.0,,13.0,0.4,1709.3125,2308484.65,136.0
2713,1001.0,21.0,1.0,100.0,80.0,,14.0,0.9625,1710.275,2310194.925,136.0
2714,1001.0,21.0,1.0,100.0,80.0,,15.0,0.55,1710.825,2311905.75,136.0
2715,1001.0,21.0,1.0,100.0,80.0,,16.0,0.2625,1711.0875,2313616.8375,136.0
2716,1001.0,21.0,1.0,100.0,80.0,,17.0,1.2,1712.2875,2315329.125,136.0
2717,1001.0,21.0,1.0,100.0,80.0,,18.0,0.3375,1712.625,2317041.75,136.0
2718,1001.0,21.0,1.0,100.0,80.0,,19.0,0.5875,1713.2125,2318754.9625,136.0
2719,1001.0,21.0,1.0,100.0,80.0,,20.0,0.25,1713.4625,2320468.425,136.0
2720,1001.0,21.0,1.0,100.0,80.0,,1.0,1.1375,1714.6,2322183.025,137.0
2721,1001.0,21.0,1.0,100.0,80.0,,2.0,0.4125,1715.0125,2323898.0375,137.0
2722,1001.0,21.0,1.0,100.0,80.0,,3.0,0.05,1715.0625,2325613.1,137.0
2723,1001.0,21.0,1.0,100.0,80.0,,4.0,0.5125,1715.575,2327328.675,137.0
2724,1001.0,21.0,1.0,100.0,80.0,,5.0,1.1125,1716.6875,2329045.3625,137.0
2725,1001.0,21.0,1.0,100.0,80.0,,6.0,0.5625,1717.25,2330762.6125,137.0
2726,1001.0,21.0,1.0,100.0,80.0,,7.0,0.1125,1717.3625,2332479.975,137.0
2727,1001.0,21.0,1.0,100.0,80.0,,8.0,0.0625,1717.425,2334197.4,137.0
2728,1001.0,21.0,1.0,100.0,80.0,,9.0,0.75,1718.175,2335915.575,137.0
2729,1001.0,21.0,1.0,100.0,80.0,,10.0,0.4625,1718.6375,2337634.2125,137.0
2730,1001.0,21.0,1.0,100.0,80.0,,11.0,0.7,1719.3375,2339353.55,137.0
2731,1001.0,21.0,1.0,100.0,80.0,,12.0,0.35,1719.6875,2341073.2375,137.0
2732,1001.0,21.0,1.0,100.0,80.0,,13.0,0.6375,1720.325,2342793.5625,137.0
2733,1001.0,21.0,1.0,100.0,80.0,,14.0,0.4375,1720.7625,2344514.325,137.0
2734,1001.0,21.0,1.0,100.0,80.0,,15.0,0.7125,1721.475,2346235.8,137.0
2735,1001.0,21.0,1.0,100.0,80.0,,16.0,1.0375,1722.5125,2347958.3125,137.0
2736,1001.0,21.0,1.0,100.0,80.0,,17.0,0.75,1723.2625,2349681.575,137.0
2737,1001.0,21.0,1.0,100.0,80.0,,18.0,0.5625,1723.825,2351405.4,137.0
2738,1001.0,21.0,1.0,100.0,80.0,,19.0,0.8625,1724.6875,2353130.0875,137.0
2739,1001.0,21.0,1.0,100.0,80.0,,20.0,0.0625,1724.75,2354854.8375,137.0
2740,1001.0,21.0,1.0,100.0,80.0,,1.0,1.025,1725.775,2356580.6125,138.0
2741,1001.0,21.0,1.0,100.0,80.0,,2.0,0.5625,1726.3375,2358306.95,138.0
2742,1001.0,21.0,1.0,100.0,80.0,,3.0,0.7625,1727.1,2360034.05,138.0
2743,1001.0,21.0,1.0,100.0,80.0,,4.0,0.55,1727.65,2361761.7,138.0
2744,1001.0,21.0,1.0,100.0,80.0,,5.0,1.0375,1728.6875,2363490.3875,138.0
2745,1001.0,21.0,1.0,100.0,80.0,,6.0,0.975,1729.6625,2365220.05,138.0
2746,1001.0,21.0,1.0,100.0,80.0,,7.0,0.175,1729.8375,2366949.8875,138.0
2747,1001.0,21.0,1.0,100.0,80.0,,8.0,0.325,1730.1625,2368680.05,138.0
2748,1001.0,21.0,1.0,100.0,80.0,,9.0,0.1875,1730.35,2370410.4,138.0
2749,1001.0,21.0,1.0,100.0,80.0,,10.0,0.7,1731.05,2372141.45,138.0
2750,1001.0,21.0,1.0,100.0,80.0,,11.0,0.35,1731.4,2373872.85,138.0
2751,1001.0,21.0,1.0,100.0,80.0,,12.0,0.8375,1732.2375,2375605.0875,138.0
2752,1001.0,21.0,1.0,100.0,80.0,,13.0,0.95,1733.1875,2377338.275,138.0
2753,1001.0,21.0,1.0,100.0,80.0,,14.0,0.2875,1733.475,2379071.75,138.0
2754,1001.0,21.0,1.0,100.0,80.0,,15.0,1.1125,1734.5875,2380806.3375,138.0
2755,1001.0,21.0,1.0,100.0,80.0,,16.0,0.5,1735.0875,2382541.425,138.0
2756,1001.0,21.0,1.0,100.0,80.0,,17.0,0.8625,1735.95,2384277.375,138.0
2757,1001.0,21.0,1.0,100.0,80.0,,18.0,0.825,1736.775,2386014.15,138.0
2758,1001.0,21.0,1.0,100.0,80.0,,19.0,0.2,1736.975,2387751.125,138.0
2759,1001.0,21.0,1.0,100.0,80.0,,20.0,0.4875,1737.4625,2389488.5875,138.0
2760,1001.0,21.0,1.0,100.0,80.0,,1.0,0.275,1737.7375,2391226.325,139.0
2761,1001.0,21.0,1.0,100.0,80.0,,2.0,0.7125,1738.45,2392964.775,139.0
2762,1001.0,21.0,1.0,100.0,80.0,,3.0,0.35,1738.8,2394703.575,139.0
2763,1001.0,21.0,1.0,100.0,80.0,,4.0,1.125,1739.925,2396443.5,139.0
2764,1001.0,21.0,1.0,100.0,80.0,,5.0,0.6625,1740.5875,2398184.0875,139.0
2765,1001.0,21.0,1.0,100.0,80.0,,6.0,0.5625,1741.15,2399925.2375,139.0
2766,1001.0,21.0,1.0,100.0,80.0,,7.0,0.975,1742.125,2401667.3625,139.0
2767,1001.0,21.0,1.0,100.0,80.0,,8.0,0.4125,1742.5375,2403409.9,139.0
2768,1001.0,21.0,1.0,100.0,80.0,,9.0,1.075,1743.6125,2405153.5125,139.0
2769,1001.0,21.0,1.0,100.0,80.0,,10.0,0.075,1743.6875,2406897.2,139.0
2770,1001.0,21.0,1.0,100.0,80.0,,11.0,1.1375,1744.825,2408642.025,139.0
2771,1001.0,21.0,1.0,100.0,80.0,,12.0,0.175,1745.0,2410387.025,139.0
2772,1001.0,21.0,1.0,100.0,80.0,,13.0,0.95,1745.95,2412132.975,139.0
2773,1001.0,21.0,1.0,100.0,80.0,,14.0,0.6,1746.55,2413879.525,139.0
2774,1001.0,21.0,1.0,100.0,80.0,,15.0,1.1625,1747.7125,2415627.2375,139.0
2775,1001.0,21.0,1.0,100.0,80.0,,16.0,0.025,1747.7375,2417374.975,139.0
2776,1001.0,21.0,1.0,100.0,80.0,,17.0,1.0625,1748.8,2419123.775,139.0
2777,1001.0,21.0,1.0,100.0,80.0,,18.0,0.3375,1749.1375,2420872.9125,139.0
2778,1001.0,21.0,1.0,100.0,80.0,,19.0,0.1,1749.2375,2422622.15,139.0
2779,1001.0,21.0,1.0,100.0,80.0,,20.0,1.0375,1750.275,2424372.425,139.0
2780,1001.0,21.0,1.0,100.0,80.0,,1.0,0.9625,1751.2375,2426123.6625,140.0
2781,1001.0,21.0,1.0,100.0,80.0,,2.0,0.075,1751.3125,2427874.975,140.0
2782,1001.0,21.0,1.0,100.0,80.0,,3.0,0.225,1751.5375,2429626.5125,140.0
2783,1001.0,21.0,1.0,100.0,80.0,,4.0,0.3,1751.8375,2431378.35,140.0
2784,1001.0,21.0,1.0,100.0,80.0,,5.0,0.875,1752.7125,2433131.0625,140.0
2785,1001.0,21.0,1.0,100.0,80.0,,6.0,1.125,1753.8375,2434884.9,140.0
2786,1001.0,21.0,1.0,100.0,80.0,,7.0,0.775,1754.6125,2436639.5125,140.0
2787,1001.0,21.0,1.0,100.0,80.0,,8.0,1.075,1755.6875,2438395.2,140.0
2788,1001.0,21.0,1.0,100.0,80.0,,9.0,0.575,1756.2625,2440151.4625,140.0
2789,1001.0,21.0,1.0,100.0,80.0,,10.0,0.3375,1756.6,2441908.0625,140.0
2790,1001.0,21.0,1.0,100.0,80.0,,11.0,1.0875,1757.6875,2443665.75,140.0
2791,1001.0,21.0,1.0,100.0,80.0,,12.0,0.1,1757.7875,2445423.5375,140.0
2792,1001.0,21.0,1.0,100.0,80.0,,13.0,1.075,1758.8625,2447182.4,140.0
2793,1001.0,21.0,1.0,100.0,80.0,,14.0,0.4375,1759.3,2448941.7,140.0
2794,1001.0,21.0,1.0,100.0,80.0,,15.0,0.35,1759.65,2450701.35,140.0
2795,1001.0,21.0,1.0,100.0,80.0,,16.0,0.075,1759.725,2452461.075,140.0
2796,1001.0,21.0,1.0,100.0,80.0,,17.0,0.775,1760.5,2454221.575,140.0
2797,1001.0,21.0,1.0,100.0,80.0,,18.0,0.7625,1761.2625,2455982.8375,140.0
2798,1001.0,21.0,1.0,100.0,80.0,,19.0,1.1875,1762.45,2457745.2875,140.0
2799,1001.0,21.0,1.0,100.0,80.0,,20.0,1.1125,1763.5625,2459508.85,140.0
2800,1001.0,21.0,1.0,100.0,80.0,,1.0,0.45,1764.0125,2461272.8625,141.0
2801,1001.0,21.0,1.0,100.0,80.0,,2.0,1.05,1765.0625,2463037.925,141.0
2802,1001.0,21.0,1.0,100.0,80.0,,3.0,0.5625,1765.625,2464803.55,141.0
2803,1001.0,21.0,1.0,100.0,80.0,,4.0,0.575,1766.2,2466569.75,141.0
2804,1001.0,21.0,1.0,100.0,80.0,,5.0,0.4625,1766.6625,2468336.4125,141.0
2805,1001.0,21.0,1.0,100.0,80.0,,6.0,0.975,1767.6375,2470104.05,141.0
2806,1001.0,21.0,1.0,100.0,80.0,,7.0,0.6125,1768.25,2471872.3,141.0
2807,1001.0,21.0,1.0,100.0,80.0,,8.0,0.175,1768.425,2473640.725,141.0
2808,1001.0,21.0,1.0,100.0,80.0,,9.0,0.1,1768.525,2475409.25,141.0
2809,1001.0,21.0,1.0,100.0,80.0,,10.0,0.8,1769.325,2477178.575,141.0
2810,1001.0,21.0,1.0,100.0,80.0,,11.0,0.4,1769.725,2478948.3,141.0
2811,1001.0,21.0,1.0,100.0,80.0,,12.0,0.7875,1770.5125,2480718.8125,141.0
2812,1001.0,21.0,1.0,100.0,80.0,,13.0,0.625,1771.1375,2482489.95,141.0
2813,1001.0,21.0,1.0,100.0,80.0,,14.0,0.6125,1771.75,2484261.7,141.0
2814,1001.0,21.0,1.0,100.0,80.0,,15.0,0.4875,1772.2375,2486033.9375,141.0
2815,1001.0,21.0,1.0,100.0,80.0,,16.0,0.0625,1772.3,2487806.2375,141.0
2816,1001.0,21.0,1.0,100.0,80.0,,17.0,0.2,1772.5,2489578.7375,141.0
2817,1001.0,21.0,1.0,100.0,80.0,,18.0,0.4,1772.9,2491351.6375,141.0
2818,1001.0,21.0,1.0,100.0,80.0,,19.0,0.8625,1773.7625,2493125.4,141.0
2819,1001.0,21.0,1.0,100.0,80.0,,20.0,1.125,1774.8875,2494900.2875,141.0
2820,1001.0,21.0,1.0,100.0,80.0,,1.0,0.1625,1775.05,2496675.3375,142.0
2821,1001.0,21.0,1.0,100.0,80.0,,2.0,1.15,1776.2,2498451.5375,142.0
2822,1001.0,21.0,1.0,100.0,80.0,,3.0,0.3125,1776.5125,2500228.05,142.0
2823,1001.0,21.0,1.0,100.0,80.0,,4.0,0.0875,1776.6,2502004.65,142.0
2824,1001.0,21.0,1.0,100.0,80.0,,5.0,0.1,1776.7,2503781.35,142.0
2825,1001.0,21.0,1.0,100.0,80.0,,6.0,1.2125,1777.9125,2505559.2625,142.0
2826,1001.0,21.0,1.0,100.0,80.0,,7.0,0.0875,1778.0,2507337.2625,142.0
2827,1001.0,21.0,1.0,100.0,80.0,,8.0,1.025,1779.025,2509116.2875,142.0
2828,1001.0,21.0,1.0,100.0,80.0,,9.0,0.75,1779.775,2510896.0625,142.0
2829,1001.0,21.0,1.0,100.0,80.0,,10.0,1.2125,1780.9875,2512677.05,142.0
2830,1001.0,21.0,1.0,100.0,80.0,,11.0,0.5,1781.4875,2514458.5375,142.0
2831,1001.0,21.0,1.0,100.0,80.0,,12.0,0.5375,1782.025,2516240.5625,142.0
2832,1001.0,21.0,1.0,100.0,80.0,,13.0,0.55,1782.575,2518023.1375,142.0
2833,1001.0,21.0,1.0,100.0,80.0,,14.0,0.3875,1782.9625,2519806.1,142.0
2834,1001.0,21.0,1.0,100.0,80.0,,15.0,1.1,1784.0625,2521590.1625,142.0
2835,1001.0,21.0,1.0,100.0,80.0,,16.0,0.7625,1784.825,2523374.9875,142.0
2836,1001.0,21.0,1.0,100.0,80.0,,17.0,1.2,1786.025,2525161.0125,142.0
2837,1001.0,21.0,1.0,100.0,80.0,,18.0,0.7875,1786.8125,2526947.825,142.0
2838,1001.0,21.0,1.0,100.0,80.0,,19.0,1.175,1787.9875,2528735.8125,142.0
2839,1001.0,21.0,1.0,100.0,80.0,,20.0,0.85,1788.8375,2530524.65,142.0
2840,1001.0,21.0,1.0,100.0,80.0,,1.0,0.4875,1789.325,2532313.975,143.0
2841,1001.0,21.0,1.0,100.0,80.0,,2.0,0.175,1789.5,2534103.475,143.0
2842,1001.0,21.0,1.0,100.0,80.0,,3.0,0.15,1789.65,2535893.125,143.0
2843,1001.0,21.0,1.0,100.0,80.0,,4.0,0.45,1790.1,2537683.225,143.0
2844,1001.0,21.0,1.0,100.0,80.0,,5.0,0.3875,1790.4875,2539473.7125,143.0
2845,1001.0,21.0,1.0,100.0,80.0,,6.0,1.1375,1791.625,2541265.3375,143.0
2846,1001.0,21.0,1.0,100.0,80.0,,7.0,0.3,1791.925,2543057.2625,143.0
2847,1001.0,21.0,1.0,100.0,80.0,,8.0,0.9875,1792.9125,2544850.175,143.0
2848,1001.0,21.0,1.0,100.0,80.0,,9.0,0.3875,1793.3,2546643.475,143.0
2849,1001.0,21.0,1.0,100.0,80.0,,10.0,0.525,1793.825,2548437.3,143.0
2850,1001.0,21.0,1.0,100.0,80.0,,11.0,0.425,1794.25,2550231.55,143.0
2851,1001.0,21.0,1.0,100.0,80.0,,12.0,1.0625,1795.3125,2552026.8625,143.0
2852,1001.0,21.0,1.0,100.0,80.0,,13.0,1.1875,1796.5,2553823.3625,143.0
2853,1001.0,21.0,1.0,100.0,80.0,,14.0,0.3625,1796.8625,2555620.225,143.0
2854,1001.0,21.0,1.0,100.0,80.0,,15.0,1.2125,1798.075,2557418.3,143.0
2855,1001.0,21.0,1.0,100.0,80.0,,16.0,0.625,1798.7,2559217.0,143.0
2856,1001.0,21.0,1.0,100.0,80.0,,17.0,1.2,1799.9,2561016.9,143.0
2857,1001.0,21.0,1.0,100.0,80.0,,18.0,0.575,1800.475,2562817.375,143.0
2858,1001.0,21.0,1.0,100.0,80.0,,19.0,0.25,1800.725,2564618.1,143.0
2859,1001.0,21.0,1.0,100.0,80.0,,20.0,0.3125,1801.0375,2566419.1375,143.0
2860,1001.0,21.0,1.0,100.0,80.0,,1.0,0.1375,1801.175,2568220.3125,144.0
2861,1001.0,21.0,1.0,100.0,80.0,,2.0,0.375,1801.55,2570021.8625,144.0
2862,1001.0,21.0,1.0,100.0,80.0,,3.0,0.4625,1802.0125,2571823.875,144.0
2863,1001.0,21.0,1.0,100.0,80.0,,4.0,0.45,1802.4625,2573626.3375,144.0
2864,1001.0,21.0,1.0,100.0,80.0,,5.0,0.775,1803.2375,2575429.575,144.0
2865,1001.0,21.0,1.0,100.0,80.0,,6.0,1.05,1804.2875,2577233.8625,144.0
2866,1001.0,21.0,1.0,100.0,80.0,,7.0,0.2875,1804.575,2579038.4375,144.0
2867,1001.0,21.0,1.0,100.0,80.0,,8.0,0.1625,1804.7375,2580843.175,144.0
2868,1001.0,21.0,1.0,100.0,80.0,,9.0,0.0375,1804.775,2582647.95,144.0
2869,1001.0,21.0,1.0,100.0,80.0,,10.0,0.625,1805.4,2584453.35,144.0
2870,1001.0,21.0,1.0,100.0,80.0,,11.0,0.85,1806.25,2586259.6,144.0
2871,1001.0,21.0,1.0,100.0,80.0,,12.0,0.3125,1806.5625,2588066.1625,144.0
2872,1001.0,21.0,1.0,100.0,80.0,,13.0,0.675,1807.2375,2589873.4,144.0
2873,1001.0,21.0,1.0,100.0,80.0,,14.0,0.2,1807.4375,2591680.8375,144.0
2874,1001.0,21.0,1.0,100.0,80.0,,15.0,0.8,1808.2375,2593489.075,144.0
2875,1001.0,21.0,1.0,100.0,80.0,,16.0,1.125,1809.3625,2595298.4375,144.0
2876,1001.0,21.0,1.0,100.0,80.0,,17.0,0.525,1809.8875,2597108.325,144.0
2877,1001.0,21.0,1.0,100.0,80.0,,18.0,0.425,1810.3125,2598918.6375,144.0
2878,1001.0,21.0,1.0,100.0,80.0,,19.0,0.4875,1810.8,2600729.4375,144.0
2879,1001.0,21.0,1.0,100.0,80.0,,20.0,0.3875,1811.1875,2602540.625,144.0
2880,1001.0,21.0,1.0,100.0,80.0,,1.0,1.0125,1812.2,2604352.825,145.0
2881,1001.0,21.0,1.0,100.0,80.0,,2.0,0.1125,1812.3125,2606165.1375,145.0
2882,1001.0,21.0,1.0,100.0,80.0,,3.0,1.1,1813.4125,2607978.55,145.0
2883,1001.0,21.0,1.0,100.0,80.0,,4.0,0.5375,1813.95,2609792.5,145.0
2884,1001.0,21.0,1.0,100.0,80.0,,5.0,0.775,1814.725,2611607.225,145.0
2885,1001.0,21.0,1.0,100.0,80.0,,6.0,0.3375,1815.0625,2613422.2875,145.0
2886,1001.0,21.0,1.0,100.0,80.0,,7.0,0.3125,1815.375,2615237.6625,145.0
2887,1001.0,21.0,1.0,100.0,80.0,,8.0,1.125,1816.5,2617054.1625,145.0
2888,1001.0,21.0,1.0,100.0,80.0,,9.0,0.0875,1816.5875,2618870.75,145.0
2889,1001.0,21.0,1.0,100.0,80.0,,10.0,0.2875,1816.875,2620687.625,145.0
2890,1001.0,21.0,1.0,100.0,80.0,,11.0,0.5125,1817.3875,2622505.0125,145.0
2891,1001.0,21.0,1.0,100.0,80.0,,12.0,0.5375,1817.925,2624322.9375,145.0
2892,1001.0,21.0,1.0,100.0,80.0,,13.0,0.2125,1818.1375,2626141.075,145.0
2893,1001.0,21.0,1.0,100.0,80.0,,14.0,0.5625,1818.7,2627959.775,145.0
2894,1001.0,21.0,1.0,100.0,80.0,,15.0,0.85,1819.55,2629779.325,145.0
2895,1001.0,21.0,1.0,100.0,80.0,,16.0,0.3375,1819.8875,2631599.2125,145.0
2896,1001.0,21.0,1.0,100.0,80.0,,17.0,1.0125,1820.9,2633420.1125,145.0
2897,1001.0,21.0,1.0,100.0,80.0,,18.0,0.25,1821.15,2635241.2625,145.0
2898,1001.0,21.0,1.0,100.0,80.0,,19.0,0.65,1821.8,2637063.0625,145.0
2899,1001.0,21.0,1.0,100.0,80.0,,20.0,0.9875,1822.7875,2638885.85,145.0
2900,1001.0,21.0,1.0,100.0,80.0,,1.0,0.7625,1823.55,2640709.4,146.0
2901,1001.0,21.0,1.0,100.0,80.0,,2.0,1.0375,1824.5875,2642533.9875,146.0
2902,1001.0,21.0,1.0,100.0,80.0,,3.0,0.25,1824.8375,2644358.825,146.0
2903,1001.0,21.0,1.0,100.0,80.0,,4.0,0.95,1825.7875,2646184.6125,146.0
2904,1001.0,21.0,1.0,100.0,80.0,,5.0,0.3625,1826.15,2648010.7625,146.0
2905,1001.0,21.0,1.0,100.0,80.0,,6.0,0.775,1826.925,2649837.6875,146.0
2906,1001.0,21.0,1.0,100.0,80.0,,7.0,0.8,1827.725,2651665.4125,146.0
2907,1001.0,21.0,1.0,100.0,80.0,,8.0,0.8125,1828.5375,2653493.95,146.0
2908,1001.0,21.0,1.0,100.0,80.0,,9.0,0.8,1829.3375,2655323.2875,146.0
2909,1001.0,21.0,1.0,100.0,80.0,,10.0,0.95,1830.2875,2657153.575,146.0
2910,1001.0,21.0,1.0,100.0,80.0,,11.0,0.175,1830.4625,2658984.0375,146.0
2911,1001.0,21.0,1.0,100.0,80.0,,12.0,0.225,1830.6875,2660814.725,146.0
2912,1001.0,21.0,1.0,100.0,80.0,,13.0,0.925,1831.6125,2662646.3375,146.0
2913,1001.0,21.0,1.0,100.0,80.0,,14.0,0.2,1831.8125,2664478.15,146.0
2914,1001.0,21.0,1.0,100.0,80.0,,15.0,0.1625,1831.975,2666310.125,146.0
2915,1001.0,21.0,1.0,100.0,80.0,,16.0,0.75,1832.725,2668142.85,146.0
2916,1001.0,21.0,1.0,100.0,80.0,,17.0,0.3875,1833.1125,2669975.9625,146.0
2917,1001.0,21.0,1.0,100.0,80.0,,18.0,0.375,1833.4875,2671809.45,146.0
2918,1001.0,21.0,1.0,100.0,80.0,,19.0,0.9375,1834.425,2673643.875,146.0
2919,1001.0,21.0,1.0,100.0,80.0,,20.0,0.475,1834.9,2675478.775,146.0
2920,1001.0,21.0,1.0,100.0,80.0,,1.0,0.6625,1835.5625,2677314.3375,147.0
2921,1001.0,21.0,1.0,100.0,80.0,,2.0,0.8125,1836.375,2679150.7125,147.0
2922,1001.0,21.0,1.0,100.0,80.0,,3.0,0.125,1836.5,2680987.2125,147.0
2923,1001.0,21.0,1.0,100.0,80.0,,4.0,0.375,1836.875,2682824.0875,147.0
2924,1001.0,21.0,1.0,100.0,80.0,,5.0,0.8125,1837.6875,2684661.775,147.0
2925,1001.0,21.0,1.0,100.0,80.0,,6.0,0.125,1837.8125,2686499.5875,147.0
2926,1001.0,21.0,1.0,100.0,80.0,,7.0,0.425,1838.2375,2688337.825,147.0
2927,1001.0,21.0,1.0,100.0,80.0,,8.0,0.1625,1838.4,2690176.225,147.0
2928,1001.0,21.0,1.0,100.0,80.0,,9.0,0.85,1839.25,2692015.475,147.0
2929,1001.0,21.0,1.0,100.0,80.0,,10.0,0.6625,1839.9125,2693855.3875,147.0
2930,1001.0,21.0,1.0,100.0,80.0,,11.0,0.675,1840.5875,2695695.975,147.0
2931,1001.0,21.0,1.0,100.0,80.0,,12.0,0.5125,1841.1,2697537.075,147.0
2932,1001.0,21.0,1.0,100.0,80.0,,13.0,0.45,1841.55,2699378.625,147.0
2933,1001.0,21.0,1.0,100.0,80.0,,14.0,0.5,1842.05,2701220.675,147.0
2934,1001.0,21.0,1.0,100.0,80.0,,15.0,0.9375,1842.9875,2703063.6625,147.0
2935,1001.0,21.0,1.0,100.0,80.0,,16.0,0.4125,1843.4,2704907.0625,147.0
2936,1001.0,21.0,1.0,100.0,80.0,,17.0,0.2375,1843.6375,2706750.7,147.0
2937,1001.0,21.0,1.0,100.0,80.0,,18.0,0.2625,1843.9,2708594.6,147.0
2938,1001.0,21.0,1.0,100.0,80.0,,19.0,0.6375,1844.5375,2710439.1375,147.0
2939,1001.0,21.0,1.0,100.0,80.0,,20.0,0.3,1844.8375,2712283.975,147.0
2940,1001.0,21.0,1.0,100.0,80.0,,1.0,0.475,1845.3125,2714129.2875,148.0
2941,1001.0,21.0,1.0,100.0,80.0,,2.0,0.8375,1846.15,2715975.4375,148.0
2942,1001.0,21.0,1.0,100.0,80.0,,3.0,1.0,1847.15,2717822.5875,148.0
2943,1001.0,21.0,1.0,100.0,80.0,,4.0,0.825,1847.975,2719670.5625,148.0
2944,1001.0,21.0,1.0,100.0,80.0,,5.0,0.325,1848.3,2721518.8625,148.0
2945,1001.0,21.0,1.0,100.0,80.0,,6.0,0.9,1849.2,2723368.0625,148.0
2946,1001.0,21.0,1.0,100.0,80.0,,7.0,0.1,1849.3,2725217.3625,148.0
2947,1001.0,21.0,1.0,100.0,80.0,,8.0,0.5625,1849.8625,2727067.225,148.0
2948,1001.0,21.0,1.0,100.0,80.0,,9.0,0.875,1850.7375,2728917.9625,148.0
2949,1001.0,21.0,1.0,100.0,80.0,,10.0,0.4875,1851.225,2730769.1875,148.0
2950,1001.0,21.0,1.0,100.0,80.0,,11.0,0.625,1851.85,2732621.0375,148.0
2951,1001.0,21.0,1.0,100.0,80.0,,12.0,1.05,1852.9,2734473.9375,148.0
2952,1001.0,21.0,1.0,100.0,80.0,,13.0,1.0625,1853.9625,2736327.9,148.0
2953,1001.0,21.0,1.0,100.0,80.0,,14.0,0.425,1854.3875,2738182.2875,148.0
2954,1001.0,21.0,1.0,100.0,80.0,,15.0,0.3625,1854.75,2740037.0375,148.0
2955,1001.0,21.0,1.0,100.0,80.0,,16.0,0.9375,1855.6875,2741892.725,148.0
2956,1001.0,21.0,1.0,100.0,80.0,,17.0,1.0625,1856.75,2743749.475,148.0
2957,1001.0,21.0,1.0,100.0,80.0,,18.0,1.2,1857.95,2745607.425,148.0
2958,1001.0,21.0,1.0,100.0,80.0,,19.0,0.05,1858.0,2747465.425,148.0
2959,1001.0,21.0,1.0,100.0,80.0,,20.0,0.9,1858.9,2749324.325,148.0
2960,1001.0,21.0,1.0,100.0,80.0,,1.0,0.975,1859.875,2751184.2,149.0
2961,1001.0,21.0,1.0,100.0,80.0,,2.0,0.0125,1859.8875,2753044.0875,149.0
2962,1001.0,21.0,1.0,100.0,80.0,,3.0,0.575,1860.4625,2754904.55,149.0
2963,1001.0,21.0,1.0,100.0,80.0,,4.0,1.0,1861.4625,2756766.0125,149.0
2964,1001.0,21.0,1.0,100.0,80.0,,5.0,0.2,1861.6625,2758627.675,149.0
2965,1001.0,21.0,1.0,100.0,80.0,,6.0,0.3625,1862.025,2760489.7,149.0
2966,1001.0,21.0,1.0,100.0,80.0,,7.0,0.6875,1862.7125,2762352.4125,149.0
2967,1001.0,21.0,1.0,100.0,80.0,,8.0,0.775,1863.4875,2764215.9,149.0
2968,1001.0,21.0,1.0,100.0,80.0,,9.0,0.1625,1863.65,2766079.55,149.0
2969,1001.0,21.0,1.0,100.0,80.0,,10.0,1.0,1864.65,2767944.2,149.0
2970,1001.0,21.0,1.0,100.0,80.0,,11.0,0.3125,1864.9625,2769809.1625,149.0
2971,1001.0,21.0,1.0,100.0,80.0,,12.0,1.0,1865.9625,2771675.125,149.0
2972,1001.0,21.0,1.0,100.0,80.0,,13.0,0.25,1866.2125,2773541.3375,149.0
2973,1001.0,21.0,1.0,100.0,80.0,,14.0,0.25,1866.4625,2775407.8,149.0
2974,1001.0,21.0,1.0,100.0,80.0,,15.0,0.525,1866.9875,2777274.7875,149.0
2975,1001.0,21.0,1.0,100.0,80.0,,16.0,0.3875,1867.375,2779142.1625,149.0
2976,1001.0,21.0,1.0,100.0,80.0,,17.0,0.8375,1868.2125,2781010.375,149.0
2977,1001.0,21.0,1.0,100.0,80.0,,18.0,0.4,1868.6125,2782878.9875,149.0
2978,1001.0,21.0,1.0,100.0,80.0,,19.0,0.675,1869.2875,2784748.275,149.0
2979,1001.0,21.0,1.0,100.0,80.0,,20.0,0.9875,1870.275,2786618.55,149.0
2980,1001.0,21.0,1.0,100.0,80.0,,1.0,0.3375,1870.6125,2788489.1625,150.0
2981,1001.0,21.0,1.0,100.0,80.0,,2.0,0.225,1870.8375,2790360.0,150.0
2982,1001.0,21.0,1.0,100.0,80.0,,3.0,0.525,1871.3625,2792231.3625,150.0
2983,1001.0,21.0,1.0,100.0,80.0,,4.0,0.7125,1872.075,2794103.4375,150.0
2984,1001.0,21.0,1.0,100.0,80.0,,5.0,0.8875,1872.9625,2795976.4,150.0
2985,1001.0,21.0,1.0,100.0,80.0,,6.0,0.5375,1873.5,2797849.9,150.0
2986,1001.0,21.0,1.0,100.0,80.0,,7.0,0.9125,1874.4125,2799724.3125,150.0
2987,1001.0,21.0,1.0,100.0,80.0,,8.0,0.1875,1874.6,2801598.9125,150.0
2988,1001.0,21.0,1.0,100.0,80.0,,9.0,0.325,1874.925,2803473.8375,150.0
2989,1001.0,21.0,1.0,100.0,80.0,,10.0,1.075,1876.0,2805349.8375,150.0
2990,1001.0,21.0,1.0,100.0,80.0,,11.0,0.4,1876.4,2807226.2375,150.0
2991,1001.0,21.0,1.0,100.0,80.0,,12.0,1.2,1877.6,2809103.8375,150.0
2992,1001.0,21.0,1.0,100.0,80.0,,13.0,0.9625,1878.5625,2810982.4,150.0
2993,1001.0,21.0,1.0,100.0,80.0,,14.0,1.1,1879.6625,2812862.0625,150.0
2994,1001.0,21.0,1.0,100.0,80.0,,15.0,0.5125,1880.175,2814742.2375,150.0
2995,1001.0,21.0,1.0,100.0,80.0,,16.0,0.3125,1880.4875,2816622.725,150.0
2996,1001.0,21.0,1.0,100.0,80.0,,17.0,0.1125,1880.6,2818503.325,150.0
2997,1001.0,21.0,1.0,100.0,80.0,,18.0,0.8125,1881.4125,2820384.7375,150.0
2998,1001.0,21.0,1.0,100.0,80.0,,19.0,0.7,1882.1125,2822266.85,150.0
2999,1001.0,21.0,1.0,100.0,80.0,,20.0,0.7375,1882.85,2824149.7,150.0
3000,1001.0,21.0,1.0,100.0,80.0,,1.0,0.6375,1883.4875,2826033.1875,151.0
3001,1001.0,21.0,1.0,100.0,80.0,,2.0,0.3,1883.7875,2827916.975,151.0
3002,1001.0,21.0,1.0,100.0,80.0,,3.0,0.5875,1884.375,2829801.35,151.0
3003,1001.0,21.0,1.0,100.0,80.0,,4.0,1.2375,1885.6125,2831686.9625,151.0
3004,1001.0,21.0,1.0,100.0,80.0,,5.0,0.65,1886.2625,2833573.225,151.0
3005,1001.0,21.0,1.0,100.0,80.0,,6.0,0.8375,1887.1,2835460.325,151.0
3006,1001.0,21.0,1.0,100.0,80.0,,7.0,0.625,1887.725,2837348.05,151.0
3007,1001.0,21.0,1.0,100.0,80.0,,8.0,0.9,1888.625,2839236.675,151.0
3008,1001.0,21.0,1.0,100.0,80.0,,9.0,0.025,1888.65,2841125.325,151.0
3009,1001.0,21.0,1.0,100.0,80.0,,10.0,0.775,1889.425,2843014.75,151.0
3010,1001.0,21.0,1.0,100.0,80.0,,11.0,1.0625,1890.4875,2844905.2375,151.0
3011,1001.0,21.0,1.0,100.0,80.0,,12.0,0.2375,1890.725,2846795.9625,151.0
3012,1001.0,21.0,1.0,100.0,80.0,,13.0,0.75,1891.475,2848687.4375,151.0
3013,1001.0,21.0,1.0,100.0,80.0,,14.0,0.35,1891.825,2850579.2625,151.0
3014,1001.0,21.0,1.0,100.0,80.0,,15.0,1.0,1892.825,2852472.0875,151.0
3015,1001.0,21.0,1.0,100.0,80.0,,16.0,0.1875,1893.0125,2854365.1,151.0
3016,1001.0,21.0,1.0,100.0,80.0,,17.0,0.6,1893.6125,2856258.7125,151.0
3017,1001.0,21.0,1.0,100.0,80.0,,18.0,0.1125,1893.725,2858152.4375,151.0
3018,1001.0,21.0,1.0,100.0,80.0,,19.0,0.75,1894.475,2860046.9125,151.0
3019,1001.0,21.0,1.0,100.0,80.0,,20.0,0.175,1894.65,2861941.5625,151.0
3020,1001.0,21.0,1.0,100.0,80.0,,1.0,0.5875,1895.2375,2863836.8,152.0
3021,1001.0,21.0,1.0,100.0,80.0,,2.0,1.2375,1896.475,2865733.275,152.0
3022,1001.0,21.0,1.0,100.0,80.0,,3.0,0.525,1897.0,2867630.275,152.0
3023,1001.0,21.0,1.0,100.0,80.0,,4.0,0.35,1897.35,2869527.625,152.0
3024,1001.0,21.0,1.0,100.0,80.0,,5.0,0.0625,1897.4125,2871425.0375,152.0
3025,1001.0,21.0,1.0,100.0,80.0,,6.0,1.05,1898.4625,2873323.5,152.0
3026,1001.0,21.0,1.0,100.0,80.0,,7.0,1.1875,1899.65,2875223.15,152.0
3027,1001.0,21.0,1.0,100.0,80.0,,8.0,0.25,1899.9,2877123.05,152.0
3028,1001.0,21.0,1.0,100.0,80.0,,9.0,0.525,1900.425,2879023.475,152.0
3029,1001.0,21.0,1.0,100.0,80.0,,10.0,0.5125,1900.9375,2880924.4125,152.0
3030,1001.0,21.0,1.0,100.0,80.0,,11.0,0.2875,1901.225,2882825.6375,152.0
3031,1001.0,21.0,1.0,100.0,80.0,,12.0,0.525,1901.75,2884727.3875,152.0
3032,1001.0,21.0,1.0,100.0,80.0,,13.0,1.125,1902.875,2886630.2625,152.0
3033,1001.0,21.0,1.0,100.0,80.0,,14.0,0.2125,1903.0875,2888533.35,152.0
3034,1001.0,21.0,1.0,100.0,80.0,,15.0,0.475,1903.5625,2890436.9125,152.0
3035,1001.0,21.0,1.0,100.0,80.0,,16.0,0.7875,1904.35,2892341.2625,152.0
3036,1001.0,21.0,1.0,100.0,80.0,,17.0,0.1,1904.45,2894245.7125,152.0
3037,1001.0,21.0,1.0,100.0,80.0,,18.0,0.4625,1904.9125,2896150.625,152.0
3038,1001.0,21.0,1.0,100.0,80.0,,19.0,0.1625,1905.075,2898055.7,152.0
3039,1001.0,21.0,1.0,100.0,80.0,,20.0,0.225,1905.3,2899961.0,152.0
3040,1001.0,21.0,1.0,100.0,80.0,,1.0,0.0625,1905.3625,2901866.3625,153.0
3041,1001.0,21.0,1.0,100.0,80.0,,2.0,0.7125,1906.075,2903772.4375,153.0
3042,1001.0,21.0,1.0,100.0,80.0,,3.0,0.2125,1906.2875,2905678.725,153.0
3043,1001.0,21.0,1.0,100.0,80.0,,4.0,0.3125,1906.6,2907585.325,153.0
3044,1001.0,21.0,1.0,100.0,80.0,,5.0,0.675,1907.275,2909492.6,153.0
3045,1001.0,21.0,1.0,100.0,80.0,,6.0,0.7875,1908.0625,2911400.6625,153.0
3046,1001.0,21.0,1.0,100.0,80.0,,7.0,0.825,1908.8875,2913309.55,153.0
3047,1001.0,21.0,1.0,100.0,80.0,,8.0,1.0125,1909.9,2915219.45,153.0
3048,1001.0,21.0,1.0,100.0,80.0,,9.0,0.55,1910.45,2917129.9,153.0
3049,1001.0,21.0,1.0,100.0,80.0,,10.0,0.75,1911.2,2919041.1,153.0
3050,1001.0,21.0,1.0,100.0,80.0,,11.0,0.025,1911.225,2920952.325,153.0
3051,1001.0,21.0,1.0,100.0,80.0,,12.0,0.5625,1911.7875,2922864.1125,153.0
3052,1001.0,21.0,1.0,100.0,80.0,,13.0,0.175,1911.9625,2924776.075,153.0
3053,1001.0,21.0,1.0,100.0,80.0,,14.0,0.6375,1912.6,2926688.675,153.0
3054,1001.0,21.0,1.0,100.0,80.0,,15.0,0.65,1913.25,2928601.925,153.0
3055,1001.0,21.0,1.0,100.0,80.0,,16.0,0.05,1913.3,2930515.225,153.0
3056,1001.0,21.0,1.0,100.0,80.0,,17.0,1.075,1914.375,2932429.6,153.0
3057,1001.0,21.0,1.0,100.0,80.0,,18.0,0.0375,1914.4125,2934344.0125,153.0
3058,1001.0,21.0,1.0,100.0,80.0,,19.0,0.7,1915.1125,2936259.125,153.0
3059,1001.0,21.0,1.0,100.0,80.0,,20.0,0.775,1915.8875,2938175.0125,153.0
3060,1001.0,21.0,1.0,100.0,80.0,,1.0,0.325,1916.2125,2940091.225,154.0
3061,1001.0,21.0,1.0,100.0,80.0,,2.0,0.6375,1916.85,2942008.075,154.0
3062,1001.0,21.0,1.0,100.0,80.0,,3.0,0.05,1916.9,2943924.975,154.0
3063,1001.0,21.0,1.0,100.0,80.0,,4.0,1.175,1918.075,2945843.05,154.0
3064,1001.0,21.0,1.0,100.0,80.0,,5.0,0.5125,1918.5875,2947761.6375,154.0
3065,1001.0,21.0,1.0,100.0,80.0,,6.0,0.9375,1919.525,2949681.1625,154.0
3066,1001.0,21.0,1.0,100.0,80.0,,7.0,0.2125,1919.7375,2951600.9,154.0
3067,1001.0,21.0,1.0,100.0,80.0,,8.0,1.125,1920.8625,2953521.7625,154.0
3068,1001.0,21.0,1.0,100.0,80.0,,9.0,0.2,1921.0625,2955442.825,154.0
3069,1001.0,21.0,1.0,100.0,80.0,,10.0,1.0,1922.0625,2957364.8875,154.0
3070,1001.0,21.0,1.0,100.0,80.0,,11.0,1.175,1923.2375,2959288.125,154.0
3071,1001.0,21.0,1.0,100.0,80.0,,12.0,0.225,1923.4625,2961211.5875,154.0
3072,1001.0,21.0,1.0,100.0,80.0,,13.0,0.925,1924.3875,2963135.975,154.0
3073,1001.0,21.0,1.0,100.0,80.0,,14.0,0.5375,1924.925,2965060.9,154.0
3074,1001.0,21.0,1.0,100.0,80.0,,15.0,0.175,1925.1,2966986.0,154.0
3075,1001.0,21.0,1.0,100.0,80.0,,16.0,0.45,1925.55,2968911.55,154.0
3076,1001.0,21.0,1.0,100.0,80.0,,17.0,0.5,1926.05,2970837.6,154.0
3077,1001.0,21.0,1.0,100.0,80.0,,18.0,1.15,1927.2,2972764.8,154.0
3078,1001.0,21.0,1.0,100.0,80.0,,19.0,1.0875,1928.2875,2974693.0875,154.0
3079,1001.0,21.0,1.0,100.0,80.0,,20.0,0.3625,1928.65,2976621.7375,154.0
3080,1001.0,21.0,1.0,100.0,80.0,,1.0,0.8625,1929.5125,2978551.25,155.0
3081,1001.0,21.0,1.0,100.0,80.0,,2.0,1.025,1930.5375,2980481.7875,155.0
3082,1001.0,21.0,1.0,100.0,80.0,,3.0,1.1875,1931.725,2982413.5125,155.0
3083,1001.0,21.0,1.0,100.0,80.0,,4.0,1.0375,1932.7625,2984346.275,155.0
3084,1001.0,21.0,1.0,100.0,80.0,,5.0,1.125,1933.8875,2986280.1625,155.0
3085,1001.0,21.0,1.0,100.0,80.0,,6.0,0.6875,1934.575,2988214.7375,155.0
3086,1001.0,21.0,1.0,100.0,80.0,,7.0,1.0375,1935.6125,2990150.35,155.0
3087,1001.0,21.0,1.0,100.0,80.0,,8.0,0.3875,1936.0,2992086.35,155.0
3088,1001.0,21.0,1.0,100.0,80.0,,9.0,0.7625,1936.7625,2994023.1125,155.0
3089,1001.0,21.0,1.0,100.0,80.0,,10.0,0.7625,1937.525,2995960.6375,155.0
3090,1001.0,21.0,1.0,100.0,80.0,,11.0,1.2375,1938.7625,2997899.4,155.0
3091,1001.0,21.0,1.0,100.0,80.0,,12.0,0.65,1939.4125,2999838.8125,155.0
3092,1001.0,21.0,1.0,100.0,80.0,,13.0,0.8625,1940.275,3001779.0875,155.0
3093,1001.0,21.0,1.0,100.0,80.0,,14.0,0.1875,1940.4625,3003719.55,155.0
3094,1001.0,21.0,1.0,100.0,80.0,,15.0,1.175,1941.6375,3005661.1875,155.0
3095,1001.0,21.0,1.0,100.0,80.0,,16.0,0.6375,1942.275,3007603.4625,155.0
3096,1001.0,21.0,1.0,100.0,80.0,,17.0,1.0125,1943.2875,3009546.75,155.0
3097,1001.0,21.0,1.0,100.0,80.0,,18.0,0.35,1943.6375,3011490.3875,155.0
3098,1001.0,21.0,1.0,100.0,80.0,,19.0,0.7,1944.3375,3013434.725,155.0
3099,1001.0,21.0,1.0,100.0,80.0,,20.0,0.6625,1945.0,3015379.725,155.0
3100,1001.0,21.0,1.0,100.0,80.0,,1.0,0.1,1945.1,3017324.825,156.0
3101,1001.0,21.0,1.0,100.0,80.0,,2.0,0.4875,1945.5875,3019270.4125,156.0
3102,1001.0,21.0,1.0,100.0,80.0,,3.0,0.1125,1945.7,3021216.1125,156.0
3103,1001.0,21.0,1.0,100.0,80.0,,4.0,1.1625,1946.8625,3023162.975,156.0
3104,1001.0,21.0,1.0,100.0,80.0,,5.0,0.6125,1947.475,3025110.45,156.0
3105,1001.0,21.0,1.0,100.0,80.0,,6.0,0.4875,1947.9625,3027058.4125,156.0
3106,1001.0,21.0,1.0,100.0,80.0,,7.0,0.45,1948.4125,3029006.825,156.0
3107,1001.0,21.0,1.0,100.0,80.0,,8.0,0.75,1949.1625,3030955.9875,156.0
3108,1001.0,21.0,1.0,100.0,80.0,,9.0,0.1625,1949.325,3032905.3125,156.0
3109,1001.0,21.0,1.0,100.0,80.0,,10.0,0.8375,1950.1625,3034855.475,156.0
3110,1001.0,21.0,1.0,100.0,80.0,,11.0,0.175,1950.3375,3036805.8125,156.0
3111,1001.0,21.0,1.0,100.0,80.0,,12.0,0.275,1950.6125,3038756.425,156.0
3112,1001.0,21.0,1.0,100.0,80.0,,13.0,1.1,1951.7125,3040708.1375,156.0
3113,1001.0,21.0,1.0,100.0,80.0,,14.0,0.9875,1952.7,3042660.8375,156.0
3114,1001.0,21.0,1.0,100.0,80.0,,15.0,0.675,1953.375,3044614.2125,156.0
3115,1001.0,21.0,1.0,100.0,80.0,,16.0,0.2625,1953.6375,3046567.85,156.0
3116,1001.0,21.0,1.0,100.0,80.0,,17.0,0.2125,1953.85,3048521.7,156.0
3117,1001.0,21.0,1.0,100.0,80.0,,18.0,0.4875,1954.3375,3050476.0375,156.0
3118,1001.0,21.0,1.0,100.0,80.0,,19.0,0.9375,1955.275,3052431.3125,156.0
3119,1001.0,21.0,1.0,100.0,80.0,,20.0,0.1375,1955.4125,3054386.725,156.0
3120,1001.0,21.0,1.0,100.0,80.0,,1.0,0.7875,1956.2,3056342.925,157.0
3121,1001.0,21.0,1.0,100.0,80.0,,2.0,0.4875,1956.6875,3058299.6125,157.0
3122,1001.0,21.0,1.0,100.0,80.0,,3.0,0.7875,1957.475,3060257.0875,157.0
3123,1001.0,21.0,1.0,100.0,80.0,,4.0,0.1,1957.575,3062214.6625,157.0
3124,1001.0,21.0,1.0,100.0,80.0,,5.0,0.625,1958.2,3064172.8625,157.0
3125,1001.0,21.0,1.0,100.0,80.0,,6.0,0.575,1958.775,3066131.6375,157.0
3126,1001.0,21.0,1.0,100.0,80.0,,7.0,0.275,1959.05,3068090.6875,157.0
3127,1001.0,21.0,1.0,100.0,80.0,,8.0,0.1,1959.15,3070049.8375,157.0
3128,1001.0,21.0,1.0,100.0,80.0,,9.0,0.1875,1959.3375,3072009.175,157.0
3129,1001.0,21.0,1.0,100.0,80.0,,10.0,1.1375,1960.475,3073969.65,157.0
3130,1001.0,21.0,1.0,100.0,80.0,,11.0,0.4375,1960.9125,3075930.5625,157.0
3131,1001.0,21.0,1.0,100.0,80.0,,12.0,0.0125,1960.925,3077891.4875,157.0
3132,1001.0,21.0,1.0,100.0,80.0,,13.0,0.925,1961.85,3079853.3375,157.0
3133,1001.0,21.0,1.0,100.0,80.0,,14.0,0.275,1962.125,3081815.4625,157.0
3134,1001.0,21.0,1.0,100.0,80.0,,15.0,0.5,1962.625,3083778.0875,157.0
3135,1001.0,21.0,1.0,100.0,80.0,,16.0,0.3875,1963.0125,3085741.1,157.0
3136,1001.0,21.0,1.0,100.0,80.0,,17.0,0.175,1963.1875,3087704.2875,157.0
3137,1001.0,21.0,1.0,100.0,80.0,,18.0,0.25,1963.4375,3089667.725,157.0
3138,1001.0,21.0,1.0,100.0,80.0,,19.0,0.9875,1964.425,3091632.15,157.0
3139,1001.0,21.0,1.0,100.0,80.0,,20.0,0.7625,1965.1875,3093597.3375,157.0
3140,1001.0,21.0,1.0,100.0,80.0,,1.0,0.1125,1965.3,3095562.6375,158.0
3141,1001.0,21.0,1.0,100.0,80.0,,2.0,0.175,1965.475,3097528.1125,158.0
3142,1001.0,21.0,1.0,100.0,80.0,,3.0,0.6,1966.075,3099494.1875,158.0
3143,1001.0,21.0,1.0,100.0,80.0,,4.0,0.025,1966.1,3101460.2875,158.0
3144,1001.0,21.0,1.0,100.0,80.0,,5.0,0.5125,1966.6125,3103426.9,158.0
3145,1001.0,21.0,1.0,100.0,80.0,,6.0,0.225,1966.8375,3105393.7375,158.0
3146,1001.0,21.0,1.0,100.0,80.0,,7.0,1.1125,1967.95,3107361.6875,158.0
3147,1001.0,21.0,1.0,100.0,80.0,,8.0,1.0875,1969.0375,3109330.725,158.0
3148,1001.0,21.0,1.0,100.0,80.0,,9.0,0.3125,1969.35,3111300.075,158.0
3149,1001.0,21.0,1.0,100.0,80.0,,10.0,0.3375,1969.6875,3113269.7625,158.0
3150,1001.0,21.0,1.0,100.0,80.0,,11.0,0.55,1970.2375,3115240.0,158.0
3151,1001.0,21.0,1.0,100.0,80.0,,12.0,0.15,1970.3875,3117210.3875,158.0
3152,1001.0,21.0,1.0,100.0,80.0,,13.0,0.5625,1970.95,3119181.3375,158.0
3153,1001.0,21.0,1.0,100.0,80.0,,14.0,0.2875,1971.2375,3121152.575,158.0
3154,1001.0,21.0,1.0,100.0,80.0,,15.0,0.2125,1971.45,3123124.025,158.0
3155,1001.0,21.0,1.0,100.0,80.0,,16.0,0.3375,1971.7875,3125095.8125,158.0
3156,1001.0,21.0,1.0,100.0,80.0,,17.0,0.175,1971.9625,3127067.775,158.0
3157,1001.0,21.0,1.0,100.0,80.0,,18.0,0.0625,1972.025,3129039.8,158.0
3158,1001.0,21.0,1.0,100.0,80.0,,19.0,0.45,1972.475,3131012.275,158.0
3159,1001.0,21.0,1.0,100.0,80.0,,20.0,1.1625,1973.6375,3132985.9125,158.0
3160,1001.0,21.0,1.0,100.0,80.0,,1.0,0.0625,1973.7,3134959.6125,159.0
3161,1001.0,21.0,1.0,100.0,80.0,,2.0,0.1,1973.8,3136933.4125,159.0
3162,1001.0,21.0,1.0,100.0,80.0,,3.0,0.875,1974.675,3138908.0875,159.0
3163,1001.0,21.0,1.0,100.0,80.0,,4.0,0.2375,1974.9125,3140883.0,159.0
3164,1001.0,21.0,1.0,100.0,80.0,,5.0,0.6875,1975.6,3142858.6,159.0
3165,1001.0,21.0,1.0,100.0,80.0,,6.0,0.0625,1975.6625,3144834.2625,159.0
3166,1001.0,21.0,1.0,100.0,80.0,,7.0,0.8625,1976.525,3146810.7875,159.0
3167,1001.0,21.0,1.0,100.0,80.0,,8.0,1.0125,1977.5375,3148788.325,159.0
3168,1001.0,21.0,1.0,100.0,80.0,,9.0,0.9,1978.4375,3150766.7625,159.0
3169,1001.0,21.0,1.0,100.0,80.0,,10.0,1.1625,1979.6,3152746.3625,159.0
3170,1001.0,21.0,1.0,100.0,80.0,,11.0,0.325,1979.925,3154726.2875,159.0
3171,1001.0,21.0,1.0,100.0,80.0,,12.0,0.675,1980.6,3156706.8875,159.0
3172,1001.0,21.0,1.0,100.0,80.0,,13.0,0.3625,1980.9625,3158687.85,159.0
3173,1001.0,21.0,1.0,100.0,80.0,,14.0,1.1625,1982.125,3160669.975,159.0
3174,1001.0,21.0,1.0,100.0,80.0,,15.0,0.7875,1982.9125,3162652.8875,159.0
3175,1001.0,21.0,1.0,100.0,80.0,,16.0,0.9125,1983.825,3164636.7125,159.0
3176,1001.0,21.0,1.0,100.0,80.0,,17.0,0.8,1984.625,3166621.3375,159.0
3177,1001.0,21.0,1.0,100.0,80.0,,18.0,1.225,1985.85,3168607.1875,159.0
3178,1001.0,21.0,1.0,100.0,80.0,,19.0,0.625,1986.475,3170593.6625,159.0
3179,1001.0,21.0,1.0,100.0,80.0,,20.0,1.025,1987.5,3172581.1625,159.0
3180,1001.0,21.0,1.0,100.0,80.0,,1.0,0.4625,1987.9625,3174569.125,160.0
3181,1001.0,21.0,1.0,100.0,80.0,,2.0,0.9375,1988.9,3176558.025,160.0
3182,1001.0,21.0,1.0,100.0,80.0,,3.0,0.8375,1989.7375,3178547.7625,160.0
3183,1001.0,21.0,1.0,100.0,80.0,,4.0,0.125,1989.8625,3180537.625,160.0
3184,1001.0,21.0,1.0,100.0,80.0,,5.0,0.5875,1990.45,3182528.075,160.0
3185,1001.0,21.0,1.0,100.0,80.0,,6.0,1.2,1991.65,3184519.725,160.0
3186,1001.0,21.0,1.0,100.0,80.0,,7.0,0.05,1991.7,3186511.425,160.0
3187,1001.0,21.0,1.0,100.0,80.0,,8.0,0.4,1992.1,3188503.525,160.0
3188,1001.0,21.0,1.0,100.0,80.0,,9.0,1.0625,1993.1625,3190496.6875,160.0
3189,1001.0,21.0,1.0,100.0,80.0,,10.0,1.0625,1994.225,3192490.9125,160.0
3190,1001.0,21.0,1.0,100.0,80.0,,11.0,0.1375,1994.3625,3194485.275,160.0
3191,1001.0,21.0,1.0,100.0,80.0,,12.0,1.025,1995.3875,3196480.6625,160.0
3192,1001.0,21.0,1.0,100.0,80.0,,13.0,0.1875,1995.575,3198476.2375,160.0
3193,1001.0,21.0,1.0,100.0,80.0,,14.0,0.375,1995.95,3200472.1875,160.0
3194,1001.0,21.0,1.0,100.0,80.0,,15.0,0.5,1996.45,3202468.6375,160.0
3195,1001.0,21.0,1.0,100.0,80.0,,16.0,0.825,1997.275,3204465.9125,160.0
3196,1001.0,21.0,1.0,100.0,80.0,,17.0,0.5625,1997.8375,3206463.75,160.0
3197,1001.0,21.0,1.0,100.0,80.0,,18.0,0.55,1998.3875,3208462.1375,160.0
3198,1001.0,21.0,1.0,100.0,80.0,,19.0,0.8,1999.1875,3210461.325,160.0
3199,1001.0,21.0,1.0,100.0,80.0,,20.0,0.825,2000.0125,3212461.3375,160.0
3200,1001.0,21.0,1.0,100.0,80.0,,1.0,0.6625,2000.675,3214462.0125,161.0
3201,1001.0,21.0,1.0,100.0,80.0,,2.0,0.05,2000.725,3216462.7375,161.0
3202,1001.0,21.0,1.0,100.0,80.0,,3.0,1.2125,2001.9375,3218464.675,161.0
3203,1001.0,21.0,1.0,100.0,80.0,,4.0,1.2125,2003.15,3220467.825,161.0
3204,1001.0,21.0,1.0,100.0,80.0,,5.0,0.85,2004.0,3222471.825,161.0
3205,1001.0,21.0,1.0,100.0,80.0,,6.0,0.15,2004.15,3224475.975,161.0
3206,1001.0,21.0,1.0,100.0,80.0,,7.0,1.0125,2005.1625,3226481.1375,161.0
3207,1001.0,21.0,1.0,100.0,80.0,,8.0,1.1875,2006.35,3228487.4875,161.0
3208,1001.0,21.0,1.0,100.0,80.0,,9.0,1.2375,2007.5875,3230495.075,161.0
3209,1001.0,21.0,1.0,100.0,80.0,,10.0,0.5875,2008.175,3232503.25,161.0
3210,1001.0,21.0,1.0,100.0,80.0,,11.0,0.7,2008.875,3234512.125,161.0
3211,1001.0,21.0,1.0,100.0,80.0,,12.0,1.1,2009.975,3236522.1,161.0
3212,1001.0,21.0,1.0,100.0,80.0,,13.0,0.6375,2010.6125,3238532.7125,161.0
3213,1001.0,21.0,1.0,100.0,80.0,,14.0,0.3375,2010.95,3240543.6625,161.0
3214,1001.0,21.0,1.0,100.0,80.0,,15.0,0.7875,2011.7375,3242555.4,161.0
3215,1001.0,21.0,1.0,100.0,80.0,,16.0,1.225,2012.9625,3244568.3625,161.0
3216,1001.0,21.0,1.0,100.0,80.0,,17.0,0.95,2013.9125,3246582.275,161.0
3217,1001.0,21.0,1.0,100.0,80.0,,18.0,0.1125,2014.025,3248596.3,161.0
3218,1001.0,21.0,1.0,100.0,80.0,,19.0,0.7,2014.725,3250611.025,161.0
3219,1001.0,21.0,1.0,100.0,80.0,,20.0,1.05,2015.775,3252626.8,161.0
3220,1001.0,21.0,1.0,100.0,80.0,,1.0,0.35,2016.125,3254642.925,162.0
3221,1001.0,21.0,1.0,100.0,80.0,,2.0,0.9625,2017.0875,3256660.0125,162.0
3222,1001.0,21.0,1.0,100.0,80.0,,3.0,0.7125,2017.8,3258677.8125,162.0
3223,1001.0,21.0,1.0,100.0,80.0,,4.0,0.325,2018.125,3260695.9375,162.0
3224,1001.0,21.0,1.0,100.0,80.0,,5.0,0.6125,2018.7375,3262714.675,162.0
3225,1001.0,21.0,1.0,100.0,80.0,,6.0,0.5375,2019.275,3264733.95,162.0
3226,1001.0,21.0,1.0,100.0,80.0,,7.0,0.45,2019.725,3266753.675,162.0
3227,1001.0,21.0,1.0,100.0,80.0,,8.0,0.55,2020.275,3268773.95,162.0
3228,1001.0,21.0,1.0,100.0,80.0,,9.0,0.925,2021.2,3270795.15,162.0
3229,1001.0,21.0,1.0,100.0,80.0,,10.0,0.25,2021.45,3272816.6,162.0
3230,1001.0,21.0,1.0,100.0,80.0,,11.0,1.0375,2022.4875,3274839.0875,162.0
3231,1001.0,21.0,1.0,100.0,80.0,,12.0,1.1125,2023.6,3276862.6875,162.0
3232,1001.0,21.0,1.0,100.0,80.0,,13.0,0.275,2023.875,3278886.5625,162.0
3233,1001.0,21.0,1.0,100.0,80.0,,14.0,0.4,2024.275,3280910.8375,162.0
3234,1001.0,21.0,1.0,100.0,80.0,,15.0,0.6375,2024.9125,3282935.75,162.0
3235,1001.0,21.0,1.0,100.0,80.0,,16.0,0.725,2025.6375,3284961.3875,162.0
3236,1001.0,21.0,1.0,100.0,80.0,,17.0,1.2125,2026.85,3286988.2375,162.0
3237,1001.0,21.0,1.0,100.0,80.0,,18.0,0.525,2027.375,3289015.6125,162.0
3238,1001.0,21.0,1.0,100.0,80.0,,19.0,0.8,2028.175,3291043.7875,162.0
3239,1001.0,21.0,1.0,100.0,80.0,,20.0,1.075,2029.25,3293073.0375,162.0
3240,1001.0,21.0,1.0,100.0,80.0,,1.0,0.6375,2029.8875,3295102.925,163.0
3241,1001.0,21.0,1.0,100.0,80.0,,2.0,0.2125,2030.1,3297133.025,163.0
3242,1001.0,21.0,1.0,100.0,80.0,,3.0,0.4375,2030.5375,3299163.5625,163.0
3243,1001.0,21.0,1.0,100.0,80.0,,4.0,0.75,2031.2875,3301194.85,163.0
3244,1001.0,21.0,1.0,100.0,80.0,,5.0,0.9375,2032.225,3303227.075,163.0
3245,1001.0,21.0,1.0,100.0,80.0,,6.0,0.8125,2033.0375,3305260.1125,163.0
3246,1001.0,21.0,1.0,100.0,80.0,,7.0,0.5875,2033.625,3307293.7375,163.0
3247,1001.0,21.0,1.0,100.0,80.0,,8.0,0.45,2034.075,3309327.8125,163.0
3248,1001.0,21.0,1.0,100.0,80.0,,9.0,0.4125,2034.4875,3311362.3,163.0
3249,1001.0,21.0,1.0,100.0,80.0,,10.0,0.4125,2034.9,3313397.2,163.0
3250,1001.0,21.0,1.0,100.0,80.0,,11.0,0.1875,2035.0875,3315432.2875,163.0
3251,1001.0,21.0,1.0,100.0,80.0,,12.0,0.1125,2035.2,3317467.4875,163.0
3252,1001.0,21.0,1.0,100.0,80.0,,13.0,1.1375,2036.3375,3319503.825,163.0
3253,1001.0,21.0,1.0,100.0,80.0,,14.0,1.1875,2037.525,3321541.35,163.0
3254,1001.0,21.0,1.0,100.0,80.0,,15.0,0.2125,2037.7375,3323579.0875,163.0
3255,1001.0,21.0,1.0,100.0,80.0,,16.0,0.375,2038.1125,3325617.2,163.0
3256,1001.0,21.0,1.0,100.0,80.0,,17.0,0.5875,2038.7,3327655.9,163.0
3257,1001.0,21.0,1.0,100.0,80.0,,18.0,0.5,2039.2,3329695.1,163.0
3258,1001.0,21.0,1.0,100.0,80.0,,19.0,0.4375,2039.6375,3331734.7375,163.0
3259,1001.0,21.0,1.0,100.0,80.0,,20.0,1.2125,2040.85,3333775.5875,163.0
3260,1001.0,21.0,1.0,100.0,80.0,,1.0,0.2375,2041.0875,3335816.675,164.0
3261,1001.0,21.0,1.0,100.0,80.0,,2.0,0.7,2041.7875,3337858.4625,164.0
3262,1001.0,21.0,1.0,100.0,80.0,,3.0,0.7625,2042.55,3339901.0125,164.0
3263,1001.0,21.0,1.0,100.0,80.0,,4.0,0.9125,2043.4625,3341944.475,164.0
3264,1001.0,21.0,1.0,100.0,80.0,,5.0,0.975,2044.4375,3343988.9125,164.0
3265,1001.0,21.0,1.0,100.0,80.0,,6.0,0.875,2045.3125,3346034.225,164.0
3266,1001.0,21.0,1.0,100.0,80.0,,7.0,0.525,2045.8375,3348080.0625,164.0
3267,1001.0,21.0,1.0,100.0,80.0,,8.0,0.3,2046.1375,3350126.2,164.0
3268,1001.0,21.0,1.0,100.0,80.0,,9.0,0.1,2046.2375,3352172.4375,164.0
3269,1001.0,21.0,1.0,100.0,80.0,,10.0,0.5625,2046.8,3354219.2375,164.0
3270,1001.0,21.0,1.0,100.0,80.0,,11.0,0.975,2047.775,3356267.0125,164.0
3271,1001.0,21.0,1.0,100.0,80.0,,12.0,0.1,2047.875,3358314.8875,164.0
3272,1001.0,21.0,1.0,100.0,80.0,,13.0,0.775,2048.65,3360363.5375,164.0
3273,1001.0,21.0,1.0,100.0,80.0,,14.0,0.475,2049.125,3362412.6625,164.0
3274,1001.0,21.0,1.0,100.0,80.0,,15.0,1.1875,2050.3125,3364462.975,164.0
3275,1001.0,21.0,1.0,100.0,80.0,,16.0,0.8875,2051.2,3366514.175,164.0
3276,1001.0,21.0,1.0,100.0,80.0,,17.0,0.475,2051.675,3368565.85,164.0
3277,1001.0,21.0,1.0,100.0,80.0,,18.0,0.875,2052.55,3370618.4,164.0
3278,1001.0,21.0,1.0,100.0,80.0,,19.0,1.05,2053.6,3372672.0,164.0
3279,1001.0,21.0,1.0,100.0,80.0,,20.0,0.2125,2053.8125,3374725.8125,164.0
3280,1001.0,21.0,1.0,100.0,80.0,,1.0,1.075,2054.8875,3376780.7,165.0
3281,1001.0,21.0,1.0,100.0,80.0,,2.0,0.575,2055.4625,3378836.1625,165.0
3282,1001.0,21.0,1.0,100.0,80.0,,3.0,0.6125,2056.075,3380892.2375,165.0
3283,1001.0,21.0,1.0,100.0,80.0,,4.0,0.8875,2056.9625,3382949.2,165.0
3284,1001.0,21.0,1.0,100.0,80.0,,5.0,0.775,2057.7375,3385006.9375,165.0
3285,1001.0,21.0,1.0,100.0,80.0,,6.0,0.375,2058.1125,3387065.05,165.0
3286,1001.0,21.0,1.0,100.0,80.0,,7.0,0.9375,2059.05,3389124.1,165.0
3287,1001.0,21.0,1.0,100.0,80.0,,8.0,0.1,2059.15,3391183.25,165.0
3288,1001.0,21.0,1.0,100.0,80.0,,9.0,0.575,2059.725,3393242.975,165.0
3289,1001.0,21.0,1.0,100.0,80.0,,10.0,0.425,2060.15,3395303.125,165.0
3290,1001.0,21.0,1.0,100.0,80.0,,11.0,1.2375,2061.3875,3397364.5125,165.0
3291,1001.0,21.0,1.0,100.0,80.0,,12.0,0.85,2062.2375,3399426.75,165.0
3292,1001.0,21.0,1.0,100.0,80.0,,13.0,0.0125,2062.25,3401489.0,165.0
3293,1001.0,21.0,1.0,100.0,80.0,,14.0,1.1875,2063.4375,3403552.4375,165.0
3294,1001.0,21.0,1.0,100.0,80.0,,15.0,0.1625,2063.6,3405616.0375,165.0
3295,1001.0,21.0,1.0,100.0,80.0,,16.0,1.0625,2064.6625,3407680.7,165.0
3296,1001.0,21.0,1.0,100.0,80.0,,17.0,0.425,2065.0875,3409745.7875,165.0
3297,1001.0,21.0,1.0,100.0,80.0,,18.0,0.5,2065.5875,3411811.375,165.0
3298,1001.0,21.0,1.0,100.0,80.0,,19.0,0.9875,2066.575,3413877.95,165.0
3299,1001.0,21.0,1.0,100.0,80.0,,20.0,1.15,2067.725,3415945.675,165.0
3300,1001.0,21.0,1.0,100.0,80.0,,1.0,0.575,2068.3,3418013.975,166.0
3301,1001.0,21.0,1.0,100.0,80.0,,2.0,0.925,2069.225,3420083.2,166.0
3302,1001.0,21.0,1.0,100.0,80.0,,3.0,0.0875,2069.3125,3422152.5125,166.0
3303,1001.0,21.0,1.0,100.0,80.0,,4.0,0.1375,2069.45,3424221.9625,166.0
3304,1001.0,21.0,1.0,100.0,80.0,,5.0,1.0,2070.45,3426292.4125,166.0
3305,1001.0,21.0,1.0,100.0,80.0,,6.0,0.75,2071.2,3428363.6125,166.0
3306,1001.0,21.0,1.0,100.0,80.0,,7.0,0.675,2071.875,3430435.4875,166.0
3307,1001.0,21.0,1.0,100.0,80.0,,8.0,0.575,2072.45,3432507.9375,166.0
3308,1001.0,21.0,1.0,100.0,80.0,,9.0,0.5375,2072.9875,3434580.925,166.0
3309,1001.0,21.0,1.0,100.0,80.0,,10.0,0.75,2073.7375,3436654.6625,166.0
3310,1001.0,21.0,1.0,100.0,80.0,,11.0,0.5375,2074.275,3438728.9375,166.0
3311,1001.0,21.0,1.0,100.0,80.0,,12.0,0.475,2074.75,3440803.6875,166.0
3312,1001.0,21.0,1.0,100.0,80.0,,13.0,0.975,2075.725,3442879.4125,166.0
3313,1001.0,21.0,1.0,100.0,80.0,,14.0,0.25,2075.975,3444955.3875,166.0
3314,1001.0,21.0,1.0,100.0,80.0,,15.0,0.475,2076.45,3447031.8375,166.0
3315,1001.0,21.0,1.0,100.0,80.0,,16.0,0.325,2076.775,3449108.6125,166.0
3316,1001.0,21.0,1.0,100.0,80.0,,17.0,1.1625,2077.9375,3451186.55,166.0
3317,1001.0,21.0,1.0,100.0,80.0,,18.0,0.325,2078.2625,3453264.8125,166.0
3318,1001.0,21.0,1.0,100.0,80.0,,19.0,0.5875,2078.85,3455343.6625,166.0
3319,1001.0,21.0,1.0,100.0,80.0,,20.0,0.6,2079.45,3457423.1125,166.0
3320,1001.0,21.0,1.0,100.0,80.0,,1.0,0.2625,2079.7125,3459502.825,167.0
3321,1001.0,21.0,1.0,100.0,80.0,,2.0,0.1,2079.8125,3461582.6375,167.0
3322,1001.0,21.0,1.0,100.0,80.0,,3.0,1.2,2081.0125,3463663.65,167.0
3323,1001.0,21.0,1.0,100.0,80.0,,4.0,0.7,2081.7125,3465745.3625,167.0
3324,1001.0,21.0,1.0,100.0,80.0,,5.0,1.2375,2082.95,3467828.3125,167.0
3325,1001.0,21.0,1.0,100.0,80.0,,6.0,0.9375,2083.8875,3469912.2,167.0
3326,1001.0,21.0,1.0,100.0,80.0,,7.0,1.225,2085.1125,3471997.3125,167.0
3327,1001.0,21.0,1.0,100.0,80.0,,8.0,0.8125,2085.925,3474083.2375,167.0
3328,1001.0,21.0,1.0,100.0,80.0,,9.0,0.7625,2086.6875,3476169.925,167.0
3329,1001.0,21.0,1.0,100.0,80.0,,10.0,0.5625,2087.25,3478257.175,167.0
3330,1001.0,21.0,1.0,100.0,80.0,,11.0,0.1125,2087.3625,3480344.5375,167.0
3331,1001.0,21.0,1.0,100.0,80.0,,12.0,1.1375,2088.5,3482433.0375,167.0
3332,1001.0,21.0,1.0,100.0,80.0,,13.0,0.55,2089.05,3484522.0875,167.0
3333,1001.0,21.0,1.0,100.0,80.0,,14.0,1.0875,2090.1375,3486612.225,167.0
3334,1001.0,21.0,1.0,100.0,80.0,,15.0,0.725,2090.8625,3488703.0875,167.0
3335,1001.0,21.0,1.0,100.0,80.0,,16.0,0.025,2090.8875,3490793.975,167.0
3336,1001.0,21.0,1.0,100.0,80.0,,17.0,0.9875,2091.875,3492885.85,167.0
3337,1001.0,21.0,1.0,100.0,80.0,,18.0,0.2125,2092.0875,3494977.9375,167.0
3338,1001.0,21.0,1.0,100.0,80.0,,19.0,0.6875,2092.775,3497070.7125,167.0
3339,1001.0,21.0,1.0,100.0,80.0,,20.0,1.0125,2093.7875,3499164.5,167.0
3340,1001.0,21.0,1.0,100.0,80.0,,1.0,0.75,2094.5375,3501259.0375,168.0
3341,1001.0,21.0,1.0,100.0,80.0,,2.0,0.1625,2094.7,3503353.7375,168.0
3342,1001.0,21.0,1.0,100.0,80.0,,3.0,0.15,2094.85,3505448.5875,168.0
3343,1001.0,21.0,1.0,100.0,80.0,,4.0,0.6875,2095.5375,3507544.125,168.0
3344,1001.0,21.0,1.0,100.0,80.0,,5.0,0.775,2096.3125,3509640.4375,168.0
3345,1001.0,21.0,1.0,100.0,80.0,,6.0,0.2625,2096.575,3511737.0125,168.0
3346,1001.0,21.0,1.0,100.0,80.0,,7.0,0.2,2096.775,3513833.7875,168.0
3347,1001.0,21.0,1.0,100.0,80.0,,8.0,0.4875,2097.2625,3515931.05,168.0
3348,1001.0,21.0,1.0,100.0,80.0,,9.0,1.0375,2098.3,3518029.35,168.0
3349,1001.0,21.0,1.0,100.0,80.0,,10.0,0.9625,2099.2625,3520128.6125,168.0
3350,1001.0,21.0,1.0,100.0,80.0,,11.0,0.5625,2099.825,3522228.4375,168.0
3351,1001.0,21.0,1.0,100.0,80.0,,12.0,0.725,2100.55,3524328.9875,168.0
3352,1001.0,21.0,1.0,100.0,80.0,,13.0,1.1,2101.65,3526430.6375,168.0
3353,1001.0,21.0,1.0,100.0,80.0,,14.0,0.9375,2102.5875,3528533.225,168.0
3354,1001.0,21.0,1.0,100.0,80.0,,15.0,0.0875,2102.675,3530635.9,168.0
3355,1001.0,21.0,1.0,100.0,80.0,,16.0,0.25,2102.925,3532738.825,168.0
3356,1001.0,21.0,1.0,100.0,80.0,,17.0,0.55,2103.475,3534842.3,168.0
3357,1001.0,21.0,1.0,100.0,80.0,,18.0,0.6125,2104.0875,3536946.3875,168.0
3358,1001.0,21.0,1.0,100.0,80.0,,19.0,0.3125,2104.4,3539050.7875,168.0
3359,1001.0,21.0,1.0,100.0,80.0,,20.0,0.9375,2105.3375,3541156.125,168.0
3360,1001.0,21.0,1.0,100.0,80.0,,1.0,1.1,2106.4375,3543262.5625,169.0
3361,1001.0,21.0,1.0,100.0,80.0,,2.0,0.9,2107.3375,3545369.9,169.0
3362,1001.0,21.0,1.0,100.0,80.0,,3.0,0.3375,2107.675,3547477.575,169.0
3363,1001.0,21.0,1.0,100.0,80.0,,4.0,0.15,2107.825,3549585.4,169.0
3364,1001.0,21.0,1.0,100.0,80.0,,5.0,0.725,2108.55,3551693.95,169.0
3365,1001.0,21.0,1.0,100.0,80.0,,6.0,0.675,2109.225,3553803.175,169.0
3366,1001.0,21.0,1.0,100.0,80.0,,7.0,0.6625,2109.8875,3555913.0625,169.0
3367,1001.0,21.0,1.0,100.0,80.0,,8.0,0.3875,2110.275,3558023.3375,169.0
3368,1001.0,21.0,1.0,100.0,80.0,,9.0,0.275,2110.55,3560133.8875,169.0
3369,1001.0,21.0,1.0,100.0,80.0,,10.0,0.9625,2111.5125,3562245.4,169.0
3370,1001.0,21.0,1.0,100.0,80.0,,11.0,1.0375,2112.55,3564357.95,169.0
3371,1001.0,21.0,1.0,100.0,80.0,,12.0,0.6375,2113.1875,3566471.1375,169.0
3372,1001.0,21.0,1.0,100.0,80.0,,13.0,1.0375,2114.225,3568585.3625,169.0
3373,1001.0,21.0,1.0,100.0,80.0,,14.0,0.9125,2115.1375,3570700.5,169.0
3374,1001.0,21.0,1.0,100.0,80.0,,15.0,0.7625,2115.9,3572816.4,169.0
3375,1001.0,21.0,1.0,100.0,80.0,,16.0,0.8,2116.7,3574933.1,169.0
3376,1001.0,21.0,1.0,100.0,80.0,,17.0,0.8625,2117.5625,3577050.6625,169.0
3377,1001.0,21.0,1.0,100.0,80.0,,18.0,0.575,2118.1375,3579168.8,169.0
3378,1001.0,21.0,1.0,100.0,80.0,,19.0,1.0625,2119.2,3581288.0,169.0
3379,1001.0,21.0,1.0,100.0,80.0,,20.0,0.0125,2119.2125,3583407.2125,169.0
3380,1001.0,21.0,1.0,100.0,80.0,,1.0,0.625,2119.8375,3585527.05,170.0
3381,1001.0,21.0,1.0,100.0,80.0,,2.0,0.0125,2119.85,3587646.9,170.0
3382,1001.0,21.0,1.0,100.0,80.0,,3.0,0.1375,2119.9875,3589766.8875,170.0
3383,1001.0,21.0,1.0,100.0,80.0,,4.0,0.1875,2120.175,3591887.0625,170.0
3384,1001.0,21.0,1.0,100.0,80.0,,5.0,1.1,2121.275,3594008.3375,170.0
3385,1001.0,21.0,1.0,100.0,80.0,,6.0,0.1125,2121.3875,3596129.725,170.0
3386,1001.0,21.0,1.0,100.0,80.0,,7.0,0.725,2122.1125,3598251.8375,170.0
3387,1001.0,21.0,1.0,100.0,80.0,,8.0,0.55,2122.6625,3600374.5,170.0
3388,1001.0,21.0,1.0,100.0,80.0,,9.0,0.4375,2123.1,3602497.6,170.0
3389,1001.0,21.0,1.0,100.0,80.0,,10.0,0.15,2123.25,3604620.85,170.0
3390,1001.0,21.0,1.0,100.0,80.0,,11.0,0.2125,2123.4625,3606744.3125,170.0
3391,1001.0,21.0,1.0,100.0,80.0,,12.0,0.425,2123.8875,3608868.2,170.0
3392,1001.0,21.0,1.0,100.0,80.0,,13.0,0.7375,2124.625,3610992.825,170.0
3393,1001.0,21.0,1.0,100.0,80.0,,14.0,0.5625,2125.1875,3613118.0125,170.0
3394,1001.0,21.0,1.0,100.0,80.0,,15.0,0.6875,2125.875,3615243.8875,170.0
3395,1001.0,21.0,1.0,100.0,80.0,,16.0,0.2,2126.075,3617369.9625,170.0
3396,1001.0,21.0,1.0,100.0,80.0,,17.0,0.4875,2126.5625,3619496.525,170.0
3397,1001.0,21.0,1.0,100.0,80.0,,18.0,0.4,2126.9625,3621623.4875,170.0
3398,1001.0,21.0,1.0,100.0,80.0,,19.0,0.15,2127.1125,3623750.6,170.0
3399,1001.0,21.0,1.0,100.0,80.0,,20.0,0.2375,2127.35,3625877.95,170.0
3400,1001.0,21.0,1.0,100.0,80.0,,1.0,0.8375,2128.1875,3628006.1375,171.0
3401,1001.0,21.0,1.0,100.0,80.0,,2.0,0.5625,2128.75,3630134.8875,171.0
3402,1001.0,21.0,1.0,100.0,80.0,,3.0,0.9625,2129.7125,3632264.6,171.0
3403,1001.0,21.0,1.0,100.0,80.0,,4.0,0.675,2130.3875,3634394.9875,171.0
3404,1001.0,21.0,1.0,100.0,80.0,,5.0,0.425,2130.8125,3636525.8,171.0
3405,1001.0,21.0,1.0,100.0,80.0,,6.0,0.0875,2130.9,3638656.7,171.0
3406,1001.0,21.0,1.0,100.0,80.0,,7.0,0.625,2131.525,3640788.225,171.0
3407,1001.0,21.0,1.0,100.0,80.0,,8.0,0.2625,2131.7875,3642920.0125,171.0
3408,1001.0,21.0,1.0,100.0,80.0,,9.0,0.725,2132.5125,3645052.525,171.0
3409,1001.0,21.0,1.0,100.0,80.0,,10.0,0.2875,2132.8,3647185.325,171.0
3410,1001.0,21.0,1.0,100.0,80.0,,11.0,0.1375,2132.9375,3649318.2625,171.0
3411,1001.0,21.0,1.0,100.0,80.0,,12.0,0.1875,2133.125,3651451.3875,171.0
3412,1001.0,21.0,1.0,100.0,80.0,,13.0,0.5625,2133.6875,3653585.075,171.0
3413,1001.0,21.0,1.0,100.0,80.0,,14.0,1.0875,2134.775,3655719.85,171.0
3414,1001.0,21.0,1.0,100.0,80.0,,15.0,1.2,2135.975,3657855.825,171.0
3415,1001.0,21.0,1.0,100.0,80.0,,16.0,0.1625,2136.1375,3659991.9625,171.0
3416,1001.0,21.0,1.0,100.0,80.0,,17.0,0.925,2137.0625,3662129.025,171.0
3417,1001.0,21.0,1.0,100.0,80.0,,18.0,0.5125,2137.575,3664266.6,171.0
3418,1001.0,21.0,1.0,100.0,80.0,,19.0,0.625,2138.2,3666404.8,171.0
3419,1001.0,21.0,1.0,100.0,80.0,,20.0,0.525,2138.725,3668543.525,171.0
3420,1001.0,21.0,1.0,100.0,80.0,,1.0,1.0625,2139.7875,3670683.3125,172.0
3421,1001.0,21.0,1.0,100.0,80.0,,2.0,1.2375,2141.025,3672824.3375,172.0
3422,1001.0,21.0,1.0,100.0,80.0,,3.0,0.725,2141.75,3674966.0875,172.0
3423,1001.0,21.0,1.0,100.0,80.0,,4.0,0.7625,2142.5125,3677108.6,172.0
3424,1001.0,21.0,1.0,100.0,80.0,,5.0,0.1375,2142.65,3679251.25,172.0
3425,1001.0,21.0,1.0,100.0,80.0,,6.0,0.4375,2143.0875,3681394.3375,172.0
3426,1001.0,21.0,1.0,100.0,80.0,,7.0,0.825,2143.9125,3683538.25,172.0
3427,1001.0,21.0,1.0,100.0,80.0,,8.0,1.0625,2144.975,3685683.225,172.0
3428,1001.0,21.0,1.0,100.0,80.0,,9.0,0.6875,2145.6625,3687828.8875,172.0
3429,1001.0,21.0,1.0,100.0,80.0,,10.0,0.325,2145.9875,3689974.875,172.0
3430,1001.0,21.0,1.0,100.0,80.0,,11.0,0.6,2146.5875,3692121.4625,172.0
3431,1001.0,21.0,1.0,100.0,80.0,,12.0,0.9875,2147.575,3694269.0375,172.0
3432,1001.0,21.0,1.0,100.0,80.0,,13.0,1.0125,2148.5875,3696417.625,172.0
3433,1001.0,21.0,1.0,100.0,80.0,,14.0,0.6375,2149.225,3698566.85,172.0
3434,1001.0,21.0,1.0,100.0,80.0,,15.0,0.925,2150.15,3700717.0,172.0
3435,1001.0,21.0,1.0,100.0,80.0,,16.0,0.2625,2150.4125,3702867.4125,172.0
3436,1001.0,21.0,1.0,100.0,80.0,,17.0,0.2875,2150.7,3705018.1125,172.0
3437,1001.0,21.0,1.0,100.0,80.0,,18.0,1.15,2151.85,3707169.9625,172.0
3438,1001.0,21.0,1.0,100.0,80.0,,19.0,1.0875,2152.9375,3709322.9,172.0
3439,1001.0,21.0,1.0,100.0,80.0,,20.0,0.5,2153.4375,3711476.3375,172.0
3440,1001.0,21.0,1.0,100.0,80.0,,1.0,0.5375,2153.975,3713630.3125,173.0
3441,1001.0,21.0,1.0,100.0,80.0,,2.0,0.525,2154.5,3715784.8125,173.0
3442,1001.0,21.0,1.0,100.0,80.0,,3.0,0.4875,2154.9875,3717939.8,173.0
3443,1001.0,21.0,1.0,100.0,80.0,,4.0,0.125,2155.1125,3720094.9125,173.0
3444,1001.0,21.0,1.0,100.0,80.0,,5.0,0.1875,2155.3,3722250.2125,173.0
3445,1001.0,21.0,1.0,100.0,80.0,,6.0,0.8625,2156.1625,3724406.375,173.0
3446,1001.0,21.0,1.0,100.0,80.0,,7.0,1.2125,2157.375,3726563.75,173.0
3447,1001.0,21.0,1.0,100.0,80.0,,8.0,0.4125,2157.7875,3728721.5375,173.0
3448,1001.0,21.0,1.0,100.0,80.0,,9.0,0.475,2158.2625,3730879.8,173.0
3449,1001.0,21.0,1.0,100.0,80.0,,10.0,0.3625,2158.625,3733038.425,173.0
3450,1001.0,21.0,1.0,100.0,80.0,,11.0,1.0625,2159.6875,3735198.1125,173.0
3451,1001.0,21.0,1.0,100.0,80.0,,12.0,1.225,2160.9125,3737359.025,173.0
3452,1001.0,21.0,1.0,100.0,80.0,,13.0,0.4625,2161.375,3739520.4,173.0
3453,1001.0,21.0,1.0,100.0,80.0,,14.0,0.325,2161.7,3741682.1,173.0
3454,1001.0,21.0,1.0,100.0,80.0,,15.0,0.65,2162.35,3743844.45,173.0
3455,1001.0,21.0,1.0,100.0,80.0,,16.0,1.1125,2163.4625,3746007.9125,173.0
3456,1001.0,21.0,1.0,100.0,80.0,,17.0,0.975,2164.4375,3748172.35,173.0
3457,1001.0,21.0,1.0,100.0,80.0,,18.0,0.3625,2164.8,3750337.15,173.0
3458,1001.0,21.0,1.0,100.0,80.0,,19.0,1.0125,2165.8125,3752502.9625,173.0
3459,1001.0,21.0,1.0,100.0,80.0,,20.0,1.075,2166.8875,3754669.85,173.0
3460,1001.0,21.0,1.0,100.0,80.0,,1.0,0.35,2167.2375,3756837.0875,174.0
3461,1001.0,21.0,1.0,100.0,80.0,,2.0,0.2625,2167.5,3759004.5875,174.0
3462,1001.0,21.0,1.0,100.0,80.0,,3.0,0.4875,2167.9875,3761172.575,174.0
3463,1001.0,21.0,1.0,100.0,80.0,,4.0,0.6125,2168.6,3763341.175,174.0
3464,1001.0,21.0,1.0,100.0,80.0,,5.0,0.9875,2169.5875,3765510.7625,174.0
3465,1001.0,21.0,1.0,100.0,80.0,,6.0,0.2625,2169.85,3767680.6125,174.0
3466,1001.0,21.0,1.0,100.0,80.0,,7.0,0.825,2170.675,3769851.2875,174.0
3467,1001.0,21.0,1.0,100.0,80.0,,8.0,0.45,2171.125,3772022.4125,174.0
3468,1001.0,21.0,1.0,100.0,80.0,,9.0,0.5875,2171.7125,3774194.125,174.0
3469,1001.0,21.0,1.0,100.0,80.0,,10.0,0.675,2172.3875,3776366.5125,174.0
3470,1001.0,21.0,1.0,100.0,80.0,,11.0,0.85,2173.2375,3778539.75,174.0
3471,1001.0,21.0,1.0,100.0,80.0,,12.0,1.2125,2174.45,3780714.2,174.0
3472,1001.0,21.0,1.0,100.0,80.0,,13.0,0.4,2174.85,3782889.05,174.0
3473,1001.0,21.0,1.0,100.0,80.0,,14.0,0.35,2175.2,3785064.25,174.0
3474,1001.0,21.0,1.0,100.0,80.0,,15.0,0.55,2175.75,3787240.0,174.0
3475,1001.0,21.0,1.0,100.0,80.0,,16.0,0.875,2176.625,3789416.625,174.0
3476,1001.0,21.0,1.0,100.0,80.0,,17.0,0.375,2177.0,3791593.625,174.0
3477,1001.0,21.0,1.0,100.0,80.0,,18.0,0.3375,2177.3375,3793770.9625,174.0
3478,1001.0,21.0,1.0,100.0,80.0,,19.0,1.15,2178.4875,3795949.45,174.0
3479,1001.0,21.0,1.0,100.0,80.0,,20.0,0.5,2178.9875,3798128.4375,174.0
3480,1001.0,21.0,1.0,100.0,80.0,,1.0,0.45,2179.4375,3800307.875,175.0
3481,1001.0,21.0,1.0,100.0,80.0,,2.0,0.3875,2179.825,3802487.7,175.0
3482,1001.0,21.0,1.0,100.0,80.0,,3.0,0.4375,2180.2625,3804667.9625,175.0
3483,1001.0,21.0,1.0,100.0,80.0,,4.0,0.675,2180.9375,3806848.9,175.0
3484,1001.0,21.0,1.0,100.0,80.0,,5.0,0.125,2181.0625,3809029.9625,175.0
3485,1001.0,21.0,1.0,100.0,80.0,,6.0,1.1125,2182.175,3811212.1375,175.0
3486,1001.0,21.0,1.0,100.0,80.0,,7.0,0.35,2182.525,3813394.6625,175.0
3487,1001.0,21.0,1.0,100.0,80.0,,8.0,0.1375,2182.6625,3815577.325,175.0
3488,1001.0,21.0,1.0,100.0,80.0,,9.0,0.6,2183.2625,3817760.5875,175.0
3489,1001.0,21.0,1.0,100.0,80.0,,10.0,0.625,2183.8875,3819944.475,175.0
3490,1001.0,21.0,1.0,100.0,80.0,,11.0,0.675,2184.5625,3822129.0375,175.0
3491,1001.0,21.0,1.0,100.0,80.0,,12.0,0.9875,2185.55,3824314.5875,175.0
3492,1001.0,21.0,1.0,100.0,80.0,,13.0,0.4875,2186.0375,3826500.625,175.0
3493,1001.0,21.0,1.0,100.0,80.0,,14.0,1.15,2187.1875,3828687.8125,175.0
3494,1001.0,21.0,1.0,100.0,80.0,,15.0,0.5375,2187.725,3830875.5375,175.0
3495,1001.0,21.0,1.0,100.0,80.0,,16.0,1.175,2188.9,3833064.4375,175.0
3496,1001.0,21.0,1.0,100.0,80.0,,17.0,0.0375,2188.9375,3835253.375,175.0
3497,1001.0,21.0,1.0,100.0,80.0,,18.0,0.6,2189.5375,3837442.9125,175.0
3498,1001.0,21.0,1.0,100.0,80.0,,19.0,1.0625,2190.6,3839633.5125,175.0
3499,1001.0,21.0,1.0,100.0,80.0,,20.0,1.175,2191.775,3841825.2875,175.0
3500,1001.0,21.0,1.0,100.0,80.0,,1.0,0.2125,2191.9875,3844017.275,176.0
3501,1001.0,21.0,1.0,100.0,80.0,,2.0,1.175,2193.1625,3846210.4375,176.0
3502,1001.0,21.0,1.0,100.0,80.0,,3.0,0.0875,2193.25,3848403.6875,176.0
3503,1001.0,21.0,1.0,100.0,80.0,,4.0,0.8125,2194.0625,3850597.75,176.0
3504,1001.0,21.0,1.0,100.0,80.0,,5.0,0.0125,2194.075,3852791.825,176.0
3505,1001.0,21.0,1.0,100.0,80.0,,6.0,0.7625,2194.8375,3854986.6625,176.0
3506,1001.0,21.0,1.0,100.0,80.0,,7.0,0.3625,2195.2,3857181.8625,176.0
3507,1001.0,21.0,1.0,100.0,80.0,,8.0,0.5125,2195.7125,3859377.575,176.0
3508,1001.0,21.0,1.0,100.0,80.0,,9.0,1.15,2196.8625,3861574.4375,176.0
3509,1001.0,21.0,1.0,100.0,80.0,,10.0,1.125,2197.9875,3863772.425,176.0
3510,1001.0,21.0,1.0,100.0,80.0,,11.0,1.0375,2199.025,3865971.45,176.0
3511,1001.0,21.0,1.0,100.0,80.0,,12.0,0.275,2199.3,3868170.75,176.0
3512,1001.0,21.0,1.0,100.0,80.0,,13.0,0.5,2199.8,3870370.55,176.0
3513,1001.0,21.0,1.0,100.0,80.0,,14.0,0.1875,2199.9875,3872570.5375,176.0
3514,1001.0,21.0,1.0,100.0,80.0,,15.0,1.1875,2201.175,3874771.7125,176.0
3515,1001.0,21.0,1.0,100.0,80.0,,16.0,1.05,2202.225,3876973.9375,176.0
3516,1001.0,21.0,1.0,100.0,80.0,,17.0,0.8375,2203.0625,3879177.0,176.0
3517,1001.0,21.0,1.0,100.0,80.0,,18.0,1.15,2204.2125,3881381.2125,176.0
3518,1001.0,21.0,1.0,100.0,80.0,,19.0,0.95,2205.1625,3883586.375,176.0
3519,1001.0,21.0,1.0,100.0,80.0,,20.0,0.2875,2205.45,3885791.825,176.0
3520,1001.0,21.0,1.0,100.0,80.0,,1.0,1.1625,2206.6125,3887998.4375,177.0
3521,1001.0,21.0,1.0,100.0,80.0,,2.0,0.05,2206.6625,3890205.1,177.0
3522,1001.0,21.0,1.0,100.0,80.0,,3.0,0.25,2206.9125,3892412.0125,177.0
3523,1001.0,21.0,1.0,100.0,80.0,,4.0,1.1375,2208.05,3894620.0625,177.0
3524,1001.0,21.0,1.0,100.0,80.0,,5.0,0.0375,2208.0875,3896828.15,177.0
3525,1001.0,21.0,1.0,100.0,80.0,,6.0,0.2125,2208.3,3899036.45,177.0
3526,1001.0,21.0,1.0,100.0,80.0,,7.0,1.075,2209.375,3901245.825,177.0
3527,1001.0,21.0,1.0,100.0,80.0,,8.0,1.025,2210.4,3903456.225,177.0
3528,1001.0,21.0,1.0,100.0,80.0,,9.0,1.0375,2211.4375,3905667.6625,177.0
3529,1001.0,21.0,1.0,100.0,80.0,,10.0,0.0375,2211.475,3907879.1375,177.0
3530,1001.0,21.0,1.0,100.0,80.0,,11.0,0.425,2211.9,3910091.0375,177.0
3531,1001.0,21.0,1.0,100.0,80.0,,12.0,1.1625,2213.0625,3912304.1,177.0
3532,1001.0,21.0,1.0,100.0,80.0,,13.0,0.15,2213.2125,3914517.3125,177.0
3533,1001.0,21.0,1.0,100.0,80.0,,14.0,0.1375,2213.35,3916730.6625,177.0
3534,1001.0,21.0,1.0,100.0,80.0,,15.0,1.0375,2214.3875,3918945.05,177.0
3535,1001.0,21.0,1.0,100.0,80.0,,16.0,0.5625,2214.95,3921160.0,177.0
3536,1001.0,21.0,1.0,100.0,80.0,,17.0,0.5,2215.45,3923375.45,177.0
3537,1001.0,21.0,1.0,100.0,80.0,,18.0,0.9,2216.35,3925591.8,177.0
3538,1001.0,21.0,1.0,100.0,80.0,,19.0,0.85,2217.2,3927809.0,177.0
3539,1001.0,21.0,1.0,100.0,80.0,,20.0,0.4375,2217.6375,3930026.6375,177.0
3540,1001.0,21.0,1.0,100.0,80.0,,1.0,0.7125,2218.35,3932244.9875,178.0
3541,1001.0,21.0,1.0,100.0,80.0,,2.0,0.5,2218.85,3934463.8375,178.0
3542,1001.0,21.0,1.0,100.0,80.0,,3.0,0.3875,2219.2375,3936683.075,178.0
3543,1001.0,21.0,1.0,100.0,80.0,,4.0,0.9125,2220.15,3938903.225,178.0
3544,1001.0,21.0,1.0,100.0,80.0,,5.0,0.0375,2220.1875,3941123.4125,178.0
3545,1001.0,21.0,1.0,100.0,80.0,,6.0,0.6,2220.7875,3943344.2,178.0
3546,1001.0,21.0,1.0,100.0,80.0,,7.0,0.6875,2221.475,3945565.675,178.0
3547,1001.0,21.0,1.0,100.0,80.0,,8.0,0.5375,2222.0125,3947787.6875,178.0
3548,1001.0,21.0,1.0,100.0,80.0,,9.0,0.5125,2222.525,3950010.2125,178.0
3549,1001.0,21.0,1.0,100.0,80.0,,10.0,0.1875,2222.7125,3952232.925,178.0
3550,1001.0,21.0,1.0,100.0,80.0,,11.0,0.6125,2223.325,3954456.25,178.0
3551,1001.0,21.0,1.0,100.0,80.0,,12.0,0.6125,2223.9375,3956680.1875,178.0
3552,1001.0,21.0,1.0,100.0,80.0,,13.0,0.3125,2224.25,3958904.4375,178.0
3553,1001.0,21.0,1.0,100.0,80.0,,14.0,0.2875,2224.5375,3961128.975,178.0
3554,1001.0,21.0,1.0,100.0,80.0,,15.0,0.9125,2225.45,3963354.425,178.0
3555,1001.0,21.0,1.0,100.0,80.0,,16.0,0.45,2225.9,3965580.325,178.0
3556,1001.0,21.0,1.0,100.0,80.0,,17.0,0.65,2226.55,3967806.875,178.0
3557,1001.0,21.0,1.0,100.0,80.0,,18.0,0.0375,2226.5875,3970033.4625,178.0
3558,1001.0,21.0,1.0,100.0,80.0,,19.0,1.1125,2227.7,3972261.1625,178.0
3559,1001.0,21.0,1.0,100.0,80.0,,20.0,0.975,2228.675,3974489.8375,178.0
3560,1001.0,21.0,1.0,100.0,80.0,,1.0,0.3,2228.975,3976718.8125,179.0
3561,1001.0,21.0,1.0,100.0,80.0,,2.0,1.15,2230.125,3978948.9375,179.0
3562,1001.0,21.0,1.0,100.0,80.0,,3.0,0.6375,2230.7625,3981179.7,179.0
3563,1001.0,21.0,1.0,100.0,80.0,,4.0,0.4875,2231.25,3983410.95,179.0
3564,1001.0,21.0,1.0,100.0,80.0,,5.0,0.7625,2232.0125,3985642.9625,179.0
3565,1001.0,21.0,1.0,100.0,80.0,,6.0,0.55,2232.5625,3987875.525,179.0
3566,1001.0,21.0,1.0,100.0,80.0,,7.0,0.275,2232.8375,3990108.3625,179.0
3567,1001.0,21.0,1.0,100.0,80.0,,8.0,1.175,2234.0125,3992342.375,179.0
3568,1001.0,21.0,1.0,100.0,80.0,,9.0,0.975,2234.9875,3994577.3625,179.0
3569,1001.0,21.0,1.0,100.0,80.0,,10.0,1.175,2236.1625,3996813.525,179.0
3570,1001.0,21.0,1.0,100.0,80.0,,11.0,1.025,2237.1875,3999050.7125,179.0
3571,1001.0,21.0,1.0,100.0,80.0,,12.0,0.8875,2238.075,4001288.7875,179.0
3572,1001.0,21.0,1.0,100.0,80.0,,13.0,0.65,2238.725,4003527.5125,179.0
3573,1001.0,21.0,1.0,100.0,80.0,,14.0,0.925,2239.65,4005767.1625,179.0
3574,1001.0,21.0,1.0,100.0,80.0,,15.0,0.8,2240.45,4008007.6125,179.0
3575,1001.0,21.0,1.0,100.0,80.0,,16.0,0.3375,2240.7875,4010248.4,179.0
3576,1001.0,21.0,1.0,100.0,80.0,,17.0,0.0625,2240.85,4012489.25,179.0
3577,1001.0,21.0,1.0,100.0,80.0,,18.0,0.275,2241.125,4014730.375,179.0
3578,1001.0,21.0,1.0,100.0,80.0,,19.0,0.175,2241.3,4016971.675,179.0
3579,1001.0,21.0,1.0,100.0,80.0,,20.0,0.8375,2242.1375,4019213.8125,179.0
3580,1001.0,21.0,1.0,100.0,80.0,,1.0,1.0375,2243.175,4021456.9875,180.0
3581,1001.0,21.0,1.0,100.0,80.0,,2.0,0.35,2243.525,4023700.5125,180.0
3582,1001.0,21.0,1.0,100.0,80.0,,3.0,0.1875,2243.7125,4025944.225,180.0
3583,1001.0,21.0,1.0,100.0,80.0,,4.0,1.2375,2244.95,4028189.175,180.0
3584,1001.0,21.0,1.0,100.0,80.0,,5.0,0.8875,2245.8375,4030435.0125,180.0
3585,1001.0,21.0,1.0,100.0,80.0,,6.0,0.6,2246.4375,4032681.45,180.0
3586,1001.0,21.0,1.0,100.0,80.0,,7.0,0.0375,2246.475,4034927.925,180.0
3587,1001.0,21.0,1.0,100.0,80.0,,8.0,0.8375,2247.3125,4037175.2375,180.0
3588,1001.0,21.0,1.0,100.0,80.0,,9.0,0.6875,2248.0,4039423.2375,180.0
3589,1001.0,21.0,1.0,100.0,80.0,,10.0,0.15,2248.15,4041671.3875,180.0
3590,1001.0,21.0,1.0,100.0,80.0,,11.0,0.9125,2249.0625,4043920.45,180.0
3591,1001.0,21.0,1.0,100.0,80.0,,12.0,0.0625,2249.125,4046169.575,180.0
3592,1001.0,21.0,1.0,100.0,80.0,,13.0,0.2,2249.325,4048418.9,180.0
3593,1001.0,21.0,1.0,100.0,80.0,,14.0,0.85,2250.175,4050669.075,180.0
3594,1001.0,21.0,1.0,100.0,80.0,,15.0,0.175,2250.35,4052919.425,180.0
3595,1001.0,21.0,1.0,100.0,80.0,,16.0,0.6375,2250.9875,4055170.4125,180.0
3596,1001.0,21.0,1.0,100.0,80.0,,17.0,0.275,2251.2625,4057421.675,180.0
3597,1001.0,21.0,1.0,100.0,80.0,,18.0,0.8625,2252.125,4059673.8,180.0
3598,1001.0,21.0,1.0,100.0,80.0,,19.0,0.45,2252.575,4061926.375,180.0
3599,1001.0,21.0,1.0,100.0,80.0,,20.0,0.175,2252.75,4064179.125,180.0
3600,1001.0,21.0,1.0,100.0,80.0,,1.0,0.9625,2253.7125,4066432.8375,181.0
3601,1001.0,21.0,1.0,100.0,80.0,,2.0,0.3375,2254.05,4068686.8875,181.0
3602,1001.0,21.0,1.0,100.0,80.0,,3.0,0.975,2255.025,4070941.9125,181.0
3603,1001.0,21.0,1.0,100.0,80.0,,4.0,0.2625,2255.2875,4073197.2,181.0
3604,1001.0,21.0,1.0,100.0,80.0,,5.0,0.525,2255.8125,4075453.0125,181.0
3605,1001.0,21.0,1.0,100.0,80.0,,6.0,0.05,2255.8625,4077708.875,181.0
3606,1001.0,21.0,1.0,100.0,80.0,,7.0,0.1625,2256.025,4079964.9,181.0
3607,1001.0,21.0,1.0,100.0,80.0,,8.0,0.3,2256.325,4082221.225,181.0
3608,1001.0,21.0,1.0,100.0,80.0,,9.0,0.5375,2256.8625,4084478.0875,181.0
3609,1001.0,21.0,1.0,100.0,80.0,,10.0,1.1125,2257.975,4086736.0625,181.0
3610,1001.0,21.0,1.0,100.0,80.0,,11.0,0.7625,2258.7375,4088994.8,181.0
3611,1001.0,21.0,1.0,100.0,80.0,,12.0,0.9125,2259.65,4091254.45,181.0
3612,1001.0,21.0,1.0,100.0,80.0,,13.0,0.25,2259.9,4093514.35,181.0
3613,1001.0,21.0,1.0,100.0,80.0,,14.0,0.825,2260.725,4095775.075,181.0
3614,1001.0,21.0,1.0,100.0,80.0,,15.0,0.9875,2261.7125,4098036.7875,181.0
3615,1001.0,21.0,1.0,100.0,80.0,,16.0,0.875,2262.5875,4100299.375,181.0
3616,1001.0,21.0,1.0,100.0,80.0,,17.0,0.675,2263.2625,4102562.6375,181.0
3617,1001.0,21.0,1.0,100.0,80.0,,18.0,0.2875,2263.55,4104826.1875,181.0
3618,1001.0,21.0,1.0,100.0,80.0,,19.0,1.1625,2264.7125,4107090.9,181.0
3619,1001.0,21.0,1.0,100.0,80.0,,20.0,0.7375,2265.45,4109356.35,181.0
3620,1001.0,21.0,1.0,100.0,80.0,,1.0,0.6,2266.05,4111622.4,182.0
3621,1001.0,21.0,1.0,100.0,80.0,,2.0,0.8375,2266.8875,4113889.2875,182.0
3622,1001.0,21.0,1.0,100.0,80.0,,3.0,0.95,2267.8375,4116157.125,182.0
3623,1001.0,21.0,1.0,100.0,80.0,,4.0,0.4125,2268.25,4118425.375,182.0
3624,1001.0,21.0,1.0,100.0,80.0,,5.0,0.275,2268.525,4120693.9,182.0
3625,1001.0,21.0,1.0,100.0,80.0,,6.0,0.125,2268.65,4122962.55,182.0
3626,1001.0,21.0,1.0,100.0,80.0,,7.0,1.1125,2269.7625,4125232.3125,182.0
3627,1001.0,21.0,1.0,100.0,80.0,,8.0,1.1,2270.8625,4127503.175,182.0
3628,1001.0,21.0,1.0,100.0,80.0,,9.0,1.1125,2271.975,4129775.15,182.0
3629,1001.0,21.0,1.0,100.0,80.0,,10.0,0.6875,2272.6625,4132047.8125,182.0
3630,1001.0,21.0,1.0,100.0,80.0,,11.0,0.2625,2272.925,4134320.7375,182.0
3631,1001.0,21.0,1.0,100.0,80.0,,12.0,0.425,2273.35,4136594.0875,182.0
3632,1001.0,21.0,1.0,100.0,80.0,,13.0,0.225,2273.575,4138867.6625,182.0
3633,1001.0,21.0,1.0,100.0,80.0,,14.0,0.3375,2273.9125,4141141.575,182.0
3634,1001.0,21.0,1.0,100.0,80.0,,15.0,0.9375,2274.85,4143416.425,182.0
3635,1001.0,21.0,1.0,100.0,80.0,,16.0,0.05,2274.9,4145691.325,182.0
3636,1001.0,21.0,1.0,100.0,80.0,,17.0,1.175,2276.075,4147967.4,182.0
3637,1001.0,21.0,1.0,100.0,80.0,,18.0,0.6875,2276.7625,4150244.1625,182.0
3638,1001.0,21.0,1.0,100.0,80.0,,19.0,0.1375,2276.9,4152521.0625,182.0
3639,1001.0,21.0,1.0,100.0,80.0,,20.0,0.825,2277.725,4154798.7875,182.0
3640,1001.0,21.0,1.0,100.0,80.0,,1.0,0.925,2278.65,4157077.4375,183.0
3641,1001.0,21.0,1.0,100.0,80.0,,2.0,0.6375,2279.2875,4159356.725,183.0
3642,1001.0,21.0,1.0,100.0,80.0,,3.0,1.1625,2280.45,4161637.175,183.0
3643,1001.0,21.0,1.0,100.0,80.0,,4.0,1.125,2281.575,4163918.75,183.0
3644,1001.0,21.0,1.0,100.0,80.0,,5.0,1.0125,2282.5875,4166201.3375,183.0
3645,1001.0,21.0,1.0,100.0,80.0,,6.0,0.725,2283.3125,4168484.65,183.0
3646,1001.0,21.0,1.0,100.0,80.0,,7.0,1.025,2284.3375,4170768.9875,183.0
3647,1001.0,21.0,1.0,100.0,80.0,,8.0,0.625,2284.9625,4173053.95,183.0
3648,1001.0,21.0,1.0,100.0,80.0,,9.0,0.6375,2285.6,4175339.55,183.0
3649,1001.0,21.0,1.0,100.0,80.0,,10.0,1.2375,2286.8375,4177626.3875,183.0
3650,1001.0,21.0,1.0,100.0,80.0,,11.0,0.625,2287.4625,4179913.85,183.0
3651,1001.0,21.0,1.0,100.0,80.0,,12.0,0.425,2287.8875,4182201.7375,183.0
3652,1001.0,21.0,1.0,100.0,80.0,,13.0,0.6125,2288.5,4184490.2375,183.0
3653,1001.0,21.0,1.0,100.0,80.0,,14.0,1.1375,2289.6375,4186779.875,183.0
3654,1001.0,21.0,1.0,100.0,80.0,,15.0,0.65,2290.2875,4189070.1625,183.0
3655,1001.0,21.0,1.0,100.0,80.0,,16.0,0.275,2290.5625,4191360.725,183.0
3656,1001.0,21.0,1.0,100.0,80.0,,17.0,0.875,2291.4375,4193652.1625,183.0
3657,1001.0,21.0,1.0,100.0,80.0,,18.0,0.9625,2292.4,4195944.5625,183.0
3658,1001.0,21.0,1.0,100.0,80.0,,19.0,0.05,2292.45,4198237.0125,183.0
3659,1001.0,21.0,1.0,100.0,80.0,,20.0,1.1,2293.55,4200530.5625,183.0
3660,1001.0,21.0,1.0,100.0,80.0,,1.0,0.1375,2293.6875,4202824.25,184.0
3661,1001.0,21.0,1.0,100.0,80.0,,2.0,0.2125,2293.9,4205118.15,184.0
3662,1001.0,21.0,1.0,100.0,80.0,,3.0,0.4,2294.3,4207412.45,184.0
3663,1001.0,21.0,1.0,100.0,80.0,,4.0,1.1,2295.4,4209707.85,184.0
3664,1001.0,21.0,1.0,100.0,80.0,,5.0,1.1125,2296.5125,4212004.3625,184.0
3665,1001.0,21.0,1.0,100.0,80.0,,6.0,0.3375,2296.85,4214301.2125,184.0
3666,1001.0,21.0,1.0,100.0,80.0,,7.0,0.2375,2297.0875,4216598.3,184.0
3667,1001.0,21.0,1.0,100.0,80.0,,8.0,0.875,2297.9625,4218896.2625,184.0
3668,1001.0,21.0,1.0,100.0,80.0,,9.0,1.1625,2299.125,4221195.3875,184.0
3669,1001.0,21.0,1.0,100.0,80.0,,10.0,0.1375,2299.2625,4223494.65,184.0
3670,1001.0,21.0,1.0,100.0,80.0,,11.0,1.0625,2300.325,4225794.975,184.0
3671,1001.0,21.0,1.0,100.0,80.0,,12.0,1.0125,2301.3375,4228096.3125,184.0
3672,1001.0,21.0,1.0,100.0,80.0,,13.0,1.125,2302.4625,4230398.775,184.0
3673,1001.0,21.0,1.0,100.0,80.0,,14.0,0.0875,2302.55,4232701.325,184.0
3674,1001.0,21.0,1.0,100.0,80.0,,15.0,1.0625,2303.6125,4235004.9375,184.0
3675,1001.0,21.0,1.0,100.0,80.0,,16.0,0.2375,2303.85,4237308.7875,184.0
3676,1001.0,21.0,1.0,100.0,80.0,,17.0,0.6375,2304.4875,4239613.275,184.0
3677,1001.0,21.0,1.0,100.0,80.0,,18.0,1.0625,2305.55,4241918.825,184.0
3678,1001.0,21.0,1.0,100.0,80.0,,19.0,1.1625,2306.7125,4244225.5375,184.0
3679,1001.0,21.0,1.0,100.0,80.0,,20.0,1.025,2307.7375,4246533.275,184.0
3680,1001.0,21.0,1.0,100.0,80.0,,1.0,0.675,2308.4125,4248841.6875,185.0
3681,1001.0,21.0,1.0,100.0,80.0,,2.0,1.075,2309.4875,4251151.175,185.0
3682,1001.0,21.0,1.0,100.0,80.0,,3.0,1.1375,2310.625,4253461.8,185.0
3683,1001.0,21.0,1.0,100.0,80.0,,4.0,0.9,2311.525,4255773.325,185.0
3684,1001.0,21.0,1.0,100.0,80.0,,5.0,1.1375,2312.6625,4258085.9875,185.0
3685,1001.0,21.0,1.0,100.0,80.0,,6.0,1.075,2313.7375,4260399.725,185.0
3686,1001.0,21.0,1.0,100.0,80.0,,7.0,1.125,2314.8625,4262714.5875,185.0
3687,1001.0,21.0,1.0,100.0,80.0,,8.0,0.575,2315.4375,4265030.025,185.0
3688,1001.0,21.0,1.0,100.0,80.0,,9.0,0.675,2316.1125,4267346.1375,185.0
3689,1001.0,21.0,1.0,100.0,80.0,,10.0,0.7375,2316.85,4269662.9875,185.0
3690,1001.0,21.0,1.0,100.0,80.0,,11.0,0.65,2317.5,4271980.4875,185.0
3691,1001.0,21.0,1.0,100.0,80.0,,12.0,0.9,2318.4,4274298.8875,185.0
3692,1001.0,21.0,1.0,100.0,80.0,,13.0,1.1125,2319.5125,4276618.4,185.0
3693,1001.0,21.0,1.0,100.0,80.0,,14.0,1.05,2320.5625,4278938.9625,185.0
3694,1001.0,21.0,1.0,100.0,80.0,,15.0,1.2125,2321.775,4281260.7375,185.0
3695,1001.0,21.0,1.0,100.0,80.0,,16.0,0.9,2322.675,4283583.4125,185.0
3696,1001.0,21.0,1.0,100.0,80.0,,17.0,0.925,2323.6,4285907.0125,185.0
3697,1001.0,21.0,1.0,100.0,80.0,,18.0,0.825,2324.425,4288231.4375,185.0
3698,1001.0,21.0,1.0,100.0,80.0,,19.0,0.1625,2324.5875,4290556.025,185.0
3699,1001.0,21.0,1.0,100.0,80.0,,20.0,1.05,2325.6375,4292881.6625,185.0
3700,1001.0,21.0,1.0,100.0,80.0,,1.0,0.575,2326.2125,4295207.875,186.0
3701,1001.0,21.0,1.0,100.0,80.0,,2.0,1.2125,2327.425,4297535.3,186.0
3702,1001.0,21.0,1.0,100.0,80.0,,3.0,0.45,2327.875,4299863.175,186.0
3703,1001.0,21.0,1.0,100.0,80.0,,4.0,0.5375,2328.4125,4302191.5875,186.0
3704,1001.0,21.0,1.0,100.0,80.0,,5.0,0.5875,2329.0,4304520.5875,186.0
3705,1001.0,21.0,1.0,100.0,80.0,,6.0,1.0,2330.0,4306850.5875,186.0
3706,1001.0,21.0,1.0,100.0,80.0,,7.0,0.275,2330.275,4309180.8625,186.0
3707,1001.0,21.0,1.0,100.0,80.0,,8.0,0.15,2330.425,4311511.2875,186.0
3708,1001.0,21.0,1.0,100.0,80.0,,9.0,1.225,2331.65,4313842.9375,186.0
3709,1001.0,21.0,1.0,100.0,80.0,,10.0,0.3125,2331.9625,4316174.9,186.0
3710,1001.0,21.0,1.0,100.0,80.0,,11.0,0.9625,2332.925,4318507.825,186.0
3711,1001.0,21.0,1.0,100.0,80.0,,12.0,0.8125,2333.7375,4320841.5625,186.0
3712,1001.0,21.0,1.0,100.0,80.0,,13.0,0.2,2333.9375,4323175.5,186.0
3713,1001.0,21.0,1.0,100.0,80.0,,14.0,0.975,2334.9125,4325510.4125,186.0
3714,1001.0,21.0,1.0,100.0,80.0,,15.0,0.625,2335.5375,4327845.95,186.0
3715,1001.0,21.0,1.0,100.0,80.0,,16.0,1.2125,2336.75,4330182.7,186.0
3716,1001.0,21.0,1.0,100.0,80.0,,17.0,0.1125,2336.8625,4332519.5625,186.0
3717,1001.0,21.0,1.0,100.0,80.0,,18.0,1.0875,2337.95,4334857.5125,186.0
3718,1001.0,21.0,1.0,100.0,80.0,,19.0,0.2125,2338.1625,4337195.675,186.0
3719,1001.0,21.0,1.0,100.0,80.0,,20.0,0.325,2338.4875,4339534.1625,186.0
3720,1001.0,21.0,1.0,100.0,80.0,,1.0,0.9125,2339.4,4341873.5625,187.0
3721,1001.0,21.0,1.0,100.0,80.0,,2.0,1.0625,2340.4625,4344214.025,187.0
3722,1001.0,21.0,1.0,100.0,80.0,,3.0,0.2875,2340.75,4346554.775,187.0
3723,1001.0,21.0,1.0,100.0,80.0,,4.0,0.7875,2341.5375,4348896.3125,187.0
3724,1001.0,21.0,1.0,100.0,80.0,,5.0,1.0875,2342.625,4351238.9375,187.0
3725,1001.0,21.0,1.0,100.0,80.0,,6.0,0.7625,2343.3875,4353582.325,187.0
3726,1001.0,21.0,1.0,100.0,80.0,,7.0,0.075,2343.4625,4355925.7875,187.0
3727,1001.0,21.0,1.0,100.0,80.0,,8.0,1.025,2344.4875,4358270.275,187.0
3728,1001.0,21.0,1.0,100.0,80.0,,9.0,0.8375,2345.325,4360615.6,187.0
3729,1001.0,21.0,1.0,100.0,80.0,,10.0,0.5,2345.825,4362961.425,187.0
3730,1001.0,21.0,1.0,100.0,80.0,,11.0,0.3125,2346.1375,4365307.5625,187.0
3731,1001.0,21.0,1.0,100.0,80.0,,12.0,0.6375,2346.775,4367654.3375,187.0
3732,1001.0,21.0,1.0,100.0,80.0,,13.0,0.625,2347.4,4370001.7375,187.0
3733,1001.0,21.0,1.0,100.0,80.0,,14.0,0.675,2348.075,4372349.8125,187.0
3734,1001.0,21.0,1.0,100.0,80.0,,15.0,0.45,2348.525,4374698.3375,187.0
3735,1001.0,21.0,1.0,100.0,80.0,,16.0,0.0375,2348.5625,4377046.9,187.0
3736,1001.0,21.0,1.0,100.0,80.0,,17.0,0.7625,2349.325,4379396.225,187.0
3737,1001.0,21.0,1.0,100.0,80.0,,18.0,0.1125,2349.4375,4381745.6625,187.0
3738,1001.0,21.0,1.0,100.0,80.0,,19.0,0.8625,2350.3,4384095.9625,187.0
3739,1001.0,21.0,1.0,100.0,80.0,,20.0,1.1875,2351.4875,4386447.45,187.0
3740,1001.0,21.0,1.0,100.0,80.0,,1.0,0.4375,2351.925,4388799.375,188.0
3741,1001.0,21.0,1.0,100.0,80.0,,2.0,1.075,2353.0,4391152.375,188.0
3742,1001.0,21.0,1.0,100.0,80.0,,3.0,0.6625,2353.6625,4393506.0375,188.0
3743,1001.0,21.0,1.0,100.0,80.0,,4.0,0.65,2354.3125,4395860.35,188.0
3744,1001.0,21.0,1.0,100.0,80.0,,5.0,1.025,2355.3375,4398215.6875,188.0
3745,1001.0,21.0,1.0,100.0,80.0,,6.0,0.8875,2356.225,4400571.9125,188.0
3746,1001.0,21.0,1.0,100.0,80.0,,7.0,0.9,2357.125,4402929.0375,188.0
3747,1001.0,21.0,1.0,100.0,80.0,,8.0,1.0125,2358.1375,4405287.175,188.0
3748,1001.0,21.0,1.0,100.0,80.0,,9.0,0.675,2358.8125,4407645.9875,188.0
3749,1001.0,21.0,1.0,100.0,80.0,,10.0,0.0875,2358.9,4410004.8875,188.0
3750,1001.0,21.0,1.0,100.0,80.0,,11.0,0.2875,2359.1875,4412364.075,188.0
3751,1001.0,21.0,1.0,100.0,80.0,,12.0,0.8375,2360.025,4414724.1,188.0
3752,1001.0,21.0,1.0,100.0,80.0,,13.0,1.1,2361.125,4417085.225,188.0
3753,1001.0,21.0,1.0,100.0,80.0,,14.0,0.3625,2361.4875,4419446.7125,188.0
3754,1001.0,21.0,1.0,100.0,80.0,,15.0,0.6,2362.0875,4421808.8,188.0
3755,1001.0,21.0,1.0,100.0,80.0,,16.0,0.25,2362.3375,4424171.1375,188.0
3756,1001.0,21.0,1.0,100.0,80.0,,17.0,0.425,2362.7625,4426533.9,188.0
3757,1001.0,21.0,1.0,100.0,80.0,,18.0,0.075,2362.8375,4428896.7375,188.0
3758,1001.0,21.0,1.0,100.0,80.0,,19.0,0.125,2362.9625,4431259.7,188.0
3759,1001.0,21.0,1.0,100.0,80.0,,20.0,0.95,2363.9125,4433623.6125,188.0
3760,1001.0,21.0,1.0,100.0,80.0,,1.0,0.8375,2364.75,4435988.3625,189.0
3761,1001.0,21.0,1.0,100.0,80.0,,2.0,0.55,2365.3,4438353.6625,189.0
3762,1001.0,21.0,1.0,100.0,80.0,,3.0,0.8625,2366.1625,4440719.825,189.0
3763,1001.0,21.0,1.0,100.0,80.0,,4.0,0.4875,2366.65,4443086.475,189.0
3764,1001.0,21.0,1.0,100.0,80.0,,5.0,0.675,2367.325,4445453.8,189.0
3765,1001.0,21.0,1.0,100.0,80.0,,6.0,0.7625,2368.0875,4447821.8875,189.0
3766,1001.0,21.0,1.0,100.0,80.0,,7.0,0.6625,2368.75,4450190.6375,189.0
3767,1001.0,21.0,1.0,100.0,80.0,,8.0,0.725,2369.475,4452560.1125,189.0
3768,1001.0,21.0,1.0,100.0,80.0,,9.0,1.125,2370.6,4454930.7125,189.0
3769,1001.0,21.0,1.0,100.0,80.0,,10.0,0.7625,2371.3625,4457302.075,189.0
3770,1001.0,21.0,1.0,100.0,80.0,,11.0,0.4625,2371.825,4459673.9,189.0
3771,1001.0,21.0,1.0,100.0,80.0,,12.0,0.8625,2372.6875,4462046.5875,189.0
3772,1001.0,21.0,1.0,100.0,80.0,,13.0,0.425,2373.1125,4464419.7,189.0
3773,1001.0,21.0,1.0,100.0,80.0,,14.0,1.0375,2374.15,4466793.85,189.0
3774,1001.0,21.0,1.0,100.0,80.0,,15.0,0.1875,2374.3375,4469168.1875,189.0
3775,1001.0,21.0,1.0,100.0,80.0,,16.0,1.05,2375.3875,4471543.575,189.0
3776,1001.0,21.0,1.0,100.0,80.0,,17.0,0.2,2375.5875,4473919.1625,189.0
3777,1001.0,21.0,1.0,100.0,80.0,,18.0,0.6625,2376.25,4476295.4125,189.0
3778,1001.0,21.0,1.0,100.0,80.0,,19.0,1.1375,2377.3875,4478672.8,189.0
3779,1001.0,21.0,1.0,100.0,80.0,,20.0,1.0,2378.3875,4481051.1875,189.0
3780,1001.0,21.0,1.0,100.0,80.0,,1.0,0.375,2378.7625,4483429.95,190.0
3781,1001.0,21.0,1.0,100.0,80.0,,2.0,0.6125,2379.375,4485809.325,190.0
3782,1001.0,21.0,1.0,100.0,80.0,,3.0,0.2,2379.575,4488188.9,190.0
3783,1001.0,21.0,1.0,100.0,80.0,,4.0,0.7125,2380.2875,4490569.1875,190.0
3784,1001.0,21.0,1.0,100.0,80.0,,5.0,0.6,2380.8875,4492950.075,190.0
3785,1001.0,21.0,1.0,100.0,80.0,,6.0,0.6125,2381.5,4495331.575,190.0
3786,1001.0,21.0,1.0,100.0,80.0,,7.0,1.0625,2382.5625,4497714.1375,190.0
3787,1001.0,21.0,1.0,100.0,80.0,,8.0,0.0875,2382.65,4500096.7875,190.0
3788,1001.0,21.0,1.0,100.0,80.0,,9.0,0.75,2383.4,4502480.1875,190.0
3789,1001.0,21.0,1.0,100.0,80.0,,10.0,0.0125,2383.4125,4504863.6,190.0
3790,1001.0,21.0,1.0,100.0,80.0,,11.0,0.3,2383.7125,4507247.3125,190.0
3791,1001.0,21.0,1.0,100.0,80.0,,12.0,0.2625,2383.975,4509631.2875,190.0
3792,1001.0,21.0,1.0,100.0,80.0,,13.0,0.8875,2384.8625,4512016.15,190.0
3793,1001.0,21.0,1.0,100.0,80.0,,14.0,0.6125,2385.475,4514401.625,190.0
3794,1001.0,21.0,1.0,100.0,80.0,,15.0,0.075,2385.55,4516787.175,190.0
3795,1001.0,21.0,1.0,100.0,80.0,,16.0,0.7625,2386.3125,4519173.4875,190.0
3796,1001.0,21.0,1.0,100.0,80.0,,17.0,0.2875,2386.6,4521560.0875,190.0
3797,1001.0,21.0,1.0,100.0,80.0,,18.0,0.9625,2387.5625,4523947.65,190.0
3798,1001.0,21.0,1.0,100.0,80.0,,19.0,1.025,2388.5875,4526336.2375,190.0
3799,1001.0,21.0,1.0,100.0,80.0,,20.0,1.1,2389.6875,4528725.925,190.0
3800,1001.0,21.0,1.0,100.0,80.0,,1.0,1.125,2390.8125,4531116.7375,191.0
3801,1001.0,21.0,1.0,100.0,80.0,,2.0,0.375,2391.1875,4533507.925,191.0
3802,1001.0,21.0,1.0,100.0,80.0,,3.0,0.7375,2391.925,4535899.85,191.0
3803,1001.0,21.0,1.0,100.0,80.0,,4.0,0.7625,2392.6875,4538292.5375,191.0
3804,1001.0,21.0,1.0,100.0,80.0,,5.0,0.525,2393.2125,4540685.75,191.0
3805,1001.0,21.0,1.0,100.0,80.0,,6.0,0.525,2393.7375,4543079.4875,191.0
3806,1001.0,21.0,1.0,100.0,80.0,,7.0,0.4,2394.1375,4545473.625,191.0
3807,1001.0,21.0,1.0,100.0,80.0,,8.0,0.2375,2394.375,4547868.0,191.0
3808,1001.0,21.0,1.0,100.0,80.0,,9.0,0.0125,2394.3875,4550262.3875,191.0
3809,1001.0,21.0,1.0,100.0,80.0,,10.0,0.15,2394.5375,4552656.925,191.0
3810,1001.0,21.0,1.0,100.0,80.0,,11.0,0.75,2395.2875,4555052.2125,191.0
3811,1001.0,21.0,1.0,100.0,80.0,,12.0,1.1375,2396.425,4557448.6375,191.0
3812,1001.0,21.0,1.0,100.0,80.0,,13.0,0.4875,2396.9125,4559845.55,191.0
3813,1001.0,21.0,1.0,100.0,80.0,,14.0,0.2875,2397.2,4562242.75,191.0
3814,1001.0,21.0,1.0,100.0,80.0,,15.0,0.2625,2397.4625,4564640.2125,191.0
3815,1001.0,21.0,1.0,100.0,80.0,,16.0,0.6875,2398.15,4567038.3625,191.0
3816,1001.0,21.0,1.0,100.0,80.0,,17.0,0.4,2398.55,4569436.9125,191.0
3817,1001.0,21.0,1.0,100.0,80.0,,18.0,0.3875,2398.9375,4571835.85,191.0
3818,1001.0,21.0,1.0,100.0,80.0,,19.0,0.2875,2399.225,4574235.075,191.0
3819,1001.0,21.0,1.0,100.0,80.0,,20.0,0.325,2399.55,4576634.625,191.0
3820,1001.0,21.0,1.0,100.0,80.0,,1.0,1.1125,2400.6625,4579035.2875,192.0
3821,1001.0,21.0,1.0,100.0,80.0,,2.0,0.8,2401.4625,4581436.75,192.0
3822,1001.0,21.0,1.0,100.0,80.0,,3.0,0.0125,2401.475,4583838.225,192.0
3823,1001.0,21.0,1.0,100.0,80.0,,4.0,0.2125,2401.6875,4586239.9125,192.0
3824,1001.0,21.0,1.0,100.0,80.0,,5.0,0.15,2401.8375,4588641.75,192.0
3825,1001.0,21.0,1.0,100.0,80.0,,6.0,0.2125,2402.05,4591043.8,192.0
3826,1001.0,21.0,1.0,100.0,80.0,,7.0,0.4125,2402.4625,4593446.2625,192.0
3827,1001.0,21.0,1.0,100.0,80.0,,8.0,0.4125,2402.875,4595849.1375,192.0
3828,1001.0,21.0,1.0,100.0,80.0,,9.0,0.3125,2403.1875,4598252.325,192.0
3829,1001.0,21.0,1.0,100.0,80.0,,10.0,0.1125,2403.3,4600655.625,192.0
3830,1001.0,21.0,1.0,100.0,80.0,,11.0,0.5,2403.8,4603059.425,192.0
3831,1001.0,21.0,1.0,100.0,80.0,,12.0,0.5125,2404.3125,4605463.7375,192.0
3832,1001.0,21.0,1.0,100.0,80.0,,13.0,0.175,2404.4875,4607868.225,192.0
3833,1001.0,21.0,1.0,100.0,80.0,,14.0,1.15,2405.6375,4610273.8625,192.0
3834,1001.0,21.0,1.0,100.0,80.0,,15.0,0.4125,2406.05,4612679.9125,192.0
3835,1001.0,21.0,1.0,100.0,80.0,,16.0,0.1875,2406.2375,4615086.15,192.0
3836,1001.0,21.0,1.0,100.0,80.0,,17.0,0.9,2407.1375,4617493.2875,192.0
3837,1001.0,21.0,1.0,100.0,80.0,,18.0,0.725,2407.8625,4619901.15,192.0
3838,1001.0,21.0,1.0,100.0,80.0,,19.0,0.8625,2408.725,4622309.875,192.0
3839,1001.0,21.0,1.0,100.0,80.0,,20.0,1.2375,2409.9625,4624719.8375,192.0
3840,1001.0,21.0,1.0,100.0,80.0,,1.0,1.025,2410.9875,4627130.825,193.0
3841,1001.0,21.0,1.0,100.0,80.0,,2.0,0.4375,2411.425,4629542.25,193.0
3842,1001.0,21.0,1.0,100.0,80.0,,3.0,0.8375,2412.2625,4631954.5125,193.0
3843,1001.0,21.0,1.0,100.0,80.0,,4.0,1.2,2413.4625,4634367.975,193.0
3844,1001.0,21.0,1.0,100.0,80.0,,5.0,0.175,2413.6375,4636781.6125,193.0
3845,1001.0,21.0,1.0,100.0,80.0,,6.0,0.075,2413.7125,4639195.325,193.0
3846,1001.0,21.0,1.0,100.0,80.0,,7.0,0.1375,2413.85,4641609.175,193.0
3847,1001.0,21.0,1.0,100.0,80.0,,8.0,0.3875,2414.2375,4644023.4125,193.0
3848,1001.0,21.0,1.0,100.0,80.0,,9.0,1.0125,2415.25,4646438.6625,193.0
3849,1001.0,21.0,1.0,100.0,80.0,,10.0,0.3625,2415.6125,4648854.275,193.0
3850,1001.0,21.0,1.0,100.0,80.0,,11.0,0.8625,2416.475,4651270.75,193.0
3851,1001.0,21.0,1.0,100.0,80.0,,12.0,0.5125,2416.9875,4653687.7375,193.0
3852,1001.0,21.0,1.0,100.0,80.0,,13.0,0.6875,2417.675,4656105.4125,193.0
3853,1001.0,21.0,1.0,100.0,80.0,,14.0,1.2375,2418.9125,4658524.325,193.0
3854,1001.0,21.0,1.0,100.0,80.0,,15.0,0.625,2419.5375,4660943.8625,193.0
3855,1001.0,21.0,1.0,100.0,80.0,,16.0,0.675,2420.2125,4663364.075,193.0
3856,1001.0,21.0,1.0,100.0,80.0,,17.0,0.55,2420.7625,4665784.8375,193.0
3857,1001.0,21.0,1.0,100.0,80.0,,18.0,0.2375,2421.0,4668205.8375,193.0
3858,1001.0,21.0,1.0,100.0,80.0,,19.0,0.625,2421.625,4670627.4625,193.0
3859,1001.0,21.0,1.0,100.0,80.0,,20.0,0.475,2422.1,4673049.5625,193.0
3860,1001.0,21.0,1.0,100.0,80.0,,1.0,0.6875,2422.7875,4675472.35,194.0
3861,1001.0,21.0,1.0,100.0,80.0,,2.0,1.025,2423.8125,4677896.1625,194.0
3862,1001.0,21.0,1.0,100.0,80.0,,3.0,1.225,2425.0375,4680321.2,194.0
3863,1001.0,21.0,1.0,100.0,80.0,,4.0,0.8375,2425.875,4682747.075,194.0
3864,1001.0,21.0,1.0,100.0,80.0,,5.0,0.8125,2426.6875,4685173.7625,194.0
3865,1001.0,21.0,1.0,100.0,80.0,,6.0,1.0625,2427.75,4687601.5125,194.0
3866,1001.0,21.0,1.0,100.0,80.0,,7.0,0.925,2428.675,4690030.1875,194.0
3867,1001.0,21.0,1.0,100.0,80.0,,8.0,0.3125,2428.9875,4692459.175,194.0
3868,1001.0,21.0,1.0,100.0,80.0,,9.0,0.55,2429.5375,4694888.7125,194.0
3869,1001.0,21.0,1.0,100.0,80.0,,10.0,0.4875,2430.025,4697318.7375,194.0
3870,1001.0,21.0,1.0,100.0,80.0,,11.0,0.35,2430.375,4699749.1125,194.0
3871,1001.0,21.0,1.0,100.0,80.0,,12.0,0.05,2430.425,4702179.5375,194.0
3872,1001.0,21.0,1.0,100.0,80.0,,13.0,0.2125,2430.6375,4704610.175,194.0
3873,1001.0,21.0,1.0,100.0,80.0,,14.0,1.175,2431.8125,4707041.9875,194.0
3874,1001.0,21.0,1.0,100.0,80.0,,15.0,1.1875,2433.0,4709474.9875,194.0
3875,1001.0,21.0,1.0,100.0,80.0,,16.0,1.05,2434.05,4711909.0375,194.0
3876,1001.0,21.0,1.0,100.0,80.0,,17.0,0.25,2434.3,4714343.3375,194.0
3877,1001.0,21.0,1.0,100.0,80.0,,18.0,0.0875,2434.3875,4716777.725,194.0
3878,1001.0,21.0,1.0,100.0,80.0,,19.0,1.1,2435.4875,4719213.2125,194.0
3879,1001.0,21.0,1.0,100.0,80.0,,20.0,0.9375,2436.425,4721649.6375,194.0
3880,1001.0,21.0,1.0,100.0,80.0,,1.0,1.0375,2437.4625,4724087.1,195.0
3881,1001.0,21.0,1.0,100.0,80.0,,2.0,1.05,2438.5125,4726525.6125,195.0
3882,1001.0,21.0,1.0,100.0,80.0,,3.0,1.0125,2439.525,4728965.1375,195.0
3883,1001.0,21.0,1.0,100.0,80.0,,4.0,1.025,2440.55,4731405.6875,195.0
3884,1001.0,21.0,1.0,100.0,80.0,,5.0,1.225,2441.775,4733847.4625,195.0
3885,1001.0,21.0,1.0,100.0,80.0,,6.0,0.675,2442.45,4736289.9125,195.0
3886,1001.0,21.0,1.0,100.0,80.0,,7.0,0.2125,2442.6625,4738732.575,195.0
3887,1001.0,21.0,1.0,100.0,80.0,,8.0,0.425,2443.0875,4741175.6625,195.0
3888,1001.0,21.0,1.0,100.0,80.0,,9.0,0.25,2443.3375,4743619.0,195.0
3889,1001.0,21.0,1.0,100.0,80.0,,10.0,0.75,2444.0875,4746063.0875,195.0
3890,1001.0,21.0,1.0,100.0,80.0,,11.0,1.0375,2445.125,4748508.2125,195.0
3891,1001.0,21.0,1.0,100.0,80.0,,12.0,0.3375,2445.4625,4750953.675,195.0
3892,1001.0,21.0,1.0,100.0,80.0,,13.0,0.6875,2446.15,4753399.825,195.0
3893,1001.0,21.0,1.0,100.0,80.0,,14.0,0.15,2446.3,4755846.125,195.0
3894,1001.0,21.0,1.0,100.0,80.0,,15.0,0.65,2446.95,4758293.075,195.0
3895,1001.0,21.0,1.0,100.0,80.0,,16.0,0.9875,2447.9375,4760741.0125,195.0
3896,1001.0,21.0,1.0,100.0,80.0,,17.0,0.95,2448.8875,4763189.9,195.0
3897,1001.0,21.0,1.0,100.0,80.0,,18.0,0.8625,2449.75,4765639.65,195.0
3898,1001.0,21.0,1.0,100.0,80.0,,19.0,1.175,2450.925,4768090.575,195.0
3899,1001.0,21.0,1.0,100.0,80.0,,20.0,0.5875,2451.5125,4770542.0875,195.0
3900,1001.0,21.0,1.0,100.0,80.0,,1.0,0.175,2451.6875,4772993.775,196.0
3901,1001.0,21.0,1.0,100.0,80.0,,2.0,0.1625,2451.85,4775445.625,196.0
3902,1001.0,21.0,1.0,100.0,80.0,,3.0,0.175,2452.025,4777897.65,196.0
3903,1001.0,21.0,1.0,100.0,80.0,,4.0,1.05,2453.075,4780350.725,196.0
3904,1001.0,21.0,1.0,100.0,80.0,,5.0,1.175,2454.25,4782804.975,196.0
3905,1001.0,21.0,1.0,100.0,80.0,,6.0,0.7375,2454.9875,4785259.9625,196.0
3906,1001.0,21.0,1.0,100.0,80.0,,7.0,0.65,2455.6375,4787715.6,196.0
3907,1001.0,21.0,1.0,100.0,80.0,,8.0,0.2125,2455.85,4790171.45,196.0
3908,1001.0,21.0,1.0,100.0,80.0,,9.0,0.2875,2456.1375,4792627.5875,196.0
3909,1001.0,21.0,1.0,100.0,80.0,,10.0,0.725,2456.8625,4795084.45,196.0
3910,1001.0,21.0,1.0,100.0,80.0,,11.0,0.6625,2457.525,4797541.975,196.0
3911,1001.0,21.0,1.0,100.0,80.0,,12.0,0.5625,2458.0875,4800000.0625,196.0
3912,1001.0,21.0,1.0,100.0,80.0,,13.0,0.8625,2458.95,4802459.0125,196.0
3913,1001.0,21.0,1.0,100.0,80.0,,14.0,0.925,2459.875,4804918.8875,196.0
3914,1001.0,21.0,1.0,100.0,80.0,,15.0,0.0375,2459.9125,4807378.8,196.0
3915,1001.0,21.0,1.0,100.0,80.0,,16.0,0.25,2460.1625,4809838.9625,196.0
3916,1001.0,21.0,1.0,100.0,80.0,,17.0,0.8,2460.9625,4812299.925,196.0
3917,1001.0,21.0,1.0,100.0,80.0,,18.0,1.0625,2462.025,4814761.95,196.0
3918,1001.0,21.0,1.0,100.0,80.0,,19.0,0.275,2462.3,4817224.25,196.0
3919,1001.0,21.0,1.0,100.0,80.0,,20.0,1.15,2463.45,4819687.7,196.0
3920,1001.0,21.0,1.0,100.0,80.0,,1.0,0.975,2464.425,4822152.125,197.0
3921,1001.0,21.0,1.0,100.0,80.0,,2.0,0.8875,2465.3125,4824617.4375,197.0
3922,1001.0,21.0,1.0,100.0,80.0,,3.0,0.55,2465.8625,4827083.3,197.0
3923,1001.0,21.0,1.0,100.0,80.0,,4.0,0.0625,2465.925,4829549.225,197.0
3924,1001.0,21.0,1.0,100.0,80.0,,5.0,0.0375,2465.9625,4832015.1875,197.0
3925,1001.0,21.0,1.0,100.0,80.0,,6.0,0.4125,2466.375,4834481.5625,197.0
3926,1001.0,21.0,1.0,100.0,80.0,,7.0,0.3125,2466.6875,4836948.25,197.0
3927,1001.0,21.0,1.0,100.0,80.0,,8.0,1.025,2467.7125,4839415.9625,197.0
3928,1001.0,21.0,1.0,100.0,80.0,,9.0,0.425,2468.1375,4841884.1,197.0
3929,1001.0,21.0,1.0,100.0,80.0,,10.0,1.05,2469.1875,4844353.2875,197.0
3930,1001.0,21.0,1.0,100.0,80.0,,11.0,0.275,2469.4625,4846822.75,197.0
3931,1001.0,21.0,1.0,100.0,80.0,,12.0,1.1625,2470.625,4849293.375,197.0
3932,1001.0,21.0,1.0,100.0,80.0,,13.0,0.075,2470.7,4851764.075,197.0
3933,1001.0,21.0,1.0,100.0,80.0,,14.0,1.2375,2471.9375,4854236.0125,197.0
3934,1001.0,21.0,1.0,100.0,80.0,,15.0,1.2375,2473.175,4856709.1875,197.0
3935,1001.0,21.0,1.0,100.0,80.0,,16.0,0.525,2473.7,4859182.8875,197.0
3936,1001.0,21.0,1.0,100.0,80.0,,17.0,0.85,2474.55,4861657.4375,197.0
3937,1001.0,21.0,1.0,100.0,80.0,,18.0,0.9375,2475.4875,4864132.925,197.0
3938,1001.0,21.0,1.0,100.0,80.0,,19.0,0.425,2475.9125,4866608.8375,197.0
3939,1001.0,21.0,1.0,100.0,80.0,,20.0,0.9875,2476.9,4869085.7375,197.0
3940,1001.0,21.0,1.0,100.0,80.0,,1.0,0.7625,2477.6625,4871563.4,198.0
3941,1001.0,21.0,1.0,100.0,80.0,,2.0,0.325,2477.9875,4874041.3875,198.0
3942,1001.0,21.0,1.0,100.0,80.0,,3.0,0.675,2478.6625,4876520.05,198.0
3943,1001.0,21.0,1.0,100.0,80.0,,4.0,0.35,2479.0125,4878999.0625,198.0
3944,1001.0,21.0,1.0,100.0,80.0,,5.0,1.1625,2480.175,4881479.2375,198.0
3945,1001.0,21.0,1.0,100.0,80.0,,6.0,0.375,2480.55,4883959.7875,198.0
3946,1001.0,21.0,1.0,100.0,80.0,,7.0,0.5125,2481.0625,4886440.85,198.0
3947,1001.0,21.0,1.0,100.0,80.0,,8.0,0.075,2481.1375,4888921.9875,198.0
3948,1001.0,21.0,1.0,100.0,80.0,,9.0,1.2375,2482.375,4891404.3625,198.0
3949,1001.0,21.0,1.0,100.0,80.0,,10.0,0.1875,2482.5625,4893886.925,198.0
3950,1001.0,21.0,1.0,100.0,80.0,,11.0,0.5,2483.0625,4896369.9875,198.0
3951,1001.0,21.0,1.0,100.0,80.0,,12.0,1.1875,2484.25,4898854.2375,198.0
3952,1001.0,21.0,1.0,100.0,80.0,,13.0,0.85,2485.1,4901339.3375,198.0
3953,1001.0,21.0,1.0,100.0,80.0,,14.0,1.2125,2486.3125,4903825.65,198.0
3954,1001.0,21.0,1.0,100.0,80.0,,15.0,0.5625,2486.875,4906312.525,198.0
3955,1001.0,21.0,1.0,100.0,80.0,,16.0,0.625,2487.5,4908800.025,198.0
3956,1001.0,21.0,1.0,100.0,80.0,,17.0,0.1875,2487.6875,4911287.7125,198.0
3957,1001.0,21.0,1.0,100.0,80.0,,18.0,0.05,2487.7375,4913775.45,198.0
3958,1001.0,21.0,1.0,100.0,80.0,,19.0,0.7125,2488.45,4916263.9,198.0
3959,1001.0,21.0,1.0,100.0,80.0,,20.0,1.15,2489.6,4918753.5,198.0
3960,1001.0,21.0,1.0,100.0,80.0,,1.0,0.175,2489.775,4921243.275,199.0
3961,1001.0,21.0,1.0,100.0,80.0,,2.0,0.3875,2490.1625,4923733.4375,199.0
3962,1001.0,21.0,1.0,100.0,80.0,,3.0,0.65,2490.8125,4926224.25,199.0
3963,1001.0,21.0,1.0,100.0,80.0,,4.0,0.65,2491.4625,4928715.7125,199.0
3964,1001.0,21.0,1.0,100.0,80.0,,5.0,0.6,2492.0625,4931207.775,199.0
3965,1001.0,21.0,1.0,100.0,80.0,,6.0,1.15,2493.2125,4933700.9875,199.0
3966,1001.0,21.0,1.0,100.0,80.0,,7.0,0.7375,2493.95,4936194.9375,199.0
3967,1001.0,21.0,1.0,100.0,80.0,,8.0,1.1375,2495.0875,4938690.025,199.0
3968,1001.0,21.0,1.0,100.0,80.0,,9.0,0.3875,2495.475,4941185.5,199.0
3969,1001.0,21.0,1.0,100.0,80.0,,10.0,0.175,2495.65,4943681.15,199.0
3970,1001.0,21.0,1.0,100.0,80.0,,11.0,0.925,2496.575,4946177.725,199.0
3971,1001.0,21.0,1.0,100.0,80.0,,12.0,0.8,2497.375,4948675.1,199.0
3972,1001.0,21.0,1.0,100.0,80.0,,13.0,0.475,2497.85,4951172.95,199.0
3973,1001.0,21.0,1.0,100.0,80.0,,14.0,0.4625,2498.3125,4953671.2625,199.0
3974,1001.0,21.0,1.0,100.0,80.0,,15.0,1.15,2499.4625,4956170.725,199.0
3975,1001.0,21.0,1.0,100.0,80.0,,16.0,0.9,2500.3625,4958671.0875,199.0
3976,1001.0,21.0,1.0,100.0,80.0,,17.0,0.2375,2500.6,4961171.6875,199.0
3977,1001.0,21.0,1.0,100.0,80.0,,18.0,0.55,2501.15,4963672.8375,199.0
3978,1001.0,21.0,1.0,100.0,80.0,,19.0,0.3125,2501.4625,4966174.3,199.0
3979,1001.0,21.0,1.0,100.0,80.0,,20.0,0.55,2502.0125,4968676.3125,199.0
3980,1001.0,21.0,1.0,100.0,80.0,,1.0,0.7625,2502.775,4971179.0875,200.0
3981,1001.0,21.0,1.0,100.0,80.0,,2.0,0.975,2503.75,4973682.8375,200.0
3982,1001.0,21.0,1.0,100.0,80.0,,3.0,0.55,2504.3,4976187.1375,200.0
3983,1001.0,21.0,1.0,100.0,80.0,,4.0,0.4,2504.7,4978691.8375,200.0
3984,1001.0,21.0,1.0,100.0,80.0,,5.0,0.1375,2504.8375,4981196.675,200.0
3985,1001.0,21.0,1.0,100.0,80.0,,6.0,0.3,2505.1375,4983701.8125,200.0
3986,1001.0,21.0,1.0,100.0,80.0,,7.0,0.8625,2506.0,4986207.8125,200.0
3987,1001.0,21.0,1.0,100.0,80.0,,8.0,0.85,2506.85,4988714.6625,200.0
3988,1001.0,21.0,1.0,100.0,80.0,,9.0,1.1,2507.95,4991222.6125,200.0
3989,1001.0,21.0,1.0,100.0,80.0,,10.0,1.025,2508.975,4993731.5875,200.0
3990,1001.0,21.0,1.0,100.0,80.0,,11.0,0.4625,2509.4375,4996241.025,200.0
3991,1001.0,21.0,1.0,100.0,80.0,,12.0,1.1625,2510.6,4998751.625,200.0
3992,1001.0,21.0,1.0,100.0,80.0,,13.0,0.225,2510.825,5001262.45,200.0
3993,1001.0,21.0,1.0,100.0,80.0,,14.0,0.0125,2510.8375,5003773.2875,200.0
3994,1001.0,21.0,1.0,100.0,80.0,,15.0,0.1,2510.9375,5006284.225,200.0
3995,1001.0,21.0,1.0,100.0,80.0,,16.0,0.0125,2510.95,5008795.175,200.0
3996,1001.0,21.0,1.0,100.0,80.0,,17.0,0.8125,2511.7625,5011306.9375,200.0
3997,1001.0,21.0,1.0,100.0,80.0,,18.0,0.0375,2511.8,5013818.7375,200.0
3998,1001.0,21.0,1.0,100.0,80.0,,19.0,0.7875,2512.5875,5016331.325,200.0
3999,1001.0,21.0,1.0,100.0,80.0,,20.0,0.575,2513.1625,5018844.4875,200.0
4000,1001.0,21.0,1.0,100.0,80.0,,1.0,1.0,2514.1625,5021358.65,201.0
4001,1001.0,21.0,1.0,100.0,80.0,,2.0,0.725,2514.8875,5023873.5375,201.0
4002,1001.0,21.0,1.0,100.0,80.0,,3.0,0.975,2515.8625,5026389.4,201.0
4003,1001.0,21.0,1.0,100.0,80.0,,4.0,0.275,2516.1375,5028905.5375,201.0
4004,1001.0,21.0,1.0,100.0,80.0,,5.0,0.1375,2516.275,5031421.8125,201.0
4005,1001.0,21.0,1.0,100.0,80.0,,6.0,0.1,2516.375,5033938.1875,201.0
4006,1001.0,21.0,1.0,100.0,80.0,,7.0,0.625,2517.0,5036455.1875,201.0
4007,1001.0,21.0,1.0,100.0,80.0,,8.0,0.2,2517.2,5038972.3875,201.0
4008,1001.0,21.0,1.0,100.0,80.0,,9.0,0.7125,2517.9125,5041490.3,201.0
4009,1001.0,21.0,1.0,100.0,80.0,,10.0,0.375,2518.2875,5044008.5875,201.0
4010,1001.0,21.0,1.0,100.0,80.0,,11.0,0.5625,2518.85,5046527.4375,201.0
4011,1001.0,21.0,1.0,100.0,80.0,,12.0,0.1625,2519.0125,5049046.45,201.0
4012,1001.0,21.0,1.0,100.0,80.0,,13.0,0.875,2519.8875,5051566.3375,201.0
4013,1001.0,21.0,1.0,100.0,80.0,,14.0,0.8125,2520.7,5054087.0375,201.0
4014,1001.0,21.0,1.0,100.0,80.0,,15.0,0.2375,2520.9375,5056607.975,201.0
4015,1001.0,21.0,1.0,100.0,80.0,,16.0,1.0,2521.9375,5059129.9125,201.0
4016,1001.0,21.0,1.0,100.0,80.0,,17.0,1.2375,2523.175,5061653.0875,201.0
4017,1001.0,21.0,1.0,100.0,80.0,,18.0,1.1625,2524.3375,5064177.425,201.0
4018,1001.0,21.0,1.0,100.0,80.0,,19.0,0.425,2524.7625,5066702.1875,201.0
4019,1001.0,21.0,1.0,100.0,80.0,,20.0,0.6625,2525.425,5069227.6125,201.0
4020,1001.0,21.0,1.0,100.0,80.0,,1.0,0.95,2526.375,5071753.9875,202.0
4021,1001.0,21.0,1.0,100.0,80.0,,2.0,0.3125,2526.6875,5074280.675,202.0
4022,1001.0,21.0,1.0,100.0,80.0,,3.0,0.4125,2527.1,5076807.775,202.0
4023,1001.0,21.0,1.0,100.0,80.0,,4.0,0.075,2527.175,5079334.95,202.0
4024,1001.0,21.0,1.0,100.0,80.0,,5.0,0.3125,2527.4875,5081862.4375,202.0
4025,1001.0,21.0,1.0,100.0,80.0,,6.0,0.9875,2528.475,5084390.9125,202.0
4026,1001.0,21.0,1.0,100.0,80.0,,7.0,0.675,2529.15,5086920.0625,202.0
4027,1001.0,21.0,1.0,100.0,80.0,,8.0,1.15,2530.3,5089450.3625,202.0
4028,1001.0,21.0,1.0,100.0,80.0,,9.0,1.1,2531.4,5091981.7625,202.0
4029,1001.0,21.0,1.0,100.0,80.0,,10.0,0.6,2532.0,5094513.7625,202.0
4030,1001.0,21.0,1.0,100.0,80.0,,11.0,1.2,2533.2,5097046.9625,202.0
4031,1001.0,21.0,1.0,100.0,80.0,,12.0,1.1125,2534.3125,5099581.275,202.0
4032,1001.0,21.0,1.0,100.0,80.0,,13.0,0.75,2535.0625,5102116.3375,202.0
4033,1001.0,21.0,1.0,100.0,80.0,,14.0,0.575,2535.6375,5104651.975,202.0
4034,1001.0,21.0,1.0,100.0,80.0,,15.0,1.2,2536.8375,5107188.8125,202.0
4035,1001.0,21.0,1.0,100.0,80.0,,16.0,0.5875,2537.425,5109726.2375,202.0
4036,1001.0,21.0,1.0,100.0,80.0,,17.0,1.0875,2538.5125,5112264.75,202.0
4037,1001.0,21.0,1.0,100.0,80.0,,18.0,0.75,2539.2625,5114804.0125,202.0
4038,1001.0,21.0,1.0,100.0,80.0,,19.0,0.5125,2539.775,5117343.7875,202.0
4039,1001.0,21.0,1.0,100.0,80.0,,20.0,0.375,2540.15,5119883.9375,202.0
4040,1001.0,21.0,1.0,100.0,80.0,,1.0,1.225,2541.375,5122425.3125,203.0
4041,1001.0,21.0,1.0,100.0,80.0,,2.0,0.65,2542.025,5124967.3375,203.0
4042,1001.0,21.0,1.0,100.0,80.0,,3.0,0.0125,2542.0375,5127509.375,203.0
4043,1001.0,21.0,1.0,100.0,80.0,,4.0,1.2,2543.2375,5130052.6125,203.0
4044,1001.0,21.0,1.0,100.0,80.0,,5.0,0.9125,2544.15,5132596.7625,203.0
4045,1001.0,21.0,1.0,100.0,80.0,,6.0,0.4125,2544.5625,5135141.325,203.0
4046,1001.0,21.0,1.0,100.0,80.0,,7.0,0.8625,2545.425,5137686.75,203.0
4047,1001.0,21.0,1.0,100.0,80.0,,8.0,0.0125,2545.4375,5140232.1875,203.0
4048,1001.0,21.0,1.0,100.0,80.0,,9.0,0.8625,2546.3,5142778.4875,203.0
4049,1001.0,21.0,1.0,100.0,80.0,,10.0,1.1375,2547.4375,5145325.925,203.0
4050,1001.0,21.0,1.0,100.0,80.0,,11.0,0.0625,2547.5,5147873.425,203.0
4051,1001.0,21.0,1.0,100.0,80.0,,12.0,0.5125,2548.0125,5150421.4375,203.0
4052,1001.0,21.0,1.0,100.0,80.0,,13.0,1.125,2549.1375,5152970.575,203.0
4053,1001.0,21.0,1.0,100.0,80.0,,14.0,1.125,2550.2625,5155520.8375,203.0
4054,1001.0,21.0,1.0,100.0,80.0,,15.0,0.325,2550.5875,5158071.425,203.0
4055,1001.0,21.0,1.0,100.0,80.0,,16.0,0.575,2551.1625,5160622.5875,203.0
4056,1001.0,21.0,1.0,100.0,80.0,,17.0,0.3875,2551.55,5163174.1375,203.0
4057,1001.0,21.0,1.0,100.0,80.0,,18.0,0.975,2552.525,5165726.6625,203.0
4058,1001.0,21.0,1.0,100.0,80.0,,19.0,1.2375,2553.7625,5168280.425,203.0
4059,1001.0,21.0,1.0,100.0,80.0,,20.0,0.8875,2554.65,5170835.075,203.0
4060,1001.0,21.0,1.0,100.0,80.0,,1.0,0.025,2554.675,5173389.75,204.0
4061,1001.0,21.0,1.0,100.0,80.0,,2.0,0.9,2555.575,5175945.325,204.0
4062,1001.0,21.0,1.0,100.0,80.0,,3.0,0.525,2556.1,5178501.425,204.0
4063,1001.0,21.0,1.0,100.0,80.0,,4.0,0.525,2556.625,5181058.05,204.0
4064,1001.0,21.0,1.0,100.0,80.0,,5.0,0.05,2556.675,5183614.725,204.0
4065,1001.0,21.0,1.0,100.0,80.0,,6.0,0.7125,2557.3875,5186172.1125,204.0
4066,1001.0,21.0,1.0,100.0,80.0,,7.0,0.4,2557.7875,5188729.9,204.0
4067,1001.0,21.0,1.0,100.0,80.0,,8.0,1.0375,2558.825,5191288.725,204.0
4068,1001.0,21.0,1.0,100.0,80.0,,9.0,0.2125,2559.0375,5193847.7625,204.0
4069,1001.0,21.0,1.0,100.0,80.0,,10.0,0.7125,2559.75,5196407.5125,204.0
4070,1001.0,21.0,1.0,100.0,80.0,,11.0,0.825,2560.575,5198968.0875,204.0
4071,1001.0,21.0,1.0,100.0,80.0,,12.0,0.3625,2560.9375,5201529.025,204.0
4072,1001.0,21.0,1.0,100.0,80.0,,13.0,0.95,2561.8875,5204090.9125,204.0
4073,1001.0,21.0,1.0,100.0,80.0,,14.0,0.875,2562.7625,5206653.675,204.0
4074,1001.0,21.0,1.0,100.0,80.0,,15.0,0.5875,2563.35,5209217.025,204.0
4075,1001.0,21.0,1.0,100.0,80.0,,16.0,0.95,2564.3,5211781.325,204.0
4076,1001.0,21.0,1.0,100.0,80.0,,17.0,0.45,2564.75,5214346.075,204.0
4077,1001.0,21.0,1.0,100.0,80.0,,18.0,0.3,2565.05,5216911.125,204.0
4078,1001.0,21.0,1.0,100.0,80.0,,19.0,0.5625,2565.6125,5219476.7375,204.0
4079,1001.0,21.0,1.0,100.0,80.0,,20.0,0.4125,2566.025,5222042.7625,204.0
4080,1001.0,21.0,1.0,100.0,80.0,,1.0,0.7875,2566.8125,5224609.575,205.0
4081,1001.0,21.0,1.0,100.0,80.0,,2.0,0.4,2567.2125,5227176.7875,205.0
4082,1001.0,21.0,1.0,100.0,80.0,,3.0,0.6,2567.8125,5229744.6,205.0
4083,1001.0,21.0,1.0,100.0,80.0,,4.0,0.6625,2568.475,5232313.075,205.0
4084,1001.0,21.0,1.0,100.0,80.0,,5.0,1.05,2569.525,5234882.6,205.0
4085,1001.0,21.0,1.0,100.0,80.0,,6.0,0.7875,2570.3125,5237452.9125,205.0
4086,1001.0,21.0,1.0,100.0,80.0,,7.0,0.0125,2570.325,5240023.2375,205.0
4087,1001.0,21.0,1.0,100.0,80.0,,8.0,1.2,2571.525,5242594.7625,205.0
4088,1001.0,21.0,1.0,100.0,80.0,,9.0,1.225,2572.75,5245167.5125,205.0
4089,1001.0,21.0,1.0,100.0,80.0,,10.0,0.375,2573.125,5247740.6375,205.0
4090,1001.0,21.0,1.0,100.0,80.0,,11.0,0.9875,2574.1125,5250314.75,205.0
4091,1001.0,21.0,1.0,100.0,80.0,,12.0,1.1875,2575.3,5252890.05,205.0
4092,1001.0,21.0,1.0,100.0,80.0,,13.0,0.4125,2575.7125,5255465.7625,205.0
4093,1001.0,21.0,1.0,100.0,80.0,,14.0,0.8375,2576.55,5258042.3125,205.0
4094,1001.0,21.0,1.0,100.0,80.0,,15.0,1.05,2577.6,5260619.9125,205.0
4095,1001.0,21.0,1.0,100.0,80.0,,16.0,0.675,2578.275,5263198.1875,205.0
4096,1001.0,21.0,1.0,100.0,80.0,,17.0,1.1875,2579.4625,5265777.65,205.0
4097,1001.0,21.0,1.0,100.0,80.0,,18.0,0.2125,2579.675,5268357.325,205.0
4098,1001.0,21.0,1.0,100.0,80.0,,19.0,0.9125,2580.5875,5270937.9125,205.0
4099,1001.0,21.0,1.0,100.0,80.0,,20.0,0.7375,2581.325,5273519.2375,205.0
4100,1001.0,21.0,1.0,100.0,80.0,,1.0,0.8,2582.125,5276101.3625,206.0
4101,1001.0,21.0,1.0,100.0,80.0,,2.0,0.6,2582.725,5278684.0875,206.0
4102,1001.0,21.0,1.0,100.0,80.0,,3.0,0.4375,2583.1625,5281267.25,206.0
4103,1001.0,21.0,1.0,100.0,80.0,,4.0,0.375,2583.5375,5283850.7875,206.0
4104,1001.0,21.0,1.0,100.0,80.0,,5.0,0.7,2584.2375,5286435.025,206.0
4105,1001.0,21.0,1.0,100.0,80.0,,6.0,0.3375,2584.575,5289019.6,206.0
4106,1001.0,21.0,1.0,100.0,80.0,,7.0,1.025,2585.6,5291605.2,206.0
4107,1001.0,21.0,1.0,100.0,80.0,,8.0,1.125,2586.725,5294191.925,206.0
4108,1001.0,21.0,1.0,100.0,80.0,,9.0,0.825,2587.55,5296779.475,206.0
4109,1001.0,21.0,1.0,100.0,80.0,,10.0,0.975,2588.525,5299368.0,206.0
4110,1001.0,21.0,1.0,100.0,80.0,,11.0,0.05,2588.575,5301956.575,206.0
4111,1001.0,21.0,1.0,100.0,80.0,,12.0,1.125,2589.7,5304546.275,206.0
4112,1001.0,21.0,1.0,100.0,80.0,,13.0,1.1,2590.8,5307137.075,206.0
4113,1001.0,21.0,1.0,100.0,80.0,,14.0,0.4125,2591.2125,5309728.2875,206.0
4114,1001.0,21.0,1.0,100.0,80.0,,15.0,0.5375,2591.75,5312320.0375,206.0
4115,1001.0,21.0,1.0,100.0,80.0,,16.0,0.4625,2592.2125,5314912.25,206.0
4116,1001.0,21.0,1.0,100.0,80.0,,17.0,0.5,2592.7125,5317504.9625,206.0
4117,1001.0,21.0,1.0,100.0,80.0,,18.0,0.1,2592.8125,5320097.775,206.0
4118,1001.0,21.0,1.0,100.0,80.0,,19.0,0.3625,2593.175,5322690.95,206.0
4119,1001.0,21.0,1.0,100.0,80.0,,20.0,0.9875,2594.1625,5325285.1125,206.0
4120,1001.0,21.0,1.0,100.0,80.0,,1.0,1.1875,2595.35,5327880.4625,207.0
4121,1001.0,21.0,1.0,100.0,80.0,,2.0,0.5,2595.85,5330476.3125,207.0
4122,1001.0,21.0,1.0,100.0,80.0,,3.0,0.8,2596.65,5333072.9625,207.0
4123,1001.0,21.0,1.0,100.0,80.0,,4.0,0.2875,2596.9375,5335669.9,207.0
4124,1001.0,21.0,1.0,100.0,80.0,,5.0,0.2875,2597.225,5338267.125,207.0
4125,1001.0,21.0,1.0,100.0,80.0,,6.0,0.0125,2597.2375,5340864.3625,207.0
4126,1001.0,21.0,1.0,100.0,80.0,,7.0,0.8125,2598.05,5343462.4125,207.0
4127,1001.0,21.0,1.0,100.0,80.0,,8.0,0.9875,2599.0375,5346061.45,207.0
4128,1001.0,21.0,1.0,100.0,80.0,,9.0,0.5625,2599.6,5348661.05,207.0
4129,1001.0,21.0,1.0,100.0,80.0,,10.0,1.1875,2600.7875,5351261.8375,207.0
4130,1001.0,21.0,1.0,100.0,80.0,,11.0,1.075,2601.8625,5353863.7,207.0
4131,1001.0,21.0,1.0,100.0,80.0,,12.0,0.125,2601.9875,5356465.6875,207.0
4132,1001.0,21.0,1.0,100.0,80.0,,13.0,0.775,2602.7625,5359068.45,207.0
4133,1001.0,21.0,1.0,100.0,80.0,,14.0,0.5875,2603.35,5361671.8,207.0
4134,1001.0,21.0,1.0,100.0,80.0,,15.0,0.55,2603.9,5364275.7,207.0
4135,1001.0,21.0,1.0,100.0,80.0,,16.0,0.375,2604.275,5366879.975,207.0
4136,1001.0,21.0,1.0,100.0,80.0,,17.0,0.3,2604.575,5369484.55,207.0
4137,1001.0,21.0,1.0,100.0,80.0,,18.0,0.25,2604.825,5372089.375,207.0
4138,1001.0,21.0,1.0,100.0,80.0,,19.0,0.1875,2605.0125,5374694.3875,207.0
4139,1001.0,21.0,1.0,100.0,80.0,,20.0,0.2625,2605.275,5377299.6625,207.0
4140,1001.0,21.0,1.0,100.0,80.0,,1.0,0.475,2605.75,5379905.4125,208.0
4141,1001.0,21.0,1.0,100.0,80.0,,2.0,0.3625,2606.1125,5382511.525,208.0
4142,1001.0,21.0,1.0,100.0,80.0,,3.0,0.025,2606.1375,5385117.6625,208.0
4143,1001.0,21.0,1.0,100.0,80.0,,4.0,0.425,2606.5625,5387724.225,208.0
4144,1001.0,21.0,1.0,100.0,80.0,,5.0,0.5125,2607.075,5390331.3,208.0
4145,1001.0,21.0,1.0,100.0,80.0,,6.0,0.1625,2607.2375,5392938.5375,208.0
4146,1001.0,21.0,1.0,100.0,80.0,,7.0,0.675,2607.9125,5395546.45,208.0
4147,1001.0,21.0,1.0,100.0,80.0,,8.0,0.925,2608.8375,5398155.2875,208.0
4148,1001.0,21.0,1.0,100.0,80.0,,9.0,0.85,2609.6875,5400764.975,208.0
4149,1001.0,21.0,1.0,100.0,80.0,,10.0,1.025,2610.7125,5403375.6875,208.0
4150,1001.0,21.0,1.0,100.0,80.0,,11.0,1.0,2611.7125,5405987.4,208.0
4151,1001.0,21.0,1.0,100.0,80.0,,12.0,1.2375,2612.95,5408600.35,208.0
4152,1001.0,21.0,1.0,100.0,80.0,,13.0,0.9375,2613.8875,5411214.2375,208.0
4153,1001.0,21.0,1.0,100.0,80.0,,14.0,1.075,2614.9625,5413829.2,208.0
4154,1001.0,21.0,1.0,100.0,80.0,,15.0,0.5125,2615.475,5416444.675,208.0
4155,1001.0,21.0,1.0,100.0,80.0,,16.0,0.0875,2615.5625,5419060.2375,208.0
4156,1001.0,21.0,1.0,100.0,80.0,,17.0,0.8125,2616.375,5421676.6125,208.0
4157,1001.0,21.0,1.0,100.0,80.0,,18.0,0.9,2617.275,5424293.8875,208.0
4158,1001.0,21.0,1.0,100.0,80.0,,19.0,0.7375,2618.0125,5426911.9,208.0
4159,1001.0,21.0,1.0,100.0,80.0,,20.0,1.1875,2619.2,5429531.1,208.0
4160,1001.0,21.0,1.0,100.0,80.0,,1.0,0.4375,2619.6375,5432150.7375,209.0
4161,1001.0,21.0,1.0,100.0,80.0,,2.0,0.7875,2620.425,5434771.1625,209.0
4162,1001.0,21.0,1.0,100.0,80.0,,3.0,0.5625,2620.9875,5437392.15,209.0
4163,1001.0,21.0,1.0,100.0,80.0,,4.0,0.45,2621.4375,5440013.5875,209.0
4164,1001.0,21.0,1.0,100.0,80.0,,5.0,0.9,2622.3375,5442635.925,209.0
4165,1001.0,21.0,1.0,100.0,80.0,,6.0,0.7,2623.0375,5445258.9625,209.0
4166,1001.0,21.0,1.0,100.0,80.0,,7.0,1.1625,2624.2,5447883.1625,209.0
4167,1001.0,21.0,1.0,100.0,80.0,,8.0,0.425,2624.625,5450507.7875,209.0
4168,1001.0,21.0,1.0,100.0,80.0,,9.0,1.0625,2625.6875,5453133.475,209.0
4169,1001.0,21.0,1.0,100.0,80.0,,10.0,0.8125,2626.5,5455759.975,209.0
4170,1001.0,21.0,1.0,100.0,80.0,,11.0,0.075,2626.575,5458386.55,209.0
4171,1001.0,21.0,1.0,100.0,80.0,,12.0,0.225,2626.8,5461013.35,209.0
4172,1001.0,21.0,1.0,100.0,80.0,,13.0,0.2875,2627.0875,5463640.4375,209.0
4173,1001.0,21.0,1.0,100.0,80.0,,14.0,0.0875,2627.175,5466267.6125,209.0
4174,1001.0,21.0,1.0,100.0,80.0,,15.0,1.075,2628.25,5468895.8625,209.0
4175,1001.0,21.0,1.0,100.0,80.0,,16.0,0.7,2628.95,5471524.8125,209.0
4176,1001.0,21.0,1.0,100.0,80.0,,17.0,0.725,2629.675,5474154.4875,209.0
4177,1001.0,21.0,1.0,100.0,80.0,,18.0,0.2375,2629.9125,5476784.4,209.0
4178,1001.0,21.0,1.0,100.0,80.0,,19.0,0.3,2630.2125,5479414.6125,209.0
4179,1001.0,21.0,1.0,100.0,80.0,,20.0,1.175,2631.3875,5482046.0,209.0
4180,1001.0,21.0,1.0,100.0,80.0,,1.0,0.9625,2632.35,5484678.35,210.0
4181,1001.0,21.0,1.0,100.0,80.0,,2.0,1.2,2633.55,5487311.9,210.0
4182,1001.0,21.0,1.0,100.0,80.0,,3.0,0.05,2633.6,5489945.5,210.0
4183,1001.0,21.0,1.0,100.0,80.0,,4.0,0.5125,2634.1125,5492579.6125,210.0
4184,1001.0,21.0,1.0,100.0,80.0,,5.0,0.9875,2635.1,5495214.7125,210.0
4185,1001.0,21.0,1.0,100.0,80.0,,6.0,0.4875,2635.5875,5497850.3,210.0
4186,1001.0,21.0,1.0,100.0,80.0,,7.0,0.4125,2636.0,5500486.3,210.0
4187,1001.0,21.0,1.0,100.0,80.0,,8.0,0.7875,2636.7875,5503123.0875,210.0
4188,1001.0,21.0,1.0,100.0,80.0,,9.0,0.6125,2637.4,5505760.4875,210.0
4189,1001.0,21.0,1.0,100.0,80.0,,10.0,0.925,2638.325,5508398.8125,210.0
4190,1001.0,21.0,1.0,100.0,80.0,,11.0,1.125,2639.45,5511038.2625,210.0
4191,1001.0,21.0,1.0,100.0,80.0,,12.0,1.1125,2640.5625,5513678.825,210.0
4192,1001.0,21.0,1.0,100.0,80.0,,13.0,0.7375,2641.3,5516320.125,210.0
4193,1001.0,21.0,1.0,100.0,80.0,,14.0,0.45,2641.75,5518961.875,210.0
4194,1001.0,21.0,1.0,100.0,80.0,,15.0,1.225,2642.975,5521604.85,210.0
4195,1001.0,21.0,1.0,100.0,80.0,,16.0,1.1125,2644.0875,5524248.9375,210.0
4196,1001.0,21.0,1.0,100.0,80.0,,17.0,0.0625,2644.15,5526893.0875,210.0
4197,1001.0,21.0,1.0,100.0,80.0,,18.0,0.7125,2644.8625,5529537.95,210.0
4198,1001.0,21.0,1.0,100.0,80.0,,19.0,0.9875,2645.85,5532183.8,210.0
4199,1001.0,21.0,1.0,100.0,80.0,,20.0,0.2625,2646.1125,5534829.9125,210.0
4200,1001.0,21.0,1.0,100.0,80.0,,1.0,0.5,2646.6125,5537476.525,211.0
4201,1001.0,21.0,1.0,100.0,80.0,,2.0,0.7375,2647.35,5540123.875,211.0
4202,1001.0,21.0,1.0,100.0,80.0,,3.0,0.2875,2647.6375,5542771.5125,211.0
4203,1001.0,21.0,1.0,100.0,80.0,,4.0,0.2125,2647.85,5545419.3625,211.0
4204,1001.0,21.0,1.0,100.0,80.0,,5.0,1.2375,2649.0875,5548068.45,211.0
4205,1001.0,21.0,1.0,100.0,80.0,,6.0,0.675,2649.7625,5550718.2125,211.0
4206,1001.0,21.0,1.0,100.0,80.0,,7.0,1.025,2650.7875,5553369.0,211.0
4207,1001.0,21.0,1.0,100.0,80.0,,8.0,0.25,2651.0375,5556020.0375,211.0
4208,1001.0,21.0,1.0,100.0,80.0,,9.0,1.075,2652.1125,5558672.15,211.0
4209,1001.0,21.0,1.0,100.0,80.0,,10.0,1.0875,2653.2,5561325.35,211.0
4210,1001.0,21.0,1.0,100.0,80.0,,11.0,0.65,2653.85,5563979.2,211.0
4211,1001.0,21.0,1.0,100.0,80.0,,12.0,0.975,2654.825,5566634.025,211.0
4212,1001.0,21.0,1.0,100.0,80.0,,13.0,1.0,2655.825,5569289.85,211.0
4213,1001.0,21.0,1.0,100.0,80.0,,14.0,0.3875,2656.2125,5571946.0625,211.0
4214,1001.0,21.0,1.0,100.0,80.0,,15.0,1.1125,2657.325,5574603.3875,211.0
4215,1001.0,21.0,1.0,100.0,80.0,,16.0,0.6,2657.925,5577261.3125,211.0
4216,1001.0,21.0,1.0,100.0,80.0,,17.0,1.075,2659.0,5579920.3125,211.0
4217,1001.0,21.0,1.0,100.0,80.0,,18.0,0.075,2659.075,5582579.3875,211.0
4218,1001.0,21.0,1.0,100.0,80.0,,19.0,0.3625,2659.4375,5585238.825,211.0
4219,1001.0,21.0,1.0,100.0,80.0,,20.0,0.6875,2660.125,5587898.95,211.0
4220,1001.0,21.0,1.0,100.0,80.0,,1.0,0.775,2660.9,5590559.85,212.0
4221,1001.0,21.0,1.0,100.0,80.0,,2.0,0.4125,2661.3125,5593221.1625,212.0
4222,1001.0,21.0,1.0,100.0,80.0,,3.0,0.2625,2661.575,5595882.7375,212.0
4223,1001.0,21.0,1.0,100.0,80.0,,4.0,0.775,2662.35,5598545.0875,212.0
4224,1001.0,21.0,1.0,100.0,80.0,,5.0,0.8875,2663.2375,5601208.325,212.0
4225,1001.0,21.0,1.0,100.0,80.0,,6.0,0.15,2663.3875,5603871.7125,212.0
4226,1001.0,21.0,1.0,100.0,80.0,,7.0,0.7125,2664.1,5606535.8125,212.0
4227,1001.0,21.0,1.0,100.0,80.0,,8.0,1.1125,2665.2125,5609201.025,212.0
4228,1001.0,21.0,1.0,100.0,80.0,,9.0,0.7625,2665.975,5611867.0,212.0
4229,1001.0,21.0,1.0,100.0,80.0,,10.0,0.3,2666.275,5614533.275,212.0
4230,1001.0,21.0,1.0,100.0,80.0,,11.0,0.025,2666.3,5617199.575,212.0
4231,1001.0,21.0,1.0,100.0,80.0,,12.0,0.925,2667.225,5619866.8,212.0
4232,1001.0,21.0,1.0,100.0,80.0,,13.0,0.8875,2668.1125,5622534.9125,212.0
4233,1001.0,21.0,1.0,100.0,80.0,,14.0,1.225,2669.3375,5625204.25,212.0
4234,1001.0,21.0,1.0,100.0,80.0,,15.0,0.425,2669.7625,5627874.0125,212.0
4235,1001.0,21.0,1.0,100.0,80.0,,16.0,1.1625,2670.925,5630544.9375,212.0
4236,1001.0,21.0,1.0,100.0,80.0,,17.0,0.45,2671.375,5633216.3125,212.0
4237,1001.0,21.0,1.0,100.0,80.0,,18.0,0.8,2672.175,5635888.4875,212.0
4238,1001.0,21.0,1.0,100.0,80.0,,19.0,1.125,2673.3,5638561.7875,212.0
4239,1001.0,21.0,1.0,100.0,80.0,,20.0,1.05,2674.35,5641236.1375,212.0
4240,1001.0,21.0,1.0,100.0,80.0,,1.0,0.55,2674.9,5643911.0375,213.0
4241,1001.0,21.0,1.0,100.0,80.0,,2.0,1.1875,2676.0875,5646587.125,213.0
4242,1001.0,21.0,1.0,100.0,80.0,,3.0,0.4125,2676.5,5649263.625,213.0
4243,1001.0,21.0,1.0,100.0,80.0,,4.0,1.1625,2677.6625,5651941.2875,213.0
4244,1001.0,21.0,1.0,100.0,80.0,,5.0,0.9,2678.5625,5654619.85,213.0
4245,1001.0,21.0,1.0,100.0,80.0,,6.0,0.1875,2678.75,5657298.6,213.0
4246,1001.0,21.0,1.0,100.0,80.0,,7.0,0.35,2679.1,5659977.7,213.0
4247,1001.0,21.0,1.0,100.0,80.0,,8.0,0.025,2679.125,5662656.825,213.0
4248,1001.0,21.0,1.0,100.0,80.0,,9.0,0.275,2679.4,5665336.225,213.0
4249,1001.0,21.0,1.0,100.0,80.0,,10.0,0.9375,2680.3375,5668016.5625,213.0
4250,1001.0,21.0,1.0,100.0,80.0,,11.0,1.1,2681.4375,5670698.0,213.0
4251,1001.0,21.0,1.0,100.0,80.0,,12.0,0.525,2681.9625,5673379.9625,213.0
4252,1001.0,21.0,1.0,100.0,80.0,,13.0,0.775,2682.7375,5676062.7,213.0
4253,1001.0,21.0,1.0,100.0,80.0,,14.0,0.7875,2683.525,5678746.225,213.0
4254,1001.0,21.0,1.0,100.0,80.0,,15.0,0.225,2683.75,5681429.975,213.0
4255,1001.0,21.0,1.0,100.0,80.0,,16.0,0.125,2683.875,5684113.85,213.0
4256,1001.0,21.0,1.0,100.0,80.0,,17.0,0.6375,2684.5125,5686798.3625,213.0
4257,1001.0,21.0,1.0,100.0,80.0,,18.0,0.4375,2684.95,5689483.3125,213.0
4258,1001.0,21.0,1.0,100.0,80.0,,19.0,0.3,2685.25,5692168.5625,213.0
4259,1001.0,21.0,1.0,100.0,80.0,,20.0,1.175,2686.425,5694854.9875,213.0
4260,1001.0,21.0,1.0,100.0,80.0,,1.0,0.1,2686.525,5697541.5125,214.0
4261,1001.0,21.0,1.0,100.0,80.0,,2.0,0.0625,2686.5875,5700228.1,214.0
4262,1001.0,21.0,1.0,100.0,80.0,,3.0,0.4625,2687.05,5702915.15,214.0
4263,1001.0,21.0,1.0,100.0,80.0,,4.0,0.7875,2687.8375,5705602.9875,214.0
4264,1001.0,21.0,1.0,100.0,80.0,,5.0,0.1875,2688.025,5708291.0125,214.0
4265,1001.0,21.0,1.0,100.0,80.0,,6.0,0.8,2688.825,5710979.8375,214.0
4266,1001.0,21.0,1.0,100.0,80.0,,7.0,1.05,2689.875,5713669.7125,214.0
4267,1001.0,21.0,1.0,100.0,80.0,,8.0,0.3,2690.175,5716359.8875,214.0
4268,1001.0,21.0,1.0,100.0,80.0,,9.0,1.1,2691.275,5719051.1625,214.0
4269,1001.0,21.0,1.0,100.0,80.0,,10.0,0.425,2691.7,5721742.8625,214.0
4270,1001.0,21.0,1.0,100.0,80.0,,11.0,0.3625,2692.0625,5724434.925,214.0
4271,1001.0,21.0,1.0,100.0,80.0,,12.0,0.475,2692.5375,5727127.4625,214.0
4272,1001.0,21.0,1.0,100.0,80.0,,13.0,0.65,2693.1875,5729820.65,214.0
4273,1001.0,21.0,1.0,100.0,80.0,,14.0,0.9,2694.0875,5732514.7375,214.0
4274,1001.0,21.0,1.0,100.0,80.0,,15.0,0.4375,2694.525,5735209.2625,214.0
4275,1001.0,21.0,1.0,100.0,80.0,,16.0,0.5875,2695.1125,5737904.375,214.0
4276,1001.0,21.0,1.0,100.0,80.0,,17.0,0.7,2695.8125,5740600.1875,214.0
4277,1001.0,21.0,1.0,100.0,80.0,,18.0,0.8125,2696.625,5743296.8125,214.0
4278,1001.0,21.0,1.0,100.0,80.0,,19.0,0.8625,2697.4875,5745994.3,214.0
4279,1001.0,21.0,1.0,100.0,80.0,,20.0,1.2375,2698.725,5748693.025,214.0
4280,1001.0,21.0,1.0,100.0,80.0,,1.0,0.6625,2699.3875,5751392.4125,215.0
4281,1001.0,21.0,1.0,100.0,80.0,,2.0,0.7,2700.0875,5754092.5,215.0
4282,1001.0,21.0,1.0,100.0,80.0,,3.0,0.15,2700.2375,5756792.7375,215.0
4283,1001.0,21.0,1.0,100.0,80.0,,4.0,0.7875,2701.025,5759493.7625,215.0
4284,1001.0,21.0,1.0,100.0,80.0,,5.0,0.8125,2701.8375,5762195.6,215.0
4285,1001.0,21.0,1.0,100.0,80.0,,6.0,1.025,2702.8625,5764898.4625,215.0
4286,1001.0,21.0,1.0,100.0,80.0,,7.0,0.9625,2703.825,5767602.2875,215.0
4287,1001.0,21.0,1.0,100.0,80.0,,8.0,0.725,2704.55,5770306.8375,215.0
4288,1001.0,21.0,1.0,100.0,80.0,,9.0,1.2375,2705.7875,5773012.625,215.0
4289,1001.0,21.0,1.0,100.0,80.0,,10.0,0.0625,2705.85,5775718.475,215.0
4290,1001.0,21.0,1.0,100.0,80.0,,11.0,0.6625,2706.5125,5778424.9875,215.0
4291,1001.0,21.0,1.0,100.0,80.0,,12.0,0.475,2706.9875,5781131.975,215.0
4292,1001.0,21.0,1.0,100.0,80.0,,13.0,0.6375,2707.625,5783839.6,215.0
4293,1001.0,21.0,1.0,100.0,80.0,,14.0,1.125,2708.75,5786548.35,215.0
4294,1001.0,21.0,1.0,100.0,80.0,,15.0,0.425,2709.175,5789257.525,215.0
4295,1001.0,21.0,1.0,100.0,80.0,,16.0,1.1625,2710.3375,5791967.8625,215.0
4296,1001.0,21.0,1.0,100.0,80.0,,17.0,0.15,2710.4875,5794678.35,215.0
4297,1001.0,21.0,1.0,100.0,80.0,,18.0,0.7625,2711.25,5797389.6,215.0
4298,1001.0,21.0,1.0,100.0,80.0,,19.0,1.025,2712.275,5800101.875,215.0
4299,1001.0,21.0,1.0,100.0,80.0,,20.0,0.7125,2712.9875,5802814.8625,215.0
4300,1001.0,21.0,1.0,100.0,80.0,,1.0,0.8375,2713.825,5805528.6875,216.0
4301,1001.0,21.0,1.0,100.0,80.0,,2.0,0.675,2714.5,5808243.1875,216.0
4302,1001.0,21.0,1.0,100.0,80.0,,3.0,1.0,2715.5,5810958.6875,216.0
4303,1001.0,21.0,1.0,100.0,80.0,,4.0,0.05,2715.55,5813674.2375,216.0
4304,1001.0,21.0,1.0,100.0,80.0,,5.0,0.1375,2715.6875,5816389.925,216.0
4305,1001.0,21.0,1.0,100.0,80.0,,6.0,0.7125,2716.4,5819106.325,216.0
4306,1001.0,21.0,1.0,100.0,80.0,,7.0,1.075,2717.475,5821823.8,216.0
4307,1001.0,21.0,1.0,100.0,80.0,,8.0,0.5375,2718.0125,5824541.8125,216.0
4308,1001.0,21.0,1.0,100.0,80.0,,9.0,0.9875,2719.0,5827260.8125,216.0
4309,1001.0,21.0,1.0,100.0,80.0,,10.0,0.975,2719.975,5829980.7875,216.0
4310,1001.0,21.0,1.0,100.0,80.0,,11.0,0.2125,2720.1875,5832700.975,216.0
4311,1001.0,21.0,1.0,100.0,80.0,,12.0,0.2875,2720.475,5835421.45,216.0
4312,1001.0,21.0,1.0,100.0,80.0,,13.0,1.1125,2721.5875,5838143.0375,216.0
4313,1001.0,21.0,1.0,100.0,80.0,,14.0,1.0,2722.5875,5840865.625,216.0
4314,1001.0,21.0,1.0,100.0,80.0,,15.0,0.2,2722.7875,5843588.4125,216.0
4315,1001.0,21.0,1.0,100.0,80.0,,16.0,1.1,2723.8875,5846312.3,216.0
4316,1001.0,21.0,1.0,100.0,80.0,,17.0,0.2875,2724.175,5849036.475,216.0
4317,1001.0,21.0,1.0,100.0,80.0,,18.0,0.425,2724.6,5851761.075,216.0
4318,1001.0,21.0,1.0,100.0,80.0,,19.0,0.975,2725.575,5854486.65,216.0
4319,1001.0,21.0,1.0,100.0,80.0,,20.0,0.1,2725.675,5857212.325,216.0
4320,1001.0,21.0,1.0,100.0,80.0,,1.0,0.0125,2725.6875,5859938.0125,217.0
4321,1001.0,21.0,1.0,100.0,80.0,,2.0,0.8625,2726.55,5862664.5625,217.0
4322,1001.0,21.0,1.0,100.0,80.0,,3.0,0.425,2726.975,5865391.5375,217.0
4323,1001.0,21.0,1.0,100.0,80.0,,4.0,0.6125,2727.5875,5868119.125,217.0
4324,1001.0,21.0,1.0,100.0,80.0,,5.0,0.9125,2728.5,5870847.625,217.0
4325,1001.0,21.0,1.0,100.0,80.0,,6.0,0.4125,2728.9125,5873576.5375,217.0
4326,1001.0,21.0,1.0,100.0,80.0,,7.0,0.0375,2728.95,5876305.4875,217.0
4327,1001.0,21.0,1.0,100.0,80.0,,8.0,0.925,2729.875,5879035.3625,217.0
4328,1001.0,21.0,1.0,100.0,80.0,,9.0,0.8625,2730.7375,5881766.1,217.0
4329,1001.0,21.0,1.0,100.0,80.0,,10.0,0.8375,2731.575,5884497.675,217.0
4330,1001.0,21.0,1.0,100.0,80.0,,11.0,0.0125,2731.5875,5887229.2625,217.0
4331,1001.0,21.0,1.0,100.0,80.0,,12.0,0.725,2732.3125,5889961.575,217.0
4332,1001.0,21.0,1.0,100.0,80.0,,13.0,0.6625,2732.975,5892694.55,217.0
4333,1001.0,21.0,1.0,100.0,80.0,,14.0,1.175,2734.15,5895428.7,217.0
4334,1001.0,21.0,1.0,100.0,80.0,,15.0,0.775,2734.925,5898163.625,217.0
4335,1001.0,21.0,1.0,100.0,80.0,,16.0,0.15,2735.075,5900898.7,217.0
4336,1001.0,21.0,1.0,100.0,80.0,,17.0,0.1875,2735.2625,5903633.9625,217.0
4337,1001.0,21.0,1.0,100.0,80.0,,18.0,0.575,2735.8375,5906369.8,217.0
4338,1001.0,21.0,1.0,100.0,80.0,,19.0,0.4625,2736.3,5909106.1,217.0
4339,1001.0,21.0,1.0,100.0,80.0,,20.0,0.575,2736.875,5911842.975,217.0
4340,1001.0,21.0,1.0,100.0,80.0,,1.0,0.075,2736.95,5914579.925,218.0
4341,1001.0,21.0,1.0,100.0,80.0,,2.0,0.8125,2737.7625,5917317.6875,218.0
4342,1001.0,21.0,1.0,100.0,80.0,,3.0,0.5875,2738.35,5920056.0375,218.0
4343,1001.0,21.0,1.0,100.0,80.0,,4.0,0.525,2738.875,5922794.9125,218.0
4344,1001.0,21.0,1.0,100.0,80.0,,5.0,0.9625,2739.8375,5925534.75,218.0
4345,1001.0,21.0,1.0,100.0,80.0,,6.0,0.3625,2740.2,5928274.95,218.0
4346,1001.0,21.0,1.0,100.0,80.0,,7.0,0.8125,2741.0125,5931015.9625,218.0
4347,1001.0,21.0,1.0,100.0,80.0,,8.0,1.125,2742.1375,5933758.1,218.0
4348,1001.0,21.0,1.0,100.0,80.0,,9.0,0.1125,2742.25,5936500.35,218.0
4349,1001.0,21.0,1.0,100.0,80.0,,10.0,0.3,2742.55,5939242.9,218.0
4350,1001.0,21.0,1.0,100.0,80.0,,11.0,0.575,2743.125,5941986.025,218.0
4351,1001.0,21.0,1.0,100.0,80.0,,12.0,0.925,2744.05,5944730.075,218.0
4352,1001.0,21.0,1.0,100.0,80.0,,13.0,0.4375,2744.4875,5947474.5625,218.0
4353,1001.0,21.0,1.0,100.0,80.0,,14.0,0.8375,2745.325,5950219.8875,218.0
4354,1001.0,21.0,1.0,100.0,80.0,,15.0,0.15,2745.475,5952965.3625,218.0
4355,1001.0,21.0,1.0,100.0,80.0,,16.0,0.8625,2746.3375,5955711.7,218.0
4356,1001.0,21.0,1.0,100.0,80.0,,17.0,0.2,2746.5375,5958458.2375,218.0
4357,1001.0,21.0,1.0,100.0,80.0,,18.0,0.05,2746.5875,5961204.825,218.0
4358,1001.0,21.0,1.0,100.0,80.0,,19.0,1.05,2747.6375,5963952.4625,218.0
4359,1001.0,21.0,1.0,100.0,80.0,,20.0,0.2875,2747.925,5966700.3875,218.0
4360,1001.0,21.0,1.0,100.0,80.0,,1.0,0.05,2747.975,5969448.3625,219.0
4361,1001.0,21.0,1.0,100.0,80.0,,2.0,1.025,2749.0,5972197.3625,219.0
4362,1001.0,21.0,1.0,100.0,80.0,,3.0,0.275,2749.275,5974946.6375,219.0
4363,1001.0,21.0,1.0,100.0,80.0,,4.0,1.0,2750.275,5977696.9125,219.0
4364,1001.0,21.0,1.0,100.0,80.0,,5.0,0.95,2751.225,5980448.1375,219.0
4365,1001.0,21.0,1.0,100.0,80.0,,6.0,1.025,2752.25,5983200.3875,219.0
4366,1001.0,21.0,1.0,100.0,80.0,,7.0,0.15,2752.4,5985952.7875,219.0
4367,1001.0,21.0,1.0,100.0,80.0,,8.0,0.3,2752.7,5988705.4875,219.0
4368,1001.0,21.0,1.0,100.0,80.0,,9.0,1.1,2753.8,5991459.2875,219.0
4369,1001.0,21.0,1.0,100.0,80.0,,10.0,1.15,2754.95,5994214.2375,219.0
4370,1001.0,21.0,1.0,100.0,80.0,,11.0,0.5125,2755.4625,5996969.7,219.0
4371,1001.0,21.0,1.0,100.0,80.0,,12.0,0.5,2755.9625,5999725.6625,219.0
4372,1001.0,21.0,1.0,100.0,80.0,,13.0,0.55,2756.5125,6002482.175,219.0
4373,1001.0,21.0,1.0,100.0,80.0,,14.0,0.8,2757.3125,6005239.4875,219.0
4374,1001.0,21.0,1.0,100.0,80.0,,15.0,0.8125,2758.125,6007997.6125,219.0
4375,1001.0,21.0,1.0,100.0,80.0,,16.0,0.1875,2758.3125,6010755.925,219.0
4376,1001.0,21.0,1.0,100.0,80.0,,17.0,0.4125,2758.725,6013514.65,219.0
4377,1001.0,21.0,1.0,100.0,80.0,,18.0,1.1375,2759.8625,6016274.5125,219.0
4378,1001.0,21.0,1.0,100.0,80.0,,19.0,1.0375,2760.9,6019035.4125,219.0
4379,1001.0,21.0,1.0,100.0,80.0,,20.0,0.9625,2761.8625,6021797.275,219.0
4380,1001.0,21.0,1.0,100.0,80.0,,1.0,0.775,2762.6375,6024559.9125,220.0
4381,1001.0,21.0,1.0,100.0,80.0,,2.0,1.125,2763.7625,6027323.675,220.0
4382,1001.0,21.0,1.0,100.0,80.0,,3.0,0.725,2764.4875,6030088.1625,220.0
4383,1001.0,21.0,1.0,100.0,80.0,,4.0,0.9375,2765.425,6032853.5875,220.0
4384,1001.0,21.0,1.0,100.0,80.0,,5.0,0.425,2765.85,6035619.4375,220.0
4385,1001.0,21.0,1.0,100.0,80.0,,6.0,0.675,2766.525,6038385.9625,220.0
4386,1001.0,21.0,1.0,100.0,80.0,,7.0,1.225,2767.75,6041153.7125,220.0
4387,1001.0,21.0,1.0,100.0,80.0,,8.0,0.2,2767.95,6043921.6625,220.0
4388,1001.0,21.0,1.0,100.0,80.0,,9.0,1.075,2769.025,6046690.6875,220.0
4389,1001.0,21.0,1.0,100.0,80.0,,10.0,0.475,2769.5,6049460.1875,220.0
4390,1001.0,21.0,1.0,100.0,80.0,,11.0,0.35,2769.85,6052230.0375,220.0
4391,1001.0,21.0,1.0,100.0,80.0,,12.0,0.8375,2770.6875,6055000.725,220.0
4392,1001.0,21.0,1.0,100.0,80.0,,13.0,0.75,2771.4375,6057772.1625,220.0
4393,1001.0,21.0,1.0,100.0,80.0,,14.0,0.8,2772.2375,6060544.4,220.0
4394,1001.0,21.0,1.0,100.0,80.0,,15.0,0.2875,2772.525,6063316.925,220.0
4395,1001.0,21.0,1.0,100.0,80.0,,16.0,1.1,2773.625,6066090.55,220.0
4396,1001.0,21.0,1.0,100.0,80.0,,17.0,1.1375,2774.7625,6068865.3125,220.0
4397,1001.0,21.0,1.0,100.0,80.0,,18.0,0.3125,2775.075,6071640.3875,220.0
4398,1001.0,21.0,1.0,100.0,80.0,,19.0,0.975,2776.05,6074416.4375,220.0
4399,1001.0,21.0,1.0,100.0,80.0,,20.0,1.1375,2777.1875,6077193.625,220.0
4400,1001.0,21.0,1.0,100.0,80.0,,1.0,0.075,2777.2625,6079970.8875,221.0
4401,1001.0,21.0,1.0,100.0,80.0,,2.0,0.25,2777.5125,6082748.4,221.0
4402,1001.0,21.0,1.0,100.0,80.0,,3.0,1.125,2778.6375,6085527.0375,221.0
4403,1001.0,21.0,1.0,100.0,80.0,,4.0,1.0625,2779.7,6088306.7375,221.0
4404,1001.0,21.0,1.0,100.0,80.0,,5.0,0.6,2780.3,6091087.0375,221.0
4405,1001.0,21.0,1.0,100.0,80.0,,6.0,0.8,2781.1,6093868.1375,221.0
4406,1001.0,21.0,1.0,100.0,80.0,,7.0,1.175,2782.275,6096650.4125,221.0
4407,1001.0,21.0,1.0,100.0,80.0,,8.0,0.7,2782.975,6099433.3875,221.0
4408,1001.0,21.0,1.0,100.0,80.0,,9.0,0.125,2783.1,6102216.4875,221.0
4409,1001.0,21.0,1.0,100.0,80.0,,10.0,0.075,2783.175,6104999.6625,221.0
4410,1001.0,21.0,1.0,100.0,80.0,,11.0,0.6,2783.775,6107783.4375,221.0
4411,1001.0,21.0,1.0,100.0,80.0,,12.0,1.0375,2784.8125,6110568.25,221.0
4412,1001.0,21.0,1.0,100.0,80.0,,13.0,0.325,2785.1375,6113353.3875,221.0
4413,1001.0,21.0,1.0,100.0,80.0,,14.0,0.7375,2785.875,6116139.2625,221.0
4414,1001.0,21.0,1.0,100.0,80.0,,15.0,1.2375,2787.1125,6118926.375,221.0
4415,1001.0,21.0,1.0,100.0,80.0,,16.0,0.9125,2788.025,6121714.4,221.0
4416,1001.0,21.0,1.0,100.0,80.0,,17.0,0.925,2788.95,6124503.35,221.0
4417,1001.0,21.0,1.0,100.0,80.0,,18.0,0.325,2789.275,6127292.625,221.0
4418,1001.0,21.0,1.0,100.0,80.0,,19.0,0.2875,2789.5625,6130082.1875,221.0
4419,1001.0,21.0,1.0,100.0,80.0,,20.0,0.325,2789.8875,6132872.075,221.0
4420,1001.0,21.0,1.0,100.0,80.0,,1.0,0.5125,2790.4,6135662.475,222.0
4421,1001.0,21.0,1.0,100.0,80.0,,2.0,0.2875,2790.6875,6138453.1625,222.0
4422,1001.0,21.0,1.0,100.0,80.0,,3.0,1.0875,2791.775,6141244.9375,222.0
4423,1001.0,21.0,1.0,100.0,80.0,,4.0,0.2125,2791.9875,6144036.925,222.0
4424,1001.0,21.0,1.0,100.0,80.0,,5.0,0.2,2792.1875,6146829.1125,222.0
4425,1001.0,21.0,1.0,100.0,80.0,,6.0,0.3875,2792.575,6149621.6875,222.0
4426,1001.0,21.0,1.0,100.0,80.0,,7.0,0.0125,2792.5875,6152414.275,222.0
4427,1001.0,21.0,1.0,100.0,80.0,,8.0,0.1625,2792.75,6155207.025,222.0
4428,1001.0,21.0,1.0,100.0,80.0,,9.0,0.725,2793.475,6158000.5,222.0
4429,1001.0,21.0,1.0,100.0,80.0,,10.0,1.1,2794.575,6160795.075,222.0
4430,1001.0,21.0,1.0,100.0,80.0,,11.0,0.325,2794.9,6163589.975,222.0
4431,1001.0,21.0,1.0,100.0,80.0,,12.0,0.8875,2795.7875,6166385.7625,222.0
4432,1001.0,21.0,1.0,100.0,80.0,,13.0,0.4375,2796.225,6169181.9875,222.0
4433,1001.0,21.0,1.0,100.0,80.0,,14.0,0.225,2796.45,6171978.4375,222.0
4434,1001.0,21.0,1.0,100.0,80.0,,15.0,0.0625,2796.5125,6174774.95,222.0
4435,1001.0,21.0,1.0,100.0,80.0,,16.0,0.175,2796.6875,6177571.6375,222.0
4436,1001.0,21.0,1.0,100.0,80.0,,17.0,1.05,2797.7375,6180369.375,222.0
4437,1001.0,21.0,1.0,100.0,80.0,,18.0,1.2375,2798.975,6183168.35,222.0
4438,1001.0,21.0,1.0,100.0,80.0,,19.0,0.6625,2799.6375,6185967.9875,222.0
4439,1001.0,21.0,1.0,100.0,80.0,,20.0,0.4625,2800.1,6188768.0875,222.0
4440,1001.0,21.0,1.0,100.0,80.0,,1.0,0.2375,2800.3375,6191568.425,223.0
4441,1001.0,21.0,1.0,100.0,80.0,,2.0,0.2375,2800.575,6194369.0,223.0
4442,1001.0,21.0,1.0,100.0,80.0,,3.0,1.075,2801.65,6197170.65,223.0
4443,1001.0,21.0,1.0,100.0,80.0,,4.0,1.1,2802.75,6199973.4,223.0
4444,1001.0,21.0,1.0,100.0,80.0,,5.0,0.2125,2802.9625,6202776.3625,223.0
4445,1001.0,21.0,1.0,100.0,80.0,,6.0,0.5375,2803.5,6205579.8625,223.0
4446,1001.0,21.0,1.0,100.0,80.0,,7.0,0.65,2804.15,6208384.0125,223.0
4447,1001.0,21.0,1.0,100.0,80.0,,8.0,0.05,2804.2,6211188.2125,223.0
4448,1001.0,21.0,1.0,100.0,80.0,,9.0,0.6125,2804.8125,6213993.025,223.0
4449,1001.0,21.0,1.0,100.0,80.0,,10.0,0.9125,2805.725,6216798.75,223.0
4450,1001.0,21.0,1.0,100.0,80.0,,11.0,0.9125,2806.6375,6219605.3875,223.0
4451,1001.0,21.0,1.0,100.0,80.0,,12.0,1.1875,2807.825,6222413.2125,223.0
4452,1001.0,21.0,1.0,100.0,80.0,,13.0,0.85,2808.675,6225221.8875,223.0
4453,1001.0,21.0,1.0,100.0,80.0,,14.0,0.375,2809.05,6228030.9375,223.0
4454,1001.0,21.0,1.0,100.0,80.0,,15.0,0.95,2810.0,6230840.9375,223.0
4455,1001.0,21.0,1.0,100.0,80.0,,16.0,0.1375,2810.1375,6233651.075,223.0
4456,1001.0,21.0,1.0,100.0,80.0,,17.0,0.8875,2811.025,6236462.1,223.0
4457,1001.0,21.0,1.0,100.0,80.0,,18.0,0.7625,2811.7875,6239273.8875,223.0
4458,1001.0,21.0,1.0,100.0,80.0,,19.0,0.5625,2812.35,6242086.2375,223.0
4459,1001.0,21.0,1.0,100.0,80.0,,20.0,0.0625,2812.4125,6244898.65,223.0
4460,1001.0,21.0,1.0,100.0,80.0,,1.0,0.9375,2813.35,6247712.0,224.0
4461,1001.0,21.0,1.0,100.0,80.0,,2.0,0.9,2814.25,6250526.25,224.0
4462,1001.0,21.0,1.0,100.0,80.0,,3.0,0.8375,2815.0875,6253341.3375,224.0
4463,1001.0,21.0,1.0,100.0,80.0,,4.0,1.2125,2816.3,6256157.6375,224.0
4464,1001.0,21.0,1.0,100.0,80.0,,5.0,0.0375,2816.3375,6258973.975,224.0
4465,1001.0,21.0,1.0,100.0,80.0,,6.0,0.15,2816.4875,6261790.4625,224.0
4466,1001.0,21.0,1.0,100.0,80.0,,7.0,0.9125,2817.4,6264607.8625,224.0
4467,1001.0,21.0,1.0,100.0,80.0,,8.0,0.3875,2817.7875,6267425.65,224.0
4468,1001.0,21.0,1.0,100.0,80.0,,9.0,0.8875,2818.675,6270244.325,224.0
4469,1001.0,21.0,1.0,100.0,80.0,,10.0,0.9625,2819.6375,6273063.9625,224.0
4470,1001.0,21.0,1.0,100.0,80.0,,11.0,1.1875,2820.825,6275884.7875,224.0
4471,1001.0,21.0,1.0,100.0,80.0,,12.0,0.05,2820.875,6278705.6625,224.0
4472,1001.0,21.0,1.0,100.0,80.0,,13.0,0.125,2821.0,6281526.6625,224.0
4473,1001.0,21.0,1.0,100.0,80.0,,14.0,0.6875,2821.6875,6284348.35,224.0
4474,1001.0,21.0,1.0,100.0,80.0,,15.0,0.8125,2822.5,6287170.85,224.0
4475,1001.0,21.0,1.0,100.0,80.0,,16.0,0.2,2822.7,6289993.55,224.0
4476,1001.0,21.0,1.0,100.0,80.0,,17.0,0.6125,2823.3125,6292816.8625,224.0
4477,1001.0,21.0,1.0,100.0,80.0,,18.0,1.2,2824.5125,6295641.375,224.0
4478,1001.0,21.0,1.0,100.0,80.0,,19.0,0.6375,2825.15,6298466.525,224.0
4479,1001.0,21.0,1.0,100.0,80.0,,20.0,1.1125,2826.2625,6301292.7875,224.0
4480,1001.0,21.0,1.0,100.0,80.0,,1.0,1.175,2827.4375,6304120.225,225.0
4481,1001.0,21.0,1.0,100.0,80.0,,2.0,0.325,2827.7625,6306947.9875,225.0
4482,1001.0,21.0,1.0,100.0,80.0,,3.0,0.2,2827.9625,6309775.95,225.0
4483,1001.0,21.0,1.0,100.0,80.0,,4.0,0.2125,2828.175,6312604.125,225.0
4484,1001.0,21.0,1.0,100.0,80.0,,5.0,1.075,2829.25,6315433.375,225.0
4485,1001.0,21.0,1.0,100.0,80.0,,6.0,0.975,2830.225,6318263.6,225.0
4486,1001.0,21.0,1.0,100.0,80.0,,7.0,0.625,2830.85,6321094.45,225.0
4487,1001.0,21.0,1.0,100.0,80.0,,8.0,0.2125,2831.0625,6323925.5125,225.0
4488,1001.0,21.0,1.0,100.0,80.0,,9.0,1.2,2832.2625,6326757.775,225.0
4489,1001.0,21.0,1.0,100.0,80.0,,10.0,1.1375,2833.4,6329591.175,225.0
4490,1001.0,21.0,1.0,100.0,80.0,,11.0,0.8125,2834.2125,6332425.3875,225.0
4491,1001.0,21.0,1.0,100.0,80.0,,12.0,0.6625,2834.875,6335260.2625,225.0
4492,1001.0,21.0,1.0,100.0,80.0,,13.0,0.95,2835.825,6338096.0875,225.0
4493,1001.0,21.0,1.0,100.0,80.0,,14.0,0.8625,2836.6875,6340932.775,225.0
4494,1001.0,21.0,1.0,100.0,80.0,,15.0,1.125,2837.8125,6343770.5875,225.0
4495,1001.0,21.0,1.0,100.0,80.0,,16.0,0.25,2838.0625,6346608.65,225.0
4496,1001.0,21.0,1.0,100.0,80.0,,17.0,0.425,2838.4875,6349447.1375,225.0
4497,1001.0,21.0,1.0,100.0,80.0,,18.0,1.025,2839.5125,6352286.65,225.0
4498,1001.0,21.0,1.0,100.0,80.0,,19.0,0.0625,2839.575,6355126.225,225.0
4499,1001.0,21.0,1.0,100.0,80.0,,20.0,0.2125,2839.7875,6357966.0125,225.0
4500,1001.0,21.0,1.0,100.0,80.0,,1.0,1.2125,2841.0,6360807.0125,226.0
4501,1001.0,21.0,1.0,100.0,80.0,,2.0,0.55,2841.55,6363648.5625,226.0
4502,1001.0,21.0,1.0,100.0,80.0,,3.0,0.925,2842.475,6366491.0375,226.0
4503,1001.0,21.0,1.0,100.0,80.0,,4.0,0.375,2842.85,6369333.8875,226.0
4504,1001.0,21.0,1.0,100.0,80.0,,5.0,0.9125,2843.7625,6372177.65,226.0
4505,1001.0,21.0,1.0,100.0,80.0,,6.0,0.8625,2844.625,6375022.275,226.0
4506,1001.0,21.0,1.0,100.0,80.0,,7.0,0.0625,2844.6875,6377866.9625,226.0
4507,1001.0,21.0,1.0,100.0,80.0,,8.0,1.1625,2845.85,6380712.8125,226.0
4508,1001.0,21.0,1.0,100.0,80.0,,9.0,0.2875,2846.1375,6383558.95,226.0
4509,1001.0,21.0,1.0,100.0,80.0,,10.0,0.775,2846.9125,6386405.8625,226.0
4510,1001.0,21.0,1.0,100.0,80.0,,11.0,0.8125,2847.725,6389253.5875,226.0
4511,1001.0,21.0,1.0,100.0,80.0,,12.0,0.6625,2848.3875,6392101.975,226.0
4512,1001.0,21.0,1.0,100.0,80.0,,13.0,1.1375,2849.525,6394951.5,226.0
4513,1001.0,21.0,1.0,100.0,80.0,,14.0,0.5375,2850.0625,6397801.5625,226.0
4514,1001.0,21.0,1.0,100.0,80.0,,15.0,0.0625,2850.125,6400651.6875,226.0
4515,1001.0,21.0,1.0,100.0,80.0,,16.0,0.875,2851.0,6403502.6875,226.0
4516,1001.0,21.0,1.0,100.0,80.0,,17.0,1.0,2852.0,6406354.6875,226.0
4517,1001.0,21.0,1.0,100.0,80.0,,18.0,0.025,2852.025,6409206.7125,226.0
4518,1001.0,21.0,1.0,100.0,80.0,,19.0,0.525,2852.55,6412059.2625,226.0
4519,1001.0,21.0,1.0,100.0,80.0,,20.0,0.9,2853.45,6414912.7125,226.0
4520,1001.0,21.0,1.0,100.0,80.0,,1.0,0.8125,2854.2625,6417766.975,227.0
4521,1001.0,21.0,1.0,100.0,80.0,,2.0,0.3,2854.5625,6420621.5375,227.0
4522,1001.0,21.0,1.0,100.0,80.0,,3.0,0.5,2855.0625,6423476.6,227.0
4523,1001.0,21.0,1.0,100.0,80.0,,4.0,0.3125,2855.375,6426331.975,227.0
4524,1001.0,21.0,1.0,100.0,80.0,,5.0,0.05,2855.425,6429187.4,227.0
4525,1001.0,21.0,1.0,100.0,80.0,,6.0,0.7625,2856.1875,6432043.5875,227.0
4526,1001.0,21.0,1.0,100.0,80.0,,7.0,0.4375,2856.625,6434900.2125,227.0
4527,1001.0,21.0,1.0,100.0,80.0,,8.0,0.8,2857.425,6437757.6375,227.0
4528,1001.0,21.0,1.0,100.0,80.0,,9.0,0.1,2857.525,6440615.1625,227.0
4529,1001.0,21.0,1.0,100.0,80.0,,10.0,1.1875,2858.7125,6443473.875,227.0
4530,1001.0,21.0,1.0,100.0,80.0,,11.0,0.3375,2859.05,6446332.925,227.0
4531,1001.0,21.0,1.0,100.0,80.0,,12.0,0.3125,2859.3625,6449192.2875,227.0
4532,1001.0,21.0,1.0,100.0,80.0,,13.0,0.2375,2859.6,6452051.8875,227.0
4533,1001.0,21.0,1.0,100.0,80.0,,14.0,0.6625,2860.2625,6454912.15,227.0
4534,1001.0,21.0,1.0,100.0,80.0,,15.0,0.725,2860.9875,6457773.1375,227.0
4535,1001.0,21.0,1.0,100.0,80.0,,16.0,0.7375,2861.725,6460634.8625,227.0
4536,1001.0,21.0,1.0,100.0,80.0,,17.0,0.65,2862.375,6463497.2375,227.0
4537,1001.0,21.0,1.0,100.0,80.0,,18.0,0.7875,2863.1625,6466360.4,227.0
4538,1001.0,21.0,1.0,100.0,80.0,,19.0,0.075,2863.2375,6469223.6375,227.0
4539,1001.0,21.0,1.0,100.0,80.0,,20.0,1.225,2864.4625,6472088.1,227.0
4540,1001.0,21.0,1.0,100.0,80.0,,1.0,0.2875,2864.75,6474952.85,228.0
4541,1001.0,21.0,1.0,100.0,80.0,,2.0,0.5625,2865.3125,6477818.1625,228.0
4542,1001.0,21.0,1.0,100.0,80.0,,3.0,1.1125,2866.425,6480684.5875,228.0
4543,1001.0,21.0,1.0,100.0,80.0,,4.0,0.7125,2867.1375,6483551.725,228.0
4544,1001.0,21.0,1.0,100.0,80.0,,5.0,0.4125,2867.55,6486419.275,228.0
4545,1001.0,21.0,1.0,100.0,80.0,,6.0,0.35,2867.9,6489287.175,228.0
4546,1001.0,21.0,1.0,100.0,80.0,,7.0,0.5,2868.4,6492155.575,228.0
4547,1001.0,21.0,1.0,100.0,80.0,,8.0,0.45,2868.85,6495024.425,228.0
4548,1001.0,21.0,1.0,100.0,80.0,,9.0,0.975,2869.825,6497894.25,228.0
4549,1001.0,21.0,1.0,100.0,80.0,,10.0,1.1375,2870.9625,6500765.2125,228.0
4550,1001.0,21.0,1.0,100.0,80.0,,11.0,0.675,2871.6375,6503636.85,228.0
4551,1001.0,21.0,1.0,100.0,80.0,,12.0,0.2625,2871.9,6506508.75,228.0
4552,1001.0,21.0,1.0,100.0,80.0,,13.0,0.2,2872.1,6509380.85,228.0
4553,1001.0,21.0,1.0,100.0,80.0,,14.0,1.0625,2873.1625,6512254.0125,228.0
4554,1001.0,21.0,1.0,100.0,80.0,,15.0,1.1875,2874.35,6515128.3625,228.0
4555,1001.0,21.0,1.0,100.0,80.0,,16.0,1.025,2875.375,6518003.7375,228.0
4556,1001.0,21.0,1.0,100.0,80.0,,17.0,0.15,2875.525,6520879.2625,228.0
4557,1001.0,21.0,1.0,100.0,80.0,,18.0,0.675,2876.2,6523755.4625,228.0
4558,1001.0,21.0,1.0,100.0,80.0,,19.0,0.9875,2877.1875,6526632.65,228.0
4559,1001.0,21.0,1.0,100.0,80.0,,20.0,1.2,2878.3875,6529511.0375,228.0
4560,1001.0,21.0,1.0,100.0,80.0,,1.0,0.9,2879.2875,6532390.325,229.0
4561,1001.0,21.0,1.0,100.0,80.0,,2.0,0.9375,2880.225,6535270.55,229.0
4562,1001.0,21.0,1.0,100.0,80.0,,3.0,0.6125,2880.8375,6538151.3875,229.0
4563,1001.0,21.0,1.0,100.0,80.0,,4.0,0.375,2881.2125,6541032.6,229.0
4564,1001.0,21.0,1.0,100.0,80.0,,5.0,1.0625,2882.275,6543914.875,229.0
4565,1001.0,21.0,1.0,100.0,80.0,,6.0,0.6125,2882.8875,6546797.7625,229.0
4566,1001.0,21.0,1.0,100.0,80.0,,7.0,0.475,2883.3625,6549681.125,229.0
4567,1001.0,21.0,1.0,100.0,80.0,,8.0,1.175,2884.5375,6552565.6625,229.0
4568,1001.0,21.0,1.0,100.0,80.0,,9.0,1.2,2885.7375,6555451.4,229.0
4569,1001.0,21.0,1.0,100.0,80.0,,10.0,1.1625,2886.9,6558338.3,229.0
4570,1001.0,21.0,1.0,100.0,80.0,,11.0,0.8,2887.7,6561226.0,229.0
4571,1001.0,21.0,1.0,100.0,80.0,,12.0,1.1375,2888.8375,6564114.8375,229.0
4572,1001.0,21.0,1.0,100.0,80.0,,13.0,0.5,2889.3375,6567004.175,229.0
4573,1001.0,21.0,1.0,100.0,80.0,,14.0,0.1875,2889.525,6569893.7,229.0
4574,1001.0,21.0,1.0,100.0,80.0,,15.0,0.1125,2889.6375,6572783.3375,229.0
4575,1001.0,21.0,1.0,100.0,80.0,,16.0,0.9125,2890.55,6575673.8875,229.0
4576,1001.0,21.0,1.0,100.0,80.0,,17.0,1.0875,2891.6375,6578565.525,229.0
4577,1001.0,21.0,1.0,100.0,80.0,,18.0,1.1,2892.7375,6581458.2625,229.0
4578,1001.0,21.0,1.0,100.0,80.0,,19.0,0.75,2893.4875,6584351.75,229.0
4579,1001.0,21.0,1.0,100.0,80.0,,20.0,0.9875,2894.475,6587246.225,229.0
4580,1001.0,21.0,1.0,100.0,80.0,,1.0,0.4125,2894.8875,6590141.1125,230.0
4581,1001.0,21.0,1.0,100.0,80.0,,2.0,0.55,2895.4375,6593036.55,230.0
4582,1001.0,21.0,1.0,100.0,80.0,,3.0,1.0875,2896.525,6595933.075,230.0
4583,1001.0,21.0,1.0,100.0,80.0,,4.0,0.8625,2897.3875,6598830.4625,230.0
4584,1001.0,21.0,1.0,100.0,80.0,,5.0,0.9875,2898.375,6601728.8375,230.0
4585,1001.0,21.0,1.0,100.0,80.0,,6.0,0.0125,2898.3875,6604627.225,230.0
4586,1001.0,21.0,1.0,100.0,80.0,,7.0,0.425,2898.8125,6607526.0375,230.0
4587,1001.0,21.0,1.0,100.0,80.0,,8.0,0.5,2899.3125,6610425.35,230.0
4588,1001.0,21.0,1.0,100.0,80.0,,9.0,0.0375,2899.35,6613324.7,230.0
4589,1001.0,21.0,1.0,100.0,80.0,,10.0,1.2125,2900.5625,6616225.2625,230.0
4590,1001.0,21.0,1.0,100.0,80.0,,11.0,0.7625,2901.325,6619126.5875,230.0
4591,1001.0,21.0,1.0,100.0,80.0,,12.0,0.1625,2901.4875,6622028.075,230.0
4592,1001.0,21.0,1.0,100.0,80.0,,13.0,0.8875,2902.375,6624930.45,230.0
4593,1001.0,21.0,1.0,100.0,80.0,,14.0,0.625,2903.0,6627833.45,230.0
4594,1001.0,21.0,1.0,100.0,80.0,,15.0,0.6125,2903.6125,6630737.0625,230.0
4595,1001.0,21.0,1.0,100.0,80.0,,16.0,1.2,2904.8125,6633641.875,230.0
4596,1001.0,21.0,1.0,100.0,80.0,,17.0,0.3,2905.1125,6636546.9875,230.0
4597,1001.0,21.0,1.0,100.0,80.0,,18.0,0.15,2905.2625,6639452.25,230.0
4598,1001.0,21.0,1.0,100.0,80.0,,19.0,0.65,2905.9125,6642358.1625,230.0
4599,1001.0,21.0,1.0,100.0,80.0,,20.0,1.0875,2907.0,6645265.1625,230.0
4600,1001.0,21.0,1.0,100.0,80.0,,1.0,0.2125,2907.2125,6648172.375,231.0
4601,1001.0,21.0,1.0,100.0,80.0,,2.0,0.5375,2907.75,6651080.125,231.0
4602,1001.0,21.0,1.0,100.0,80.0,,3.0,0.225,2907.975,6653988.1,231.0
4603,1001.0,21.0,1.0,100.0,80.0,,4.0,1.175,2909.15,6656897.25,231.0
4604,1001.0,21.0,1.0,100.0,80.0,,5.0,0.4875,2909.6375,6659806.8875,231.0
4605,1001.0,21.0,1.0,100.0,80.0,,6.0,0.0875,2909.725,6662716.6125,231.0
4606,1001.0,21.0,1.0,100.0,80.0,,7.0,0.0125,2909.7375,6665626.35,231.0
4607,1001.0,21.0,1.0,100.0,80.0,,8.0,0.0375,2909.775,6668536.125,231.0
4608,1001.0,21.0,1.0,100.0,80.0,,9.0,1.0125,2910.7875,6671446.9125,231.0
4609,1001.0,21.0,1.0,100.0,80.0,,10.0,1.15,2911.9375,6674358.85,231.0
4610,1001.0,21.0,1.0,100.0,80.0,,11.0,0.0625,2912.0,6677270.85,231.0
4611,1001.0,21.0,1.0,100.0,80.0,,12.0,1.0375,2913.0375,6680183.8875,231.0
4612,1001.0,21.0,1.0,100.0,80.0,,13.0,0.7375,2913.775,6683097.6625,231.0
4613,1001.0,21.0,1.0,100.0,80.0,,14.0,0.15,2913.925,6686011.5875,231.0
4614,1001.0,21.0,1.0,100.0,80.0,,15.0,0.9625,2914.8875,6688926.475,231.0
4615,1001.0,21.0,1.0,100.0,80.0,,16.0,0.15,2915.0375,6691841.5125,231.0
4616,1001.0,21.0,1.0,100.0,80.0,,17.0,0.65,2915.6875,6694757.2,231.0
4617,1001.0,21.0,1.0,100.0,80.0,,18.0,1.1625,2916.85,6697674.05,231.0
4618,1001.0,21.0,1.0,100.0,80.0,,19.0,0.45,2917.3,6700591.35,231.0
4619,1001.0,21.0,1.0,100.0,80.0,,20.0,0.5625,2917.8625,6703509.2125,231.0
4620,1001.0,21.0,1.0,100.0,80.0,,1.0,0.2375,2918.1,6706427.3125,232.0
4621,1001.0,21.0,1.0,100.0,80.0,,2.0,0.1875,2918.2875,6709345.6,232.0
4622,1001.0,21.0,1.0,100.0,80.0,,3.0,0.875,2919.1625,6712264.7625,232.0
4623,1001.0,21.0,1.0,100.0,80.0,,4.0,0.4625,2919.625,6715184.3875,232.0
4624,1001.0,21.0,1.0,100.0,80.0,,5.0,0.9375,2920.5625,6718104.95,232.0
4625,1001.0,21.0,1.0,100.0,80.0,,6.0,0.9875,2921.55,6721026.5,232.0
4626,1001.0,21.0,1.0,100.0,80.0,,7.0,1.1,2922.65,6723949.15,232.0
4627,1001.0,21.0,1.0,100.0,80.0,,8.0,0.1875,2922.8375,6726871.9875,232.0
4628,1001.0,21.0,1.0,100.0,80.0,,9.0,0.1,2922.9375,6729794.925,232.0
4629,1001.0,21.0,1.0,100.0,80.0,,10.0,0.0375,2922.975,6732717.9,232.0
4630,1001.0,21.0,1.0,100.0,80.0,,11.0,1.0,2923.975,6735641.875,232.0
4631,1001.0,21.0,1.0,100.0,80.0,,12.0,0.8,2924.775,6738566.65,232.0
4632,1001.0,21.0,1.0,100.0,80.0,,13.0,0.8,2925.575,6741492.225,232.0
4633,1001.0,21.0,1.0,100.0,80.0,,14.0,0.7375,2926.3125,6744418.5375,232.0
4634,1001.0,21.0,1.0,100.0,80.0,,15.0,0.1375,2926.45,6747344.9875,232.0
4635,1001.0,21.0,1.0,100.0,80.0,,16.0,1.2375,2927.6875,6750272.675,232.0
4636,1001.0,21.0,1.0,100.0,80.0,,17.0,0.1,2927.7875,6753200.4625,232.0
4637,1001.0,21.0,1.0,100.0,80.0,,18.0,0.625,2928.4125,6756128.875,232.0
4638,1001.0,21.0,1.0,100.0,80.0,,19.0,0.975,2929.3875,6759058.2625,232.0
4639,1001.0,21.0,1.0,100.0,80.0,,20.0,0.1625,2929.55,6761987.8125,232.0
4640,1001.0,21.0,1.0,100.0,80.0,,1.0,0.725,2930.275,6764918.0875,233.0
4641,1001.0,21.0,1.0,100.0,80.0,,2.0,0.075,2930.35,6767848.4375,233.0
4642,1001.0,21.0,1.0,100.0,80.0,,3.0,0.3625,2930.7125,6770779.15,233.0
4643,1001.0,21.0,1.0,100.0,80.0,,4.0,0.3,2931.0125,6773710.1625,233.0
4644,1001.0,21.0,1.0,100.0,80.0,,5.0,1.225,2932.2375,6776642.4,233.0
4645,1001.0,21.0,1.0,100.0,80.0,,6.0,1.2,2933.4375,6779575.8375,233.0
4646,1001.0,21.0,1.0,100.0,80.0,,7.0,1.0125,2934.45,6782510.2875,233.0
4647,1001.0,21.0,1.0,100.0,80.0,,8.0,0.4875,2934.9375,6785445.225,233.0
4648,1001.0,21.0,1.0,100.0,80.0,,9.0,0.2875,2935.225,6788380.45,233.0
4649,1001.0,21.0,1.0,100.0,80.0,,10.0,1.0875,2936.3125,6791316.7625,233.0
4650,1001.0,21.0,1.0,100.0,80.0,,11.0,0.4,2936.7125,6794253.475,233.0
4651,1001.0,21.0,1.0,100.0,80.0,,12.0,0.3,2937.0125,6797190.4875,233.0
4652,1001.0,21.0,1.0,100.0,80.0,,13.0,0.175,2937.1875,6800127.675,233.0
4653,1001.0,21.0,1.0,100.0,80.0,,14.0,0.7625,2937.95,6803065.625,233.0
4654,1001.0,21.0,1.0,100.0,80.0,,15.0,0.6,2938.55,6806004.175,233.0
4655,1001.0,21.0,1.0,100.0,80.0,,16.0,0.3625,2938.9125,6808943.0875,233.0
4656,1001.0,21.0,1.0,100.0,80.0,,17.0,0.9375,2939.85,6811882.9375,233.0
4657,1001.0,21.0,1.0,100.0,80.0,,18.0,0.5,2940.35,6814823.2875,233.0
4658,1001.0,21.0,1.0,100.0,80.0,,19.0,0.375,2940.725,6817764.0125,233.0
4659,1001.0,21.0,1.0,100.0,80.0,,20.0,0.975,2941.7,6820705.7125,233.0
4660,1001.0,21.0,1.0,100.0,80.0,,1.0,0.4875,2942.1875,6823647.9,234.0
4661,1001.0,21.0,1.0,100.0,80.0,,2.0,0.25,2942.4375,6826590.3375,234.0
4662,1001.0,21.0,1.0,100.0,80.0,,3.0,0.425,2942.8625,6829533.2,234.0
4663,1001.0,21.0,1.0,100.0,80.0,,4.0,0.8875,2943.75,6832476.95,234.0
4664,1001.0,21.0,1.0,100.0,80.0,,5.0,0.025,2943.775,6835420.725,234.0
4665,1001.0,21.0,1.0,100.0,80.0,,6.0,0.8,2944.575,6838365.3,234.0
4666,1001.0,21.0,1.0,100.0,80.0,,7.0,1.2125,2945.7875,6841311.0875,234.0
4667,1001.0,21.0,1.0,100.0,80.0,,8.0,0.6,2946.3875,6844257.475,234.0
4668,1001.0,21.0,1.0,100.0,80.0,,9.0,0.3,2946.6875,6847204.1625,234.0
4669,1001.0,21.0,1.0,100.0,80.0,,10.0,0.2,2946.8875,6850151.05,234.0
4670,1001.0,21.0,1.0,100.0,80.0,,11.0,0.6125,2947.5,6853098.55,234.0
4671,1001.0,21.0,1.0,100.0,80.0,,12.0,0.7625,2948.2625,6856046.8125,234.0
4672,1001.0,21.0,1.0,100.0,80.0,,13.0,1.1875,2949.45,6858996.2625,234.0
4673,1001.0,21.0,1.0,100.0,80.0,,14.0,0.325,2949.775,6861946.0375,234.0
4674,1001.0,21.0,1.0,100.0,80.0,,15.0,0.975,2950.75,6864896.7875,234.0
4675,1001.0,21.0,1.0,100.0,80.0,,16.0,0.85,2951.6,6867848.3875,234.0
4676,1001.0,21.0,1.0,100.0,80.0,,17.0,1.0125,2952.6125,6870801.0,234.0
4677,1001.0,21.0,1.0,100.0,80.0,,18.0,0.3375,2952.95,6873753.95,234.0
4678,1001.0,21.0,1.0,100.0,80.0,,19.0,0.85,2953.8,6876707.75,234.0
4679,1001.0,21.0,1.0,100.0,80.0,,20.0,0.4125,2954.2125,6879661.9625,234.0
4680,1001.0,21.0,1.0,100.0,80.0,,1.0,0.9625,2955.175,6882617.1375,235.0
4681,1001.0,21.0,1.0,100.0,80.0,,2.0,0.375,2955.55,6885572.6875,235.0
4682,1001.0,21.0,1.0,100.0,80.0,,3.0,0.9125,2956.4625,6888529.15,235.0
4683,1001.0,21.0,1.0,100.0,80.0,,4.0,0.15,2956.6125,6891485.7625,235.0
4684,1001.0,21.0,1.0,100.0,80.0,,5.0,0.8875,2957.5,6894443.2625,235.0
4685,1001.0,21.0,1.0,100.0,80.0,,6.0,0.6,2958.1,6897401.3625,235.0
4686,1001.0,21.0,1.0,100.0,80.0,,7.0,0.7625,2958.8625,6900360.225,235.0
4687,1001.0,21.0,1.0,100.0,80.0,,8.0,0.4375,2959.3,6903319.525,235.0
4688,1001.0,21.0,1.0,100.0,80.0,,9.0,0.9375,2960.2375,6906279.7625,235.0
4689,1001.0,21.0,1.0,100.0,80.0,,10.0,1.0,2961.2375,6909241.0,235.0
4690,1001.0,21.0,1.0,100.0,80.0,,11.0,0.5875,2961.825,6912202.825,235.0
4691,1001.0,21.0,1.0,100.0,80.0,,12.0,0.975,2962.8,6915165.625,235.0
4692,1001.0,21.0,1.0,100.0,80.0,,13.0,0.1625,2962.9625,6918128.5875,235.0
4693,1001.0,21.0,1.0,100.0,80.0,,14.0,1.0125,2963.975,6921092.5625,235.0
4694,1001.0,21.0,1.0,100.0,80.0,,15.0,1.15,2965.125,6924057.6875,235.0
4695,1001.0,21.0,1.0,100.0,80.0,,16.0,1.0375,2966.1625,6927023.85,235.0
4696,1001.0,21.0,1.0,100.0,80.0,,17.0,0.5875,2966.75,6929990.6,235.0
4697,1001.0,21.0,1.0,100.0,80.0,,18.0,1.075,2967.825,6932958.425,235.0
4698,1001.0,21.0,1.0,100.0,80.0,,19.0,1.2125,2969.0375,6935927.4625,235.0
4699,1001.0,21.0,1.0,100.0,80.0,,20.0,0.4625,2969.5,6938896.9625,235.0
4700,1001.0,21.0,1.0,100.0,80.0,,1.0,1.0375,2970.5375,6941867.5,236.0
4701,1001.0,21.0,1.0,100.0,80.0,,2.0,0.2875,2970.825,6944838.325,236.0
4702,1001.0,21.0,1.0,100.0,80.0,,3.0,0.925,2971.75,6947810.075,236.0
4703,1001.0,21.0,1.0,100.0,80.0,,4.0,1.1125,2972.8625,6950782.9375,236.0
4704,1001.0,21.0,1.0,100.0,80.0,,5.0,0.6375,2973.5,6953756.4375,236.0
4705,1001.0,21.0,1.0,100.0,80.0,,6.0,0.9125,2974.4125,6956730.85,236.0
4706,1001.0,21.0,1.0,100.0,80.0,,7.0,0.175,2974.5875,6959705.4375,236.0
4707,1001.0,21.0,1.0,100.0,80.0,,8.0,1.1,2975.6875,6962681.125,236.0
4708,1001.0,21.0,1.0,100.0,80.0,,9.0,0.4125,2976.1,6965657.225,236.0
4709,1001.0,21.0,1.0,100.0,80.0,,10.0,0.55,2976.65,6968633.875,236.0
4710,1001.0,21.0,1.0,100.0,80.0,,11.0,0.375,2977.025,6971610.9,236.0
4711,1001.0,21.0,1.0,100.0,80.0,,12.0,0.075,2977.1,6974588.0,236.0
4712,1001.0,21.0,1.0,100.0,80.0,,13.0,0.4125,2977.5125,6977565.5125,236.0
4713,1001.0,21.0,1.0,100.0,80.0,,14.0,0.6,2978.1125,6980543.625,236.0
4714,1001.0,21.0,1.0,100.0,80.0,,15.0,0.9375,2979.05,6983522.675,236.0
4715,1001.0,21.0,1.0,100.0,80.0,,16.0,0.95,2980.0,6986502.675,236.0
4716,1001.0,21.0,1.0,100.0,80.0,,17.0,0.85,2980.85,6989483.525,236.0
4717,1001.0,21.0,1.0,100.0,80.0,,18.0,1.1,2981.95,6992465.475,236.0
4718,1001.0,21.0,1.0,100.0,80.0,,19.0,0.25,2982.2,6995447.675,236.0
4719,1001.0,21.0,1.0,100.0,80.0,,20.0,0.9875,2983.1875,6998430.8625,236.0
4720,1001.0,21.0,1.0,100.0,80.0,,1.0,0.1875,2983.375,7001414.2375,237.0
4721,1001.0,21.0,1.0,100.0,80.0,,2.0,0.675,2984.05,7004398.2875,237.0
4722,1001.0,21.0,1.0,100.0,80.0,,3.0,0.8375,2984.8875,7007383.175,237.0
4723,1001.0,21.0,1.0,100.0,80.0,,4.0,0.8625,2985.75,7010368.925,237.0
4724,1001.0,21.0,1.0,100.0,80.0,,5.0,0.1125,2985.8625,7013354.7875,237.0
4725,1001.0,21.0,1.0,100.0,80.0,,6.0,0.2,2986.0625,7016340.85,237.0
4726,1001.0,21.0,1.0,100.0,80.0,,7.0,0.725,2986.7875,7019327.6375,237.0
4727,1001.0,21.0,1.0,100.0,80.0,,8.0,1.2125,2988.0,7022315.6375,237.0
4728,1001.0,21.0,1.0,100.0,80.0,,9.0,0.55,2988.55,7025304.1875,237.0
4729,1001.0,21.0,1.0,100.0,80.0,,10.0,0.4125,2988.9625,7028293.15,237.0
4730,1001.0,21.0,1.0,100.0,80.0,,11.0,0.4125,2989.375,7031282.525,237.0
4731,1001.0,21.0,1.0,100.0,80.0,,12.0,1.0125,2990.3875,7034272.9125,237.0
4732,1001.0,21.0,1.0,100.0,80.0,,13.0,1.1,2991.4875,7037264.4,237.0
4733,1001.0,21.0,1.0,100.0,80.0,,14.0,1.0375,2992.525,7040256.925,237.0
4734,1001.0,21.0,1.0,100.0,80.0,,15.0,0.35,2992.875,7043249.8,237.0
4735,1001.0,21.0,1.0,100.0,80.0,,16.0,0.7875,2993.6625,7046243.4625,237.0
4736,1001.0,21.0,1.0,100.0,80.0,,17.0,0.975,2994.6375,7049238.1,237.0
4737,1001.0,21.0,1.0,100.0,80.0,,18.0,0.6875,2995.325,7052233.425,237.0
4738,1001.0,21.0,1.0,100.0,80.0,,19.0,1.075,2996.4,7055229.825,237.0
4739,1001.0,21.0,1.0,100.0,80.0,,20.0,0.8,2997.2,7058227.025,237.0
4740,1001.0,21.0,1.0,100.0,80.0,,1.0,0.075,2997.275,7061224.3,238.0
4741,1001.0,21.0,1.0,100.0,80.0,,2.0,0.8375,2998.1125,7064222.4125,238.0
4742,1001.0,21.0,1.0,100.0,80.0,,3.0,0.6625,2998.775,7067221.1875,238.0
4743,1001.0,21.0,1.0,100.0,80.0,,4.0,0.25,2999.025,7070220.2125,238.0
4744,1001.0,21.0,1.0,100.0,80.0,,5.0,0.8375,2999.8625,7073220.075,238.0
4745,1001.0,21.0,1.0,100.0,80.0,,6.0,0.4875,3000.35,7076220.425,238.0
4746,1001.0,21.0,1.0,100.0,80.0,,7.0,0.0875,3000.4375,7079220.8625,238.0
4747,1001.0,21.0,1.0,100.0,80.0,,8.0,0.15,3000.5875,7082221.45,238.0
4748,1001.0,21.0,1.0,100.0,80.0,,9.0,0.425,3001.0125,7085222.4625,238.0
4749,1001.0,21.0,1.0,100.0,80.0,,10.0,0.55,3001.5625,7088224.025,238.0
4750,1001.0,21.0,1.0,100.0,80.0,,11.0,0.45,3002.0125,7091226.0375,238.0
4751,1001.0,21.0,1.0,100.0,80.0,,12.0,0.3125,3002.325,7094228.3625,238.0
4752,1001.0,21.0,1.0,100.0,80.0,,13.0,1.1125,3003.4375,7097231.8,238.0
4753,1001.0,21.0,1.0,100.0,80.0,,14.0,0.2125,3003.65,7100235.45,238.0
4754,1001.0,21.0,1.0,100.0,80.0,,15.0,0.2625,3003.9125,7103239.3625,238.0
4755,1001.0,21.0,1.0,100.0,80.0,,16.0,0.7875,3004.7,7106244.0625,238.0
4756,1001.0,21.0,1.0,100.0,80.0,,17.0,0.2,3004.9,7109248.9625,238.0
4757,1001.0,21.0,1.0,100.0,80.0,,18.0,0.85,3005.75,7112254.7125,238.0
4758,1001.0,21.0,1.0,100.0,80.0,,19.0,0.4625,3006.2125,7115260.925,238.0
4759,1001.0,21.0,1.0,100.0,80.0,,20.0,0.3625,3006.575,7118267.5,238.0
4760,1001.0,21.0,1.0,100.0,80.0,,1.0,0.725,3007.3,7121274.8,239.0
4761,1001.0,21.0,1.0,100.0,80.0,,2.0,0.7625,3008.0625,7124282.8625,239.0
4762,1001.0,21.0,1.0,100.0,80.0,,3.0,0.525,3008.5875,7127291.45,239.0
4763,1001.0,21.0,1.0,100.0,80.0,,4.0,0.2,3008.7875,7130300.2375,239.0
4764,1001.0,21.0,1.0,100.0,80.0,,5.0,1.0875,3009.875,7133310.1125,239.0
4765,1001.0,21.0,1.0,100.0,80.0,,6.0,0.45,3010.325,7136320.4375,239.0
4766,1001.0,21.0,1.0,100.0,80.0,,7.0,0.175,3010.5,7139330.9375,239.0
4767,1001.0,21.0,1.0,100.0,80.0,,8.0,0.875,3011.375,7142342.3125,239.0
4768,1001.0,21.0,1.0,100.0,80.0,,9.0,0.15,3011.525,7145353.8375,239.0
4769,1001.0,21.0,1.0,100.0,80.0,,10.0,0.675,3012.2,7148366.0375,239.0
4770,1001.0,21.0,1.0,100.0,80.0,,11.0,0.2125,3012.4125,7151378.45,239.0
4771,1001.0,21.0,1.0,100.0,80.0,,12.0,1.125,3013.5375,7154391.9875,239.0
4772,1001.0,21.0,1.0,100.0,80.0,,13.0,0.975,3014.5125,7157406.5,239.0
4773,1001.0,21.0,1.0,100.0,80.0,,14.0,1.2125,3015.725,7160422.225,239.0
4774,1001.0,21.0,1.0,100.0,80.0,,15.0,0.5875,3016.3125,7163438.5375,239.0
4775,1001.0,21.0,1.0,100.0,80.0,,16.0,0.925,3017.2375,7166455.775,239.0
4776,1001.0,21.0,1.0,100.0,80.0,,17.0,0.8625,3018.1,7169473.875,239.0
4777,1001.0,21.0,1.0,100.0,80.0,,18.0,1.2,3019.3,7172493.175,239.0
4778,1001.0,21.0,1.0,100.0,80.0,,19.0,0.6375,3019.9375,7175513.1125,239.0
4779,1001.0,21.0,1.0,100.0,80.0,,20.0,0.7,3020.6375,7178533.75,239.0
4780,1001.0,21.0,1.0,100.0,80.0,,1.0,0.1625,3020.8,7181554.55,240.0
4781,1001.0,21.0,1.0,100.0,80.0,,2.0,0.8,3021.6,7184576.15,240.0
4782,1001.0,21.0,1.0,100.0,80.0,,3.0,0.3625,3021.9625,7187598.1125,240.0
4783,1001.0,21.0,1.0,100.0,80.0,,4.0,0.2125,3022.175,7190620.2875,240.0
4784,1001.0,21.0,1.0,100.0,80.0,,5.0,0.7,3022.875,7193643.1625,240.0
4785,1001.0,21.0,1.0,100.0,80.0,,6.0,0.675,3023.55,7196666.7125,240.0
4786,1001.0,21.0,1.0,100.0,80.0,,7.0,0.925,3024.475,7199691.1875,240.0
4787,1001.0,21.0,1.0,100.0,80.0,,8.0,0.65,3025.125,7202716.3125,240.0
4788,1001.0,21.0,1.0,100.0,80.0,,9.0,0.95,3026.075,7205742.3875,240.0
4789,1001.0,21.0,1.0,100.0,80.0,,10.0,1.05,3027.125,7208769.5125,240.0
4790,1001.0,21.0,1.0,100.0,80.0,,11.0,0.4375,3027.5625,7211797.075,240.0
4791,1001.0,21.0,1.0,100.0,80.0,,12.0,1.2375,3028.8,7214825.875,240.0
4792,1001.0,21.0,1.0,100.0,80.0,,13.0,0.55,3029.35,7217855.225,240.0
4793,1001.0,21.0,1.0,100.0,80.0,,14.0,0.0125,3029.3625,7220884.5875,240.0
4794,1001.0,21.0,1.0,100.0,80.0,,15.0,0.65,3030.0125,7223914.6,240.0
4795,1001.0,21.0,1.0,100.0,80.0,,16.0,0.5375,3030.55,7226945.15,240.0
4796,1001.0,21.0,1.0,100.0,80.0,,17.0,1.2375,3031.7875,7229976.9375,240.0
4797,1001.0,21.0,1.0,100.0,80.0,,18.0,0.7125,3032.5,7233009.4375,240.0
4798,1001.0,21.0,1.0,100.0,80.0,,19.0,0.1375,3032.6375,7236042.075,240.0
4799,1001.0,21.0,1.0,100.0,80.0,,20.0,0.6,3033.2375,7239075.3125,240.0
4800,1001.0,21.0,1.0,100.0,80.0,,1.0,0.9375,3034.175,7242109.4875,241.0
4801,1001.0,21.0,1.0,100.0,80.0,,2.0,0.4125,3034.5875,7245144.075,241.0
4802,1001.0,21.0,1.0,100.0,80.0,,3.0,0.9625,3035.55,7248179.625,241.0
4803,1001.0,21.0,1.0,100.0,80.0,,4.0,0.75,3036.3,7251215.925,241.0
4804,1001.0,21.0,1.0,100.0,80.0,,5.0,0.1,3036.4,7254252.325,241.0
4805,1001.0,21.0,1.0,100.0,80.0,,6.0,0.85,3037.25,7257289.575,241.0
4806,1001.0,21.0,1.0,100.0,80.0,,7.0,0.4125,3037.6625,7260327.2375,241.0
4807,1001.0,21.0,1.0,100.0,80.0,,8.0,1.1625,3038.825,7263366.0625,241.0
4808,1001.0,21.0,1.0,100.0,80.0,,9.0,0.4875,3039.3125,7266405.375,241.0
4809,1001.0,21.0,1.0,100.0,80.0,,10.0,0.075,3039.3875,7269444.7625,241.0
4810,1001.0,21.0,1.0,100.0,80.0,,11.0,0.925,3040.3125,7272485.075,241.0
4811,1001.0,21.0,1.0,100.0,80.0,,12.0,0.2125,3040.525,7275525.6,241.0
4812,1001.0,21.0,1.0,100.0,80.0,,13.0,0.625,3041.15,7278566.75,241.0
4813,1001.0,21.0,1.0,100.0,80.0,,14.0,0.7625,3041.9125,7281608.6625,241.0
4814,1001.0,21.0,1.0,100.0,80.0,,15.0,0.4875,3042.4,7284651.0625,241.0
4815,1001.0,21.0,1.0,100.0,80.0,,16.0,0.7,3043.1,7287694.1625,241.0
4816,1001.0,21.0,1.0,100.0,80.0,,17.0,1.2,3044.3,7290738.4625,241.0
4817,1001.0,21.0,1.0,100.0,80.0,,18.0,0.7625,3045.0625,7293783.525,241.0
4818,1001.0,21.0,1.0,100.0,80.0,,19.0,0.925,3045.9875,7296829.5125,241.0
4819,1001.0,21.0,1.0,100.0,80.0,,20.0,0.7375,3046.725,7299876.2375,241.0
4820,1001.0,21.0,1.0,100.0,80.0,,1.0,0.7,3047.425,7302923.6625,242.0
4821,1001.0,21.0,1.0,100.0,80.0,,2.0,0.175,3047.6,7305971.2625,242.0
4822,1001.0,21.0,1.0,100.0,80.0,,3.0,0.125,3047.725,7309018.9875,242.0
4823,1001.0,21.0,1.0,100.0,80.0,,4.0,0.825,3048.55,7312067.5375,242.0
4824,1001.0,21.0,1.0,100.0,80.0,,5.0,0.2375,3048.7875,7315116.325,242.0
4825,1001.0,21.0,1.0,100.0,80.0,,6.0,0.7625,3049.55,7318165.875,242.0
4826,1001.0,21.0,1.0,100.0,80.0,,7.0,0.25,3049.8,7321215.675,242.0
4827,1001.0,21.0,1.0,100.0,80.0,,8.0,1.0625,3050.8625,7324266.5375,242.0
4828,1001.0,21.0,1.0,100.0,80.0,,9.0,0.6875,3051.55,7327318.0875,242.0
4829,1001.0,21.0,1.0,100.0,80.0,,10.0,0.3125,3051.8625,7330369.95,242.0
4830,1001.0,21.0,1.0,100.0,80.0,,11.0,0.1,3051.9625,7333421.9125,242.0
4831,1001.0,21.0,1.0,100.0,80.0,,12.0,0.725,3052.6875,7336474.6,242.0
4832,1001.0,21.0,1.0,100.0,80.0,,13.0,1.0125,3053.7,7339528.3,242.0
4833,1001.0,21.0,1.0,100.0,80.0,,14.0,0.975,3054.675,7342582.975,242.0
4834,1001.0,21.0,1.0,100.0,80.0,,15.0,0.0625,3054.7375,7345637.7125,242.0
4835,1001.0,21.0,1.0,100.0,80.0,,16.0,1.025,3055.7625,7348693.475,242.0
4836,1001.0,21.0,1.0,100.0,80.0,,17.0,0.4125,3056.175,7351749.65,242.0
4837,1001.0,21.0,1.0,100.0,80.0,,18.0,0.075,3056.25,7354805.9,242.0
4838,1001.0,21.0,1.0,100.0,80.0,,19.0,0.95,3057.2,7357863.1,242.0
4839,1001.0,21.0,1.0,100.0,80.0,,20.0,1.125,3058.325,7360921.425,242.0
4840,1001.0,21.0,1.0,100.0,80.0,,1.0,0.0875,3058.4125,7363979.8375,243.0
4841,1001.0,21.0,1.0,100.0,80.0,,2.0,0.5,3058.9125,7367038.75,243.0
4842,1001.0,21.0,1.0,100.0,80.0,,3.0,0.4375,3059.35,7370098.1,243.0
4843,1001.0,21.0,1.0,100.0,80.0,,4.0,0.4875,3059.8375,7373157.9375,243.0
4844,1001.0,21.0,1.0,100.0,80.0,,5.0,0.1375,3059.975,7376217.9125,243.0
4845,1001.0,21.0,1.0,100.0,80.0,,6.0,0.45,3060.425,7379278.3375,243.0
4846,1001.0,21.0,1.0,100.0,80.0,,7.0,0.6625,3061.0875,7382339.425,243.0
4847,1001.0,21.0,1.0,100.0,80.0,,8.0,0.8,3061.8875,7385401.3125,243.0
4848,1001.0,21.0,1.0,100.0,80.0,,9.0,0.8875,3062.775,7388464.0875,243.0
4849,1001.0,21.0,1.0,100.0,80.0,,10.0,0.2125,3062.9875,7391527.075,243.0
4850,1001.0,21.0,1.0,100.0,80.0,,11.0,0.8125,3063.8,7394590.875,243.0
4851,1001.0,21.0,1.0,100.0,80.0,,12.0,0.7125,3064.5125,7397655.3875,243.0
4852,1001.0,21.0,1.0,100.0,80.0,,13.0,0.95,3065.4625,7400720.85,243.0
4853,1001.0,21.0,1.0,100.0,80.0,,14.0,1.0,3066.4625,7403787.3125,243.0
4854,1001.0,21.0,1.0,100.0,80.0,,15.0,0.3375,3066.8,7406854.1125,243.0
4855,1001.0,21.0,1.0,100.0,80.0,,16.0,0.8875,3067.6875,7409921.8,243.0
4856,1001.0,21.0,1.0,100.0,80.0,,17.0,0.25,3067.9375,7412989.7375,243.0
4857,1001.0,21.0,1.0,100.0,80.0,,18.0,0.9125,3068.85,7416058.5875,243.0
4858,1001.0,21.0,1.0,100.0,80.0,,19.0,1.1,3069.95,7419128.5375,243.0
4859,1001.0,21.0,1.0,100.0,80.0,,20.0,0.8125,3070.7625,7422199.3,243.0
4860,1001.0,21.0,1.0,100.0,80.0,,1.0,0.975,3071.7375,7425271.0375,244.0
4861,1001.0,21.0,1.0,100.0,80.0,,2.0,1.1,3072.8375,7428343.875,244.0
4862,1001.0,21.0,1.0,100.0,80.0,,3.0,0.8625,3073.7,7431417.575,244.0
4863,1001.0,21.0,1.0,100.0,80.0,,4.0,0.4125,3074.1125,7434491.6875,244.0
4864,1001.0,21.0,1.0,100.0,80.0,,5.0,0.175,3074.2875,7437565.975,244.0
4865,1001.0,21.0,1.0,100.0,80.0,,6.0,0.025,3074.3125,7440640.2875,244.0
4866,1001.0,21.0,1.0,100.0,80.0,,7.0,1.2,3075.5125,7443715.8,244.0
4867,1001.0,21.0,1.0,100.0,80.0,,8.0,1.1,3076.6125,7446792.4125,244.0
4868,1001.0,21.0,1.0,100.0,80.0,,9.0,0.575,3077.1875,7449869.6,244.0
4869,1001.0,21.0,1.0,100.0,80.0,,10.0,0.05,3077.2375,7452946.8375,244.0
4870,1001.0,21.0,1.0,100.0,80.0,,11.0,0.7875,3078.025,7456024.8625,244.0
4871,1001.0,21.0,1.0,100.0,80.0,,12.0,0.6875,3078.7125,7459103.575,244.0
4872,1001.0,21.0,1.0,100.0,80.0,,13.0,0.1375,3078.85,7462182.425,244.0
4873,1001.0,21.0,1.0,100.0,80.0,,14.0,0.7,3079.55,7465261.975,244.0
4874,1001.0,21.0,1.0,100.0,80.0,,15.0,0.9875,3080.5375,7468342.5125,244.0
4875,1001.0,21.0,1.0,100.0,80.0,,16.0,1.1,3081.6375,7471424.15,244.0
4876,1001.0,21.0,1.0,100.0,80.0,,17.0,0.65,3082.2875,7474506.4375,244.0
4877,1001.0,21.0,1.0,100.0,80.0,,18.0,0.9,3083.1875,7477589.625,244.0
4878,1001.0,21.0,1.0,100.0,80.0,,19.0,0.5125,3083.7,7480673.325,244.0
4879,1001.0,21.0,1.0,100.0,80.0,,20.0,0.2625,3083.9625,7483757.2875,244.0
4880,1001.0,21.0,1.0,100.0,80.0,,1.0,0.3,3084.2625,7486841.55,245.0
4881,1001.0,21.0,1.0,100.0,80.0,,2.0,0.2125,3084.475,7489926.025,245.0
4882,1001.0,21.0,1.0,100.0,80.0,,3.0,0.425,3084.9,7493010.925,245.0
4883,1001.0,21.0,1.0,100.0,80.0,,4.0,0.9625,3085.8625,7496096.7875,245.0
4884,1001.0,21.0,1.0,100.0,80.0,,5.0,1.1625,3087.025,7499183.8125,245.0
4885,1001.0,21.0,1.0,100.0,80.0,,6.0,0.825,3087.85,7502271.6625,245.0
4886,1001.0,21.0,1.0,100.0,80.0,,7.0,0.4375,3088.2875,7505359.95,245.0
4887,1001.0,21.0,1.0,100.0,80.0,,8.0,0.5125,3088.8,7508448.75,245.0
4888,1001.0,21.0,1.0,100.0,80.0,,9.0,0.9125,3089.7125,7511538.4625,245.0
4889,1001.0,21.0,1.0,100.0,80.0,,10.0,0.75,3090.4625,7514628.925,245.0
4890,1001.0,21.0,1.0,100.0,80.0,,11.0,1.2125,3091.675,7517720.6,245.0
4891,1001.0,21.0,1.0,100.0,80.0,,12.0,0.35,3092.025,7520812.625,245.0
4892,1001.0,21.0,1.0,100.0,80.0,,13.0,0.1875,3092.2125,7523904.8375,245.0
4893,1001.0,21.0,1.0,100.0,80.0,,14.0,1.0375,3093.25,7526998.0875,245.0
4894,1001.0,21.0,1.0,100.0,80.0,,15.0,0.4,3093.65,7530091.7375,245.0
4895,1001.0,21.0,1.0,100.0,80.0,,16.0,0.0875,3093.7375,7533185.475,245.0
4896,1001.0,21.0,1.0,100.0,80.0,,17.0,0.7875,3094.525,7536280.0,245.0
4897,1001.0,21.0,1.0,100.0,80.0,,18.0,0.35,3094.875,7539374.875,245.0
4898,1001.0,21.0,1.0,100.0,80.0,,19.0,1.0,3095.875,7542470.75,245.0
4899,1001.0,21.0,1.0,100.0,80.0,,20.0,0.525,3096.4,7545567.15,245.0
4900,1001.0,21.0,1.0,100.0,80.0,,1.0,0.5125,3096.9125,7548664.0625,246.0
4901,1001.0,21.0,1.0,100.0,80.0,,2.0,0.475,3097.3875,7551761.45,246.0
4902,1001.0,21.0,1.0,100.0,80.0,,3.0,0.5,3097.8875,7554859.3375,246.0
4903,1001.0,21.0,1.0,100.0,80.0,,4.0,1.05,3098.9375,7557958.275,246.0
4904,1001.0,21.0,1.0,100.0,80.0,,5.0,0.8375,3099.775,7561058.05,246.0
4905,1001.0,21.0,1.0,100.0,80.0,,6.0,0.7125,3100.4875,7564158.5375,246.0
4906,1001.0,21.0,1.0,100.0,80.0,,7.0,0.975,3101.4625,7567260.0,246.0
4907,1001.0,21.0,1.0,100.0,80.0,,8.0,0.2625,3101.725,7570361.725,246.0
4908,1001.0,21.0,1.0,100.0,80.0,,9.0,0.7625,3102.4875,7573464.2125,246.0
4909,1001.0,21.0,1.0,100.0,80.0,,10.0,1.0,3103.4875,7576567.7,246.0
4910,1001.0,21.0,1.0,100.0,80.0,,11.0,0.75,3104.2375,7579671.9375,246.0
4911,1001.0,21.0,1.0,100.0,80.0,,12.0,0.275,3104.5125,7582776.45,246.0
4912,1001.0,21.0,1.0,100.0,80.0,,13.0,1.2,3105.7125,7585882.1625,246.0
4913,1001.0,21.0,1.0,100.0,80.0,,14.0,0.225,3105.9375,7588988.1,246.0
4914,1001.0,21.0,1.0,100.0,80.0,,15.0,0.075,3106.0125,7592094.1125,246.0
4915,1001.0,21.0,1.0,100.0,80.0,,16.0,0.1875,3106.2,7595200.3125,246.0
4916,1001.0,21.0,1.0,100.0,80.0,,17.0,1.0125,3107.2125,7598307.525,246.0
4917,1001.0,21.0,1.0,100.0,80.0,,18.0,0.475,3107.6875,7601415.2125,246.0
4918,1001.0,21.0,1.0,100.0,80.0,,19.0,0.65,3108.3375,7604523.55,246.0
4919,1001.0,21.0,1.0,100.0,80.0,,20.0,0.25,3108.5875,7607632.1375,246.0
4920,1001.0,21.0,1.0,100.0,80.0,,1.0,1.0375,3109.625,7610741.7625,247.0
4921,1001.0,21.0,1.0,100.0,80.0,,2.0,0.625,3110.25,7613852.0125,247.0
4922,1001.0,21.0,1.0,100.0,80.0,,3.0,0.425,3110.675,7616962.6875,247.0
4923,1001.0,21.0,1.0,100.0,80.0,,4.0,1.0875,3111.7625,7620074.45,247.0
4924,1001.0,21.0,1.0,100.0,80.0,,5.0,0.9125,3112.675,7623187.125,247.0
4925,1001.0,21.0,1.0,100.0,80.0,,6.0,0.2375,3112.9125,7626300.0375,247.0
4926,1001.0,21.0,1.0,100.0,80.0,,7.0,1.1375,3114.05,7629414.0875,247.0
4927,1001.0,21.0,1.0,100.0,80.0,,8.0,0.775,3114.825,7632528.9125,247.0
4928,1001.0,21.0,1.0,100.0,80.0,,9.0,0.9875,3115.8125,7635644.725,247.0
4929,1001.0,21.0,1.0,100.0,80.0,,10.0,0.8625,3116.675,7638761.4,247.0
4930,1001.0,21.0,1.0,100.0,80.0,,11.0,1.1,3117.775,7641879.175,247.0
4931,1001.0,21.0,1.0,100.0,80.0,,12.0,1.15,3118.925,7644998.1,247.0
4932,1001.0,21.0,1.0,100.0,80.0,,13.0,0.1375,3119.0625,7648117.1625,247.0
4933,1001.0,21.0,1.0,100.0,80.0,,14.0,1.075,3120.1375,7651237.3,247.0
4934,1001.0,21.0,1.0,100.0,80.0,,15.0,0.4375,3120.575,7654357.875,247.0
4935,1001.0,21.0,1.0,100.0,80.0,,16.0,0.4875,3121.0625,7657478.9375,247.0
4936,1001.0,21.0,1.0,100.0,80.0,,17.0,0.0125,3121.075,7660600.0125,247.0
4937,1001.0,21.0,1.0,100.0,80.0,,18.0,0.2875,3121.3625,7663721.375,247.0
4938,1001.0,21.0,1.0,100.0,80.0,,19.0,1.15,3122.5125,7666843.8875,247.0
4939,1001.0,21.0,1.0,100.0,80.0,,20.0,0.925,3123.4375,7669967.325,247.0
4940,1001.0,21.0,1.0,100.0,80.0,,1.0,0.925,3124.3625,7673091.6875,248.0
4941,1001.0,21.0,1.0,100.0,80.0,,2.0,0.475,3124.8375,7676216.525,248.0
4942,1001.0,21.0,1.0,100.0,80.0,,3.0,0.3625,3125.2,7679341.725,248.0
4943,1001.0,21.0,1.0,100.0,80.0,,4.0,0.5625,3125.7625,7682467.4875,248.0
4944,1001.0,21.0,1.0,100.0,80.0,,5.0,1.1875,3126.95,7685594.4375,248.0
4945,1001.0,21.0,1.0,100.0,80.0,,6.0,0.825,3127.775,7688722.2125,248.0
4946,1001.0,21.0,1.0,100.0,80.0,,7.0,0.6,3128.375,7691850.5875,248.0
4947,1001.0,21.0,1.0,100.0,80.0,,8.0,0.425,3128.8,7694979.3875,248.0
4948,1001.0,21.0,1.0,100.0,80.0,,9.0,0.3875,3129.1875,7698108.575,248.0
4949,1001.0,21.0,1.0,100.0,80.0,,10.0,1.0,3130.1875,7701238.7625,248.0
4950,1001.0,21.0,1.0,100.0,80.0,,11.0,0.9875,3131.175,7704369.9375,248.0
4951,1001.0,21.0,1.0,100.0,80.0,,12.0,1.225,3132.4,7707502.3375,248.0
4952,1001.0,21.0,1.0,100.0,80.0,,13.0,0.8,3133.2,7710635.5375,248.0
4953,1001.0,21.0,1.0,100.0,80.0,,14.0,0.675,3133.875,7713769.4125,248.0
4954,1001.0,21.0,1.0,100.0,80.0,,15.0,1.1625,3135.0375,7716904.45,248.0
4955,1001.0,21.0,1.0,100.0,80.0,,16.0,0.7125,3135.75,7720040.2,248.0
4956,1001.0,21.0,1.0,100.0,80.0,,17.0,0.725,3136.475,7723176.675,248.0
4957,1001.0,21.0,1.0,100.0,80.0,,18.0,1.05,3137.525,7726314.2,248.0
4958,1001.0,21.0,1.0,100.0,80.0,,19.0,0.6625,3138.1875,7729452.3875,248.0
4959,1001.0,21.0,1.0,100.0,80.0,,20.0,0.4375,3138.625,7732591.0125,248.0
4960,1001.0,21.0,1.0,100.0,80.0,,1.0,0.7875,3139.4125,7735730.425,249.0
4961,1001.0,21.0,1.0,100.0,80.0,,2.0,0.6375,3140.05,7738870.475,249.0
4962,1001.0,21.0,1.0,100.0,80.0,,3.0,0.1,3140.15,7742010.625,249.0
4963,1001.0,21.0,1.0,100.0,80.0,,4.0,1.175,3141.325,7745151.95,249.0
4964,1001.0,21.0,1.0,100.0,80.0,,5.0,0.2375,3141.5625,7748293.5125,249.0
4965,1001.0,21.0,1.0,100.0,80.0,,6.0,0.9125,3142.475,7751435.9875,249.0
4966,1001.0,21.0,1.0,100.0,80.0,,7.0,0.2,3142.675,7754578.6625,249.0
4967,1001.0,21.0,1.0,100.0,80.0,,8.0,0.725,3143.4,7757722.0625,249.0
4968,1001.0,21.0,1.0,100.0,80.0,,9.0,1.2,3144.6,7760866.6625,249.0
4969,1001.0,21.0,1.0,100.0,80.0,,10.0,1.0,3145.6,7764012.2625,249.0
4970,1001.0,21.0,1.0,100.0,80.0,,11.0,0.7125,3146.3125,7767158.575,249.0
4971,1001.0,21.0,1.0,100.0,80.0,,12.0,0.8625,3147.175,7770305.75,249.0
4972,1001.0,21.0,1.0,100.0,80.0,,13.0,0.25,3147.425,7773453.175,249.0
4973,1001.0,21.0,1.0,100.0,80.0,,14.0,0.375,3147.8,7776600.975,249.0
4974,1001.0,21.0,1.0,100.0,80.0,,15.0,0.45,3148.25,7779749.225,249.0
4975,1001.0,21.0,1.0,100.0,80.0,,16.0,0.975,3149.225,7782898.45,249.0
4976,1001.0,21.0,1.0,100.0,80.0,,17.0,0.3875,3149.6125,7786048.0625,249.0
4977,1001.0,21.0,1.0,100.0,80.0,,18.0,0.875,3150.4875,7789198.55,249.0
4978,1001.0,21.0,1.0,100.0,80.0,,19.0,0.7625,3151.25,7792349.8,249.0
4979,1001.0,21.0,1.0,100.0,80.0,,20.0,0.65,3151.9,7795501.7,249.0
4980,1001.0,21.0,1.0,100.0,80.0,,1.0,0.75,3152.65,7798654.35,250.0
4981,1001.0,21.0,1.0,100.0,80.0,,2.0,0.9125,3153.5625,7801807.9125,250.0
4982,1001.0,21.0,1.0,100.0,80.0,,3.0,1.2125,3154.775,7804962.6875,250.0
4983,1001.0,21.0,1.0,100.0,80.0,,4.0,0.9625,3155.7375,7808118.425,250.0
4984,1001.0,21.0,1.0,100.0,80.0,,5.0,0.1,3155.8375,7811274.2625,250.0
4985,1001.0,21.0,1.0,100.0,80.0,,6.0,0.0125,3155.85,7814430.1125,250.0
4986,1001.0,21.0,1.0,100.0,80.0,,7.0,0.05,3155.9,7817586.0125,250.0
4987,1001.0,21.0,1.0,100.0,80.0,,8.0,0.175,3156.075,7820742.0875,250.0
4988,1001.0,21.0,1.0,100.0,80.0,,9.0,0.4625,3156.5375,7823898.625,250.0
4989,1001.0,21.0,1.0,100.0,80.0,,10.0,0.4125,3156.95,7827055.575,250.0
4990,1001.0,21.0,1.0,100.0,80.0,,11.0,0.575,3157.525,7830213.1,250.0
4991,1001.0,21.0,1.0,100.0,80.0,,12.0,0.0125,3157.5375,7833370.6375,250.0
4992,1001.0,21.0,1.0,100.0,80.0,,13.0,0.6625,3158.2,7836528.8375,250.0
4993,1001.0,21.0,1.0,100.0,80.0,,14.0,0.8125,3159.0125,7839687.85,250.0
4994,1001.0,21.0,1.0,100.0,80.0,,15.0,1.175,3160.1875,7842848.0375,250.0
4995,1001.0,21.0,1.0,100.0,80.0,,16.0,0.7875,3160.975,7846009.0125,250.0
4996,1001.0,21.0,1.0,100.0,80.0,,17.0,0.8125,3161.7875,7849170.8,250.0
4997,1001.0,21.0,1.0,100.0,80.0,,18.0,0.9875,3162.775,7852333.575,250.0
4998,1001.0,21.0,1.0,100.0,80.0,,19.0,0.85,3163.625,7855497.2,250.0
4999,1001.0,21.0,1.0,100.0,80.0,,20.0,0.475,3164.1,7858661.3,250.0
5000,1001.0,21.0,1.0,100.0,80.0,,1.0,0.1625,3164.2625,7861825.5625,251.0
5001,1001.0,21.0,1.0,100.0,80.0,,2.0,0.6125,3164.875,7864990.4375,251.0
5002,1001.0,21.0,1.0,100.0,80.0,,3.0,0.7,3165.575,7868156.0125,251.0
5003,1001.0,21.0,1.0,100.0,80.0,,4.0,0.8125,3166.3875,7871322.4,251.0
5004,1001.0,21.0,1.0,100.0,80.0,,5.0,0.4875,3166.875,7874489.275,251.0
5005,1001.0,21.0,1.0,100.0,80.0,,6.0,0.675,3167.55,7877656.825,251.0
5006,1001.0,21.0,1.0,100.0,80.0,,7.0,0.3,3167.85,7880824.675,251.0
5007,1001.0,21.0,1.0,100.0,80.0,,8.0,1.1375,3168.9875,7883993.6625,251.0
5008,1001.0,21.0,1.0,100.0,80.0,,9.0,1.175,3170.1625,7887163.825,251.0
5009,1001.0,21.0,1.0,100.0,80.0,,10.0,0.25,3170.4125,7890334.2375,251.0
5010,1001.0,21.0,1.0,100.0,80.0,,11.0,0.9875,3171.4,7893505.6375,251.0
5011,1001.0,21.0,1.0,100.0,80.0,,12.0,0.8875,3172.2875,7896677.925,251.0
5012,1001.0,21.0,1.0,100.0,80.0,,13.0,0.925,3173.2125,7899851.1375,251.0
5013,1001.0,21.0,1.0,100.0,80.0,,14.0,0.0875,3173.3,7903024.4375,251.0
5014,1001.0,21.0,1.0,100.0,80.0,,15.0,0.625,3173.925,7906198.3625,251.0
5015,1001.0,21.0,1.0,100.0,80.0,,16.0,0.6125,3174.5375,7909372.9,251.0
5016,1001.0,21.0,1.0,100.0,80.0,,17.0,0.95,3175.4875,7912548.3875,251.0
5017,1001.0,21.0,1.0,100.0,80.0,,18.0,1.0,3176.4875,7915724.875,251.0
5018,1001.0,21.0,1.0,100.0,80.0,,19.0,0.15,3176.6375,7918901.5125,251.0
5019,1001.0,21.0,1.0,100.0,80.0,,20.0,0.875,3177.5125,7922079.025,251.0
5020,1001.0,21.0,1.0,100.0,80.0,,1.0,1.05,3178.5625,7925257.5875,252.0
5021,1001.0,21.0,1.0,100.0,80.0,,2.0,0.6375,3179.2,7928436.7875,252.0
5022,1001.0,21.0,1.0,100.0,80.0,,3.0,0.85,3180.05,7931616.8375,252.0
5023,1001.0,21.0,1.0,100.0,80.0,,4.0,0.8625,3180.9125,7934797.75,252.0
5024,1001.0,21.0,1.0,100.0,80.0,,5.0,0.6,3181.5125,7937979.2625,252.0
5025,1001.0,21.0,1.0,100.0,80.0,,6.0,0.6875,3182.2,7941161.4625,252.0
5026,1001.0,21.0,1.0,100.0,80.0,,7.0,0.375,3182.575,7944344.0375,252.0
5027,1001.0,21.0,1.0,100.0,80.0,,8.0,0.625,3183.2,7947527.2375,252.0
5028,1001.0,21.0,1.0,100.0,80.0,,9.0,0.55,3183.75,7950710.9875,252.0
5029,1001.0,21.0,1.0,100.0,80.0,,10.0,0.5125,3184.2625,7953895.25,252.0
5030,1001.0,21.0,1.0,100.0,80.0,,11.0,0.475,3184.7375,7957079.9875,252.0
5031,1001.0,21.0,1.0,100.0,80.0,,12.0,0.275,3185.0125,7960265.0,252.0
5032,1001.0,21.0,1.0,100.0,80.0,,13.0,0.85,3185.8625,7963450.8625,252.0
5033,1001.0,21.0,1.0,100.0,80.0,,14.0,0.5875,3186.45,7966637.3125,252.0
5034,1001.0,21.0,1.0,100.0,80.0,,15.0,0.6125,3187.0625,7969824.375,252.0
5035,1001.0,21.0,1.0,100.0,80.0,,16.0,0.2625,3187.325,7973011.7,252.0
5036,1001.0,21.0,1.0,100.0,80.0,,17.0,1.1875,3188.5125,7976200.2125,252.0
5037,1001.0,21.0,1.0,100.0,80.0,,18.0,0.0375,3188.55,7979388.7625,252.0
5038,1001.0,21.0,1.0,100.0,80.0,,19.0,1.025,3189.575,7982578.3375,252.0
5039,1001.0,21.0,1.0,100.0,80.0,,20.0,0.3125,3189.8875,7985768.225,252.0
5040,1001.0,21.0,1.0,100.0,80.0,,1.0,0.5875,3190.475,7988958.7,253.0
5041,1001.0,21.0,1.0,100.0,80.0,,2.0,0.25,3190.725,7992149.425,253.0
5042,1001.0,21.0,1.0,100.0,80.0,,3.0,0.4875,3191.2125,7995340.6375,253.0
5043,1001.0,21.0,1.0,100.0,80.0,,4.0,0.075,3191.2875,7998531.925,253.0
5044,1001.0,21.0,1.0,100.0,80.0,,5.0,0.075,3191.3625,8001723.2875,253.0
5045,1001.0,21.0,1.0,100.0,80.0,,6.0,0.5,3191.8625,8004915.15,253.0
5046,1001.0,21.0,1.0,100.0,80.0,,7.0,0.0125,3191.875,8008107.025,253.0
5047,1001.0,21.0,1.0,100.0,80.0,,8.0,0.0125,3191.8875,8011298.9125,253.0
5048,1001.0,21.0,1.0,100.0,80.0,,9.0,0.0875,3191.975,8014490.8875,253.0
5049,1001.0,21.0,1.0,100.0,80.0,,10.0,0.7,3192.675,8017683.5625,253.0
5050,1001.0,21.0,1.0,100.0,80.0,,11.0,0.9875,3193.6625,8020877.225,253.0
5051,1001.0,21.0,1.0,100.0,80.0,,12.0,0.175,3193.8375,8024071.0625,253.0
5052,1001.0,21.0,1.0,100.0,80.0,,13.0,0.3875,3194.225,8027265.2875,253.0
5053,1001.0,21.0,1.0,100.0,80.0,,14.0,0.4,3194.625,8030459.9125,253.0
5054,1001.0,21.0,1.0,100.0,80.0,,15.0,1.0,3195.625,8033655.5375,253.0
5055,1001.0,21.0,1.0,100.0,80.0,,16.0,0.6,3196.225,8036851.7625,253.0
5056,1001.0,21.0,1.0,100.0,80.0,,17.0,0.6625,3196.8875,8040048.65,253.0
5057,1001.0,21.0,1.0,100.0,80.0,,18.0,0.175,3197.0625,8043245.7125,253.0
5058,1001.0,21.0,1.0,100.0,80.0,,19.0,0.0875,3197.15,8046442.8625,253.0
5059,1001.0,21.0,1.0,100.0,80.0,,20.0,1.1,3198.25,8049641.1125,253.0
5060,1001.0,21.0,1.0,100.0,80.0,,1.0,1.1375,3199.3875,8052840.5,254.0
5061,1001.0,21.0,1.0,100.0,80.0,,2.0,0.025,3199.4125,8056039.9125,254.0
5062,1001.0,21.0,1.0,100.0,80.0,,3.0,0.1375,3199.55,8059239.4625,254.0
5063,1001.0,21.0,1.0,100.0,80.0,,4.0,0.325,3199.875,8062439.3375,254.0
5064,1001.0,21.0,1.0,100.0,80.0,,5.0,0.8375,3200.7125,8065640.05,254.0
5065,1001.0,21.0,1.0,100.0,80.0,,6.0,1.2125,3201.925,8068841.975,254.0
5066,1001.0,21.0,1.0,100.0,80.0,,7.0,0.225,3202.15,8072044.125,254.0
5067,1001.0,21.0,1.0,100.0,80.0,,8.0,0.275,3202.425,8075246.55,254.0
5068,1001.0,21.0,1.0,100.0,80.0,,9.0,0.275,3202.7,8078449.25,254.0
5069,1001.0,21.0,1.0,100.0,80.0,,10.0,0.2,3202.9,8081652.15,254.0
5070,1001.0,21.0,1.0,100.0,80.0,,11.0,0.0875,3202.9875,8084855.1375,254.0
5071,1001.0,21.0,1.0,100.0,80.0,,12.0,0.3625,3203.35,8088058.4875,254.0
5072,1001.0,21.0,1.0,100.0,80.0,,13.0,0.3375,3203.6875,8091262.175,254.0
5073,1001.0,21.0,1.0,100.0,80.0,,14.0,1.0125,3204.7,8094466.875,254.0
5074,1001.0,21.0,1.0,100.0,80.0,,15.0,1.225,3205.925,8097672.8,254.0
5075,1001.0,21.0,1.0,100.0,80.0,,16.0,0.6875,3206.6125,8100879.4125,254.0
5076,1001.0,21.0,1.0,100.0,80.0,,17.0,1.05,3207.6625,8104087.075,254.0
5077,1001.0,21.0,1.0,100.0,80.0,,18.0,1.125,3208.7875,8107295.8625,254.0
5078,1001.0,21.0,1.0,100.0,80.0,,19.0,0.25,3209.0375,8110504.9,254.0
5079,1001.0,21.0,1.0,100.0,80.0,,20.0,0.7125,3209.75,8113714.65,254.0
5080,1001.0,21.0,1.0,100.0,80.0,,1.0,0.1,3209.85,8116924.5,255.0
5081,1001.0,21.0,1.0,100.0,80.0,,2.0,0.475,3210.325,8120134.825,255.0
5082,1001.0,21.0,1.0,100.0,80.0,,3.0,0.3875,3210.7125,8123345.5375,255.0
5083,1001.0,21.0,1.0,100.0,80.0,,4.0,0.3125,3211.025,8126556.5625,255.0
5084,1001.0,21.0,1.0,100.0,80.0,,5.0,0.2375,3211.2625,8129767.825,255.0
5085,1001.0,21.0,1.0,100.0,80.0,,6.0,0.025,3211.2875,8132979.1125,255.0
5086,1001.0,21.0,1.0,100.0,80.0,,7.0,0.85,3212.1375,8136191.25,255.0
5087,1001.0,21.0,1.0,100.0,80.0,,8.0,0.4375,3212.575,8139403.825,255.0
5088,1001.0,21.0,1.0,100.0,80.0,,9.0,1.1625,3213.7375,8142617.5625,255.0
5089,1001.0,21.0,1.0,100.0,80.0,,10.0,0.75,3214.4875,8145832.05,255.0
5090,1001.0,21.0,1.0,100.0,80.0,,11.0,0.325,3214.8125,8149046.8625,255.0
5091,1001.0,21.0,1.0,100.0,80.0,,12.0,0.5875,3215.4,8152262.2625,255.0
5092,1001.0,21.0,1.0,100.0,80.0,,13.0,0.325,3215.725,8155477.9875,255.0
5093,1001.0,21.0,1.0,100.0,80.0,,14.0,0.9,3216.625,8158694.6125,255.0
5094,1001.0,21.0,1.0,100.0,80.0,,15.0,0.125,3216.75,8161911.3625,255.0
5095,1001.0,21.0,1.0,100.0,80.0,,16.0,0.9625,3217.7125,8165129.075,255.0
5096,1001.0,21.0,1.0,100.0,80.0,,17.0,0.85,3218.5625,8168347.6375,255.0
5097,1001.0,21.0,1.0,100.0,80.0,,18.0,0.4,3218.9625,8171566.6,255.0
5098,1001.0,21.0,1.0,100.0,80.0,,19.0,1.175,3220.1375,8174786.7375,255.0
5099,1001.0,21.0,1.0,100.0,80.0,,20.0,1.15,3221.2875,8178008.025,255.0
5100,1001.0,21.0,1.0,100.0,80.0,,1.0,0.125,3221.4125,8181229.4375,256.0
5101,1001.0,21.0,1.0,100.0,80.0,,2.0,0.9375,3222.35,8184451.7875,256.0
5102,1001.0,21.0,1.0,100.0,80.0,,3.0,0.5,3222.85,8187674.6375,256.0
5103,1001.0,21.0,1.0,100.0,80.0,,4.0,1.1,3223.95,8190898.5875,256.0
5104,1001.0,21.0,1.0,100.0,80.0,,5.0,1.2375,3225.1875,8194123.775,256.0
5105,1001.0,21.0,1.0,100.0,80.0,,6.0,0.5375,3225.725,8197349.5,256.0
5106,1001.0,21.0,1.0,100.0,80.0,,7.0,0.9375,3226.6625,8200576.1625,256.0
5107,1001.0,21.0,1.0,100.0,80.0,,8.0,0.5625,3227.225,8203803.3875,256.0
5108,1001.0,21.0,1.0,100.0,80.0,,9.0,0.55,3227.775,8207031.1625,256.0
5109,1001.0,21.0,1.0,100.0,80.0,,10.0,1.175,3228.95,8210260.1125,256.0
5110,1001.0,21.0,1.0,100.0,80.0,,11.0,1.0875,3230.0375,8213490.15,256.0
5111,1001.0,21.0,1.0,100.0,80.0,,12.0,0.0125,3230.05,8216720.2,256.0
5112,1001.0,21.0,1.0,100.0,80.0,,13.0,0.25,3230.3,8219950.5,256.0
5113,1001.0,21.0,1.0,100.0,80.0,,14.0,0.525,3230.825,8223181.325,256.0
5114,1001.0,21.0,1.0,100.0,80.0,,15.0,0.55,3231.375,8226412.7,256.0
5115,1001.0,21.0,1.0,100.0,80.0,,16.0,0.4,3231.775,8229644.475,256.0
5116,1001.0,21.0,1.0,100.0,80.0,,17.0,1.0375,3232.8125,8232877.2875,256.0
5117,1001.0,21.0,1.0,100.0,80.0,,18.0,0.575,3233.3875,8236110.675,256.0
5118,1001.0,21.0,1.0,100.0,80.0,,19.0,1.2,3234.5875,8239345.2625,256.0
5119,1001.0,21.0,1.0,100.0,80.0,,20.0,0.8625,3235.45,8242580.7125,256.0
5120,1001.0,21.0,1.0,100.0,80.0,,1.0,1.1,3236.55,8245817.2625,257.0
5121,1001.0,21.0,1.0,100.0,80.0,,2.0,1.0,3237.55,8249054.8125,257.0
5122,1001.0,21.0,1.0,100.0,80.0,,3.0,0.9625,3238.5125,8252293.325,257.0
5123,1001.0,21.0,1.0,100.0,80.0,,4.0,0.2375,3238.75,8255532.075,257.0
5124,1001.0,21.0,1.0,100.0,80.0,,5.0,0.225,3238.975,8258771.05,257.0
5125,1001.0,21.0,1.0,100.0,80.0,,6.0,1.225,3240.2,8262011.25,257.0
5126,1001.0,21.0,1.0,100.0,80.0,,7.0,1.1,3241.3,8265252.55,257.0
5127,1001.0,21.0,1.0,100.0,80.0,,8.0,0.3875,3241.6875,8268494.2375,257.0
5128,1001.0,21.0,1.0,100.0,80.0,,9.0,1.025,3242.7125,8271736.95,257.0
5129,1001.0,21.0,1.0,100.0,80.0,,10.0,1.2,3243.9125,8274980.8625,257.0
5130,1001.0,21.0,1.0,100.0,80.0,,11.0,0.5,3244.4125,8278225.275,257.0
5131,1001.0,21.0,1.0,100.0,80.0,,12.0,0.425,3244.8375,8281470.1125,257.0
5132,1001.0,21.0,1.0,100.0,80.0,,13.0,1.0875,3245.925,8284716.0375,257.0
5133,1001.0,21.0,1.0,100.0,80.0,,14.0,0.6,3246.525,8287962.5625,257.0
5134,1001.0,21.0,1.0,100.0,80.0,,15.0,0.4375,3246.9625,8291209.525,257.0
5135,1001.0,21.0,1.0,100.0,80.0,,16.0,0.9375,3247.9,8294457.425,257.0
5136,1001.0,21.0,1.0,100.0,80.0,,17.0,1.175,3249.075,8297706.5,257.0
5137,1001.0,21.0,1.0,100.0,80.0,,18.0,0.3875,3249.4625,8300955.9625,257.0
5138,1001.0,21.0,1.0,100.0,80.0,,19.0,0.6625,3250.125,8304206.0875,257.0
5139,1001.0,21.0,1.0,100.0,80.0,,20.0,0.725,3250.85,8307456.9375,257.0
5140,1001.0,21.0,1.0,100.0,80.0,,1.0,0.875,3251.725,8310708.6625,258.0
5141,1001.0,21.0,1.0,100.0,80.0,,2.0,0.2,3251.925,8313960.5875,258.0
5142,1001.0,21.0,1.0,100.0,80.0,,3.0,0.65,3252.575,8317213.1625,258.0
5143,1001.0,21.0,1.0,100.0,80.0,,4.0,1.1125,3253.6875,8320466.85,258.0
5144,1001.0,21.0,1.0,100.0,80.0,,5.0,1.2,3254.8875,8323721.7375,258.0
5145,1001.0,21.0,1.0,100.0,80.0,,6.0,0.35,3255.2375,8326976.975,258.0
5146,1001.0,21.0,1.0,100.0,80.0,,7.0,0.8625,3256.1,8330233.075,258.0
5147,1001.0,21.0,1.0,100.0,80.0,,8.0,0.825,3256.925,8333490.0,258.0
5148,1001.0,21.0,1.0,100.0,80.0,,9.0,0.8375,3257.7625,8336747.7625,258.0
5149,1001.0,21.0,1.0,100.0,80.0,,10.0,0.725,3258.4875,8340006.25,258.0
5150,1001.0,21.0,1.0,100.0,80.0,,11.0,0.8375,3259.325,8343265.575,258.0
5151,1001.0,21.0,1.0,100.0,80.0,,12.0,1.1375,3260.4625,8346526.0375,258.0
5152,1001.0,21.0,1.0,100.0,80.0,,13.0,0.175,3260.6375,8349786.675,258.0
5153,1001.0,21.0,1.0,100.0,80.0,,14.0,0.1625,3260.8,8353047.475,258.0
5154,1001.0,21.0,1.0,100.0,80.0,,15.0,0.0875,3260.8875,8356308.3625,258.0
5155,1001.0,21.0,1.0,100.0,80.0,,16.0,0.7,3261.5875,8359569.95,258.0
5156,1001.0,21.0,1.0,100.0,80.0,,17.0,0.6875,3262.275,8362832.225,258.0
5157,1001.0,21.0,1.0,100.0,80.0,,18.0,1.0125,3263.2875,8366095.5125,258.0
5158,1001.0,21.0,1.0,100.0,80.0,,19.0,0.4,3263.6875,8369359.2,258.0
5159,1001.0,21.0,1.0,100.0,80.0,,20.0,0.0125,3263.7,8372622.9,258.0
5160,1001.0,21.0,1.0,100.0,80.0,,1.0,0.1,3263.8,8375886.7,259.0
5161,1001.0,21.0,1.0,100.0,80.0,,2.0,0.525,3264.325,8379151.025,259.0
5162,1001.0,21.0,1.0,100.0,80.0,,3.0,0.975,3265.3,8382416.325,259.0
5163,1001.0,21.0,1.0,100.0,80.0,,4.0,0.4625,3265.7625,8385682.0875,259.0
5164,1001.0,21.0,1.0,100.0,80.0,,5.0,0.5,3266.2625,8388948.35,259.0
5165,1001.0,21.0,1.0,100.0,80.0,,6.0,0.4125,3266.675,8392215.025,259.0
5166,1001.0,21.0,1.0,100.0,80.0,,7.0,0.625,3267.3,8395482.325,259.0
5167,1001.0,21.0,1.0,100.0,80.0,,8.0,0.3125,3267.6125,8398749.9375,259.0
5168,1001.0,21.0,1.0,100.0,80.0,,9.0,1.0,3268.6125,8402018.55,259.0
5169,1001.0,21.0,1.0,100.0,80.0,,10.0,0.85,3269.4625,8405288.0125,259.0
5170,1001.0,21.0,1.0,100.0,80.0,,11.0,0.5375,3270.0,8408558.0125,259.0
5171,1001.0,21.0,1.0,100.0,80.0,,12.0,0.7125,3270.7125,8411828.725,259.0
5172,1001.0,21.0,1.0,100.0,80.0,,13.0,0.1375,3270.85,8415099.575,259.0
5173,1001.0,21.0,1.0,100.0,80.0,,14.0,0.7,3271.55,8418371.125,259.0
5174,1001.0,21.0,1.0,100.0,80.0,,15.0,1.1875,3272.7375,8421643.8625,259.0
5175,1001.0,21.0,1.0,100.0,80.0,,16.0,0.125,3272.8625,8424916.725,259.0
5176,1001.0,21.0,1.0,100.0,80.0,,17.0,1.1875,3274.05,8428190.775,259.0
5177,1001.0,21.0,1.0,100.0,80.0,,18.0,0.3875,3274.4375,8431465.2125,259.0
5178,1001.0,21.0,1.0,100.0,80.0,,19.0,0.4875,3274.925,8434740.1375,259.0
5179,1001.0,21.0,1.0,100.0,80.0,,20.0,1.1125,3276.0375,8438016.175,259.0
5180,1001.0,21.0,1.0,100.0,80.0,,1.0,0.4125,3276.45,8441292.625,260.0
5181,1001.0,21.0,1.0,100.0,80.0,,2.0,1.1875,3277.6375,8444570.2625,260.0
5182,1001.0,21.0,1.0,100.0,80.0,,3.0,1.225,3278.8625,8447849.125,260.0
5183,1001.0,21.0,1.0,100.0,80.0,,4.0,0.775,3279.6375,8451128.7625,260.0
5184,1001.0,21.0,1.0,100.0,80.0,,5.0,0.6625,3280.3,8454409.0625,260.0
5185,1001.0,21.0,1.0,100.0,80.0,,6.0,0.45,3280.75,8457689.8125,260.0
5186,1001.0,21.0,1.0,100.0,80.0,,7.0,0.0375,3280.7875,8460970.6,260.0
5187,1001.0,21.0,1.0,100.0,80.0,,8.0,0.9,3281.6875,8464252.2875,260.0
5188,1001.0,21.0,1.0,100.0,80.0,,9.0,0.2875,3281.975,8467534.2625,260.0
5189,1001.0,21.0,1.0,100.0,80.0,,10.0,0.6125,3282.5875,8470816.85,260.0
5190,1001.0,21.0,1.0,100.0,80.0,,11.0,1.075,3283.6625,8474100.5125,260.0
5191,1001.0,21.0,1.0,100.0,80.0,,12.0,0.3375,3284.0,8477384.5125,260.0
5192,1001.0,21.0,1.0,100.0,80.0,,13.0,1.1625,3285.1625,8480669.675,260.0
5193,1001.0,21.0,1.0,100.0,80.0,,14.0,1.175,3286.3375,8483956.0125,260.0
5194,1001.0,21.0,1.0,100.0,80.0,,15.0,1.2,3287.5375,8487243.55,260.0
5195,1001.0,21.0,1.0,100.0,80.0,,16.0,1.1375,3288.675,8490532.225,260.0
5196,1001.0,21.0,1.0,100.0,80.0,,17.0,0.35,3289.025,8493821.25,260.0
5197,1001.0,21.0,1.0,100.0,80.0,,18.0,1.05,3290.075,8497111.325,260.0
5198,1001.0,21.0,1.0,100.0,80.0,,19.0,1.025,3291.1,8500402.425,260.0
5199,1001.0,21.0,1.0,100.0,80.0,,20.0,0.3125,3291.4125,8503693.8375,260.0
5200,1001.0,21.0,1.0,100.0,80.0,,1.0,1.0375,3292.45,8506986.2875,261.0
5201,1001.0,21.0,1.0,100.0,80.0,,2.0,0.6625,3293.1125,8510279.4,261.0
5202,1001.0,21.0,1.0,100.0,80.0,,3.0,0.2375,3293.35,8513572.75,261.0
5203,1001.0,21.0,1.0,100.0,80.0,,4.0,0.075,3293.425,8516866.175,261.0
5204,1001.0,21.0,1.0,100.0,80.0,,5.0,0.3,3293.725,8520159.9,261.0
5205,1001.0,21.0,1.0,100.0,80.0,,6.0,0.35,3294.075,8523453.975,261.0
5206,1001.0,21.0,1.0,100.0,80.0,,7.0,0.0625,3294.1375,8526748.1125,261.0
5207,1001.0,21.0,1.0,100.0,80.0,,8.0,0.9125,3295.05,8530043.1625,261.0
5208,1001.0,21.0,1.0,100.0,80.0,,9.0,1.1125,3296.1625,8533339.325,261.0
5209,1001.0,21.0,1.0,100.0,80.0,,10.0,0.4375,3296.6,8536635.925,261.0
5210,1001.0,21.0,1.0,100.0,80.0,,11.0,0.75,3297.35,8539933.275,261.0
5211,1001.0,21.0,1.0,100.0,80.0,,12.0,0.625,3297.975,8543231.25,261.0
5212,1001.0,21.0,1.0,100.0,80.0,,13.0,0.3875,3298.3625,8546529.6125,261.0
5213,1001.0,21.0,1.0,100.0,80.0,,14.0,0.475,3298.8375,8549828.45,261.0
5214,1001.0,21.0,1.0,100.0,80.0,,15.0,0.5125,3299.35,8553127.8,261.0
5215,1001.0,21.0,1.0,100.0,80.0,,16.0,0.875,3300.225,8556428.025,261.0
5216,1001.0,21.0,1.0,100.0,80.0,,17.0,0.475,3300.7,8559728.725,261.0
5217,1001.0,21.0,1.0,100.0,80.0,,18.0,0.65,3301.35,8563030.075,261.0
5218,1001.0,21.0,1.0,100.0,80.0,,19.0,0.6625,3302.0125,8566332.0875,261.0
5219,1001.0,21.0,1.0,100.0,80.0,,20.0,0.95,3302.9625,8569635.05,261.0
5220,1001.0,21.0,1.0,100.0,80.0,,1.0,0.125,3303.0875,8572938.1375,262.0
5221,1001.0,21.0,1.0,100.0,80.0,,2.0,1.0125,3304.1,8576242.2375,262.0
5222,1001.0,21.0,1.0,100.0,80.0,,3.0,1.125,3305.225,8579547.4625,262.0
5223,1001.0,21.0,1.0,100.0,80.0,,4.0,0.625,3305.85,8582853.3125,262.0
5224,1001.0,21.0,1.0,100.0,80.0,,5.0,0.6625,3306.5125,8586159.825,262.0
5225,1001.0,21.0,1.0,100.0,80.0,,6.0,0.875,3307.3875,8589467.2125,262.0
5226,1001.0,21.0,1.0,100.0,80.0,,7.0,0.7375,3308.125,8592775.3375,262.0
5227,1001.0,21.0,1.0,100.0,80.0,,8.0,0.1375,3308.2625,8596083.6,262.0
5228,1001.0,21.0,1.0,100.0,80.0,,9.0,0.1375,3308.4,8599392.0,262.0
5229,1001.0,21.0,1.0,100.0,80.0,,10.0,0.25,3308.65,8602700.65,262.0
5230,1001.0,21.0,1.0,100.0,80.0,,11.0,0.625,3309.275,8606009.925,262.0
5231,1001.0,21.0,1.0,100.0,80.0,,12.0,0.35,3309.625,8609319.55,262.0
5232,1001.0,21.0,1.0,100.0,80.0,,13.0,0.6125,3310.2375,8612629.7875,262.0
5233,1001.0,21.0,1.0,100.0,80.0,,14.0,0.85,3311.0875,8615940.875,262.0
5234,1001.0,21.0,1.0,100.0,80.0,,15.0,1.05,3312.1375,8619253.0125,262.0
5235,1001.0,21.0,1.0,100.0,80.0,,16.0,0.1375,3312.275,8622565.2875,262.0
5236,1001.0,21.0,1.0,100.0,80.0,,17.0,0.3375,3312.6125,8625877.9,262.0
5237,1001.0,21.0,1.0,100.0,80.0,,18.0,1.0125,3313.625,8629191.525,262.0
5238,1001.0,21.0,1.0,100.0,80.0,,19.0,0.4,3314.025,8632505.55,262.0
5239,1001.0,21.0,1.0,100.0,80.0,,20.0,0.15,3314.175,8635819.725,262.0
5240,1001.0,21.0,1.0,100.0,80.0,,1.0,0.8625,3315.0375,8639134.7625,263.0
5241,1001.0,21.0,1.0,100.0,80.0,,2.0,1.0,3316.0375,8642450.8,263.0
5242,1001.0,21.0,1.0,100.0,80.0,,3.0,0.475,3316.5125,8645767.3125,263.0
5243,1001.0,21.0,1.0,100.0,80.0,,4.0,0.9375,3317.45,8649084.7625,263.0
5244,1001.0,21.0,1.0,100.0,80.0,,5.0,0.6625,3318.1125,8652402.875,263.0
5245,1001.0,21.0,1.0,100.0,80.0,,6.0,0.7375,3318.85,8655721.725,263.0
5246,1001.0,21.0,1.0,100.0,80.0,,7.0,0.05,3318.9,8659040.625,263.0
5247,1001.0,21.0,1.0,100.0,80.0,,8.0,0.625,3319.525,8662360.15,263.0
5248,1001.0,21.0,1.0,100.0,80.0,,9.0,1.225,3320.75,8665680.9,263.0
5249,1001.0,21.0,1.0,100.0,80.0,,10.0,0.175,3320.925,8669001.825,263.0
5250,1001.0,21.0,1.0,100.0,80.0,,11.0,0.4875,3321.4125,8672323.2375,263.0
5251,1001.0,21.0,1.0,100.0,80.0,,12.0,0.85,3322.2625,8675645.5,263.0
5252,1001.0,21.0,1.0,100.0,80.0,,13.0,0.9,3323.1625,8678968.6625,263.0
5253,1001.0,21.0,1.0,100.0,80.0,,14.0,0.725,3323.8875,8682292.55,263.0
5254,1001.0,21.0,1.0,100.0,80.0,,15.0,0.0375,3323.925,8685616.475,263.0
5255,1001.0,21.0,1.0,100.0,80.0,,16.0,0.1625,3324.0875,8688940.5625,263.0
5256,1001.0,21.0,1.0,100.0,80.0,,17.0,0.8125,3324.9,8692265.4625,263.0
5257,1001.0,21.0,1.0,100.0,80.0,,18.0,0.05,3324.95,8695590.4125,263.0
5258,1001.0,21.0,1.0,100.0,80.0,,19.0,0.375,3325.325,8698915.7375,263.0
5259,1001.0,21.0,1.0,100.0,80.0,,20.0,0.5375,3325.8625,8702241.6,263.0
5260,1001.0,21.0,1.0,100.0,80.0,,1.0,0.025,3325.8875,8705567.4875,264.0
5261,1001.0,21.0,1.0,100.0,80.0,,2.0,0.4,3326.2875,8708893.775,264.0
5262,1001.0,21.0,1.0,100.0,80.0,,3.0,0.6,3326.8875,8712220.6625,264.0
5263,1001.0,21.0,1.0,100.0,80.0,,4.0,0.425,3327.3125,8715547.975,264.0
5264,1001.0,21.0,1.0,100.0,80.0,,5.0,1.1625,3328.475,8718876.45,264.0
5265,1001.0,21.0,1.0,100.0,80.0,,6.0,0.7625,3329.2375,8722205.6875,264.0
5266,1001.0,21.0,1.0,100.0,80.0,,7.0,1.1125,3330.35,8725536.0375,264.0
5267,1001.0,21.0,1.0,100.0,80.0,,8.0,0.475,3330.825,8728866.8625,264.0
5268,1001.0,21.0,1.0,100.0,80.0,,9.0,1.2125,3332.0375,8732198.9,264.0
5269,1001.0,21.0,1.0,100.0,80.0,,10.0,0.9375,3332.975,8735531.875,264.0
5270,1001.0,21.0,1.0,100.0,80.0,,11.0,0.7,3333.675,8738865.55,264.0
5271,1001.0,21.0,1.0,100.0,80.0,,12.0,1.075,3334.75,8742200.3,264.0
5272,1001.0,21.0,1.0,100.0,80.0,,13.0,0.55,3335.3,8745535.6,264.0
5273,1001.0,21.0,1.0,100.0,80.0,,14.0,0.6375,3335.9375,8748871.5375,264.0
5274,1001.0,21.0,1.0,100.0,80.0,,15.0,0.2125,3336.15,8752207.6875,264.0
5275,1001.0,21.0,1.0,100.0,80.0,,16.0,0.875,3337.025,8755544.7125,264.0
5276,1001.0,21.0,1.0,100.0,80.0,,17.0,0.825,3337.85,8758882.5625,264.0
5277,1001.0,21.0,1.0,100.0,80.0,,18.0,0.3625,3338.2125,8762220.775,264.0
5278,1001.0,21.0,1.0,100.0,80.0,,19.0,0.675,3338.8875,8765559.6625,264.0
5279,1001.0,21.0,1.0,100.0,80.0,,20.0,0.1625,3339.05,8768898.7125,264.0
5280,1001.0,21.0,1.0,100.0,80.0,,1.0,0.5,3339.55,8772238.2625,265.0
5281,1001.0,21.0,1.0,100.0,80.0,,2.0,0.275,3339.825,8775578.0875,265.0
5282,1001.0,21.0,1.0,100.0,80.0,,3.0,0.575,3340.4,8778918.4875,265.0
5283,1001.0,21.0,1.0,100.0,80.0,,4.0,0.4125,3340.8125,8782259.3,265.0
5284,1001.0,21.0,1.0,100.0,80.0,,5.0,0.1125,3340.925,8785600.225,265.0
5285,1001.0,21.0,1.0,100.0,80.0,,6.0,0.275,3341.2,8788941.425,265.0
5286,1001.0,21.0,1.0,100.0,80.0,,7.0,0.7,3341.9,8792283.325,265.0
5287,1001.0,21.0,1.0,100.0,80.0,,8.0,0.9625,3342.8625,8795626.1875,265.0
5288,1001.0,21.0,1.0,100.0,80.0,,9.0,0.15,3343.0125,8798969.2,265.0
5289,1001.0,21.0,1.0,100.0,80.0,,10.0,1.0375,3344.05,8802313.25,265.0
5290,1001.0,21.0,1.0,100.0,80.0,,11.0,0.325,3344.375,8805657.625,265.0
5291,1001.0,21.0,1.0,100.0,80.0,,12.0,0.5125,3344.8875,8809002.5125,265.0
5292,1001.0,21.0,1.0,100.0,80.0,,13.0,0.7875,3345.675,8812348.1875,265.0
5293,1001.0,21.0,1.0,100.0,80.0,,14.0,0.5125,3346.1875,8815694.375,265.0
5294,1001.0,21.0,1.0,100.0,80.0,,15.0,0.4375,3346.625,8819041.0,265.0
5295,1001.0,21.0,1.0,100.0,80.0,,16.0,0.8625,3347.4875,8822388.4875,265.0
5296,1001.0,21.0,1.0,100.0,80.0,,17.0,0.475,3347.9625,8825736.45,265.0
5297,1001.0,21.0,1.0,100.0,80.0,,18.0,0.7375,3348.7,8829085.15,265.0
5298,1001.0,21.0,1.0,100.0,80.0,,19.0,0.125,3348.825,8832433.975,265.0
5299,1001.0,21.0,1.0,100.0,80.0,,20.0,0.625,3349.45,8835783.425,265.0
5300,1001.0,21.0,1.0,100.0,80.0,,1.0,0.5,3349.95,8839133.375,266.0
5301,1001.0,21.0,1.0,100.0,80.0,,2.0,0.025,3349.975,8842483.35,266.0
5302,1001.0,21.0,1.0,100.0,80.0,,3.0,0.1125,3350.0875,8845833.4375,266.0
5303,1001.0,21.0,1.0,100.0,80.0,,4.0,0.575,3350.6625,8849184.1,266.0
5304,1001.0,21.0,1.0,100.0,80.0,,5.0,1.1625,3351.825,8852535.925,266.0
5305,1001.0,21.0,1.0,100.0,80.0,,6.0,0.3375,3352.1625,8855888.0875,266.0
5306,1001.0,21.0,1.0,100.0,80.0,,7.0,0.7375,3352.9,8859240.9875,266.0
5307,1001.0,21.0,1.0,100.0,80.0,,8.0,0.9,3353.8,8862594.7875,266.0
5308,1001.0,21.0,1.0,100.0,80.0,,9.0,1.1625,3354.9625,8865949.75,266.0
5309,1001.0,21.0,1.0,100.0,80.0,,10.0,0.8625,3355.825,8869305.575,266.0
5310,1001.0,21.0,1.0,100.0,80.0,,11.0,0.525,3356.35,8872661.925,266.0
5311,1001.0,21.0,1.0,100.0,80.0,,12.0,1.0125,3357.3625,8876019.2875,266.0
5312,1001.0,21.0,1.0,100.0,80.0,,13.0,0.3625,3357.725,8879377.0125,266.0
5313,1001.0,21.0,1.0,100.0,80.0,,14.0,1.0625,3358.7875,8882735.8,266.0
5314,1001.0,21.0,1.0,100.0,80.0,,15.0,0.575,3359.3625,8886095.1625,266.0
5315,1001.0,21.0,1.0,100.0,80.0,,16.0,0.0875,3359.45,8889454.6125,266.0
5316,1001.0,21.0,1.0,100.0,80.0,,17.0,0.0625,3359.5125,8892814.125,266.0
5317,1001.0,21.0,1.0,100.0,80.0,,18.0,0.475,3359.9875,8896174.1125,266.0
5318,1001.0,21.0,1.0,100.0,80.0,,19.0,0.9125,3360.9,8899535.0125,266.0
5319,1001.0,21.0,1.0,100.0,80.0,,20.0,0.3,3361.2,8902896.2125,266.0
5320,1001.0,21.0,1.0,100.0,80.0,,1.0,1.0,3362.2,8906258.4125,267.0
5321,1001.0,21.0,1.0,100.0,80.0,,2.0,1.1875,3363.3875,8909621.8,267.0
5322,1001.0,21.0,1.0,100.0,80.0,,3.0,0.975,3364.3625,8912986.1625,267.0
5323,1001.0,21.0,1.0,100.0,80.0,,4.0,0.9875,3365.35,8916351.5125,267.0
5324,1001.0,21.0,1.0,100.0,80.0,,5.0,0.1875,3365.5375,8919717.05,267.0
5325,1001.0,21.0,1.0,100.0,80.0,,6.0,0.9875,3366.525,8923083.575,267.0
5326,1001.0,21.0,1.0,100.0,80.0,,7.0,0.7375,3367.2625,8926450.8375,267.0
5327,1001.0,21.0,1.0,100.0,80.0,,8.0,0.95,3368.2125,8929819.05,267.0
5328,1001.0,21.0,1.0,100.0,80.0,,9.0,0.85,3369.0625,8933188.1125,267.0
5329,1001.0,21.0,1.0,100.0,80.0,,10.0,0.175,3369.2375,8936557.35,267.0
5330,1001.0,21.0,1.0,100.0,80.0,,11.0,0.7625,3370.0,8939927.35,267.0
5331,1001.0,21.0,1.0,100.0,80.0,,12.0,0.1375,3370.1375,8943297.4875,267.0
5332,1001.0,21.0,1.0,100.0,80.0,,13.0,1.1,3371.2375,8946668.725,267.0
5333,1001.0,21.0,1.0,100.0,80.0,,14.0,0.075,3371.3125,8950040.0375,267.0
5334,1001.0,21.0,1.0,100.0,80.0,,15.0,0.25,3371.5625,8953411.6,267.0
5335,1001.0,21.0,1.0,100.0,80.0,,16.0,0.975,3372.5375,8956784.1375,267.0
5336,1001.0,21.0,1.0,100.0,80.0,,17.0,1.1875,3373.725,8960157.8625,267.0
5337,1001.0,21.0,1.0,100.0,80.0,,18.0,0.9,3374.625,8963532.4875,267.0
5338,1001.0,21.0,1.0,100.0,80.0,,19.0,0.7625,3375.3875,8966907.875,267.0
5339,1001.0,21.0,1.0,100.0,80.0,,20.0,0.8625,3376.25,8970284.125,267.0
5340,1001.0,21.0,1.0,100.0,80.0,,1.0,1.0875,3377.3375,8973661.4625,268.0
5341,1001.0,21.0,1.0,100.0,80.0,,2.0,0.2,3377.5375,8977039.0,268.0
5342,1001.0,21.0,1.0,100.0,80.0,,3.0,0.0875,3377.625,8980416.625,268.0
5343,1001.0,21.0,1.0,100.0,80.0,,4.0,1.1625,3378.7875,8983795.4125,268.0
5344,1001.0,21.0,1.0,100.0,80.0,,5.0,0.1375,3378.925,8987174.3375,268.0
5345,1001.0,21.0,1.0,100.0,80.0,,6.0,0.775,3379.7,8990554.0375,268.0
5346,1001.0,21.0,1.0,100.0,80.0,,7.0,0.575,3380.275,8993934.3125,268.0
5347,1001.0,21.0,1.0,100.0,80.0,,8.0,0.3875,3380.6625,8997314.975,268.0
5348,1001.0,21.0,1.0,100.0,80.0,,9.0,0.9,3381.5625,9000696.5375,268.0
5349,1001.0,21.0,1.0,100.0,80.0,,10.0,0.275,3381.8375,9004078.375,268.0
5350,1001.0,21.0,1.0,100.0,80.0,,11.0,0.7875,3382.625,9007461.0,268.0
5351,1001.0,21.0,1.0,100.0,80.0,,12.0,0.975,3383.6,9010844.6,268.0
5352,1001.0,21.0,1.0,100.0,80.0,,13.0,1.1625,3384.7625,9014229.3625,268.0
5353,1001.0,21.0,1.0,100.0,80.0,,14.0,0.125,3384.8875,9017614.25,268.0
5354,1001.0,21.0,1.0,100.0,80.0,,15.0,0.2,3385.0875,9020999.3375,268.0
5355,1001.0,21.0,1.0,100.0,80.0,,16.0,0.7375,3385.825,9024385.1625,268.0
5356,1001.0,21.0,1.0,100.0,80.0,,17.0,0.0375,3385.8625,9027771.025,268.0
5357,1001.0,21.0,1.0,100.0,80.0,,18.0,0.075,3385.9375,9031156.9625,268.0
5358,1001.0,21.0,1.0,100.0,80.0,,19.0,0.875,3386.8125,9034543.775,268.0
5359,1001.0,21.0,1.0,100.0,80.0,,20.0,0.075,3386.8875,9037930.6625,268.0
5360,1001.0,21.0,1.0,100.0,80.0,,1.0,0.1375,3387.025,9041317.6875,269.0
5361,1001.0,21.0,1.0,100.0,80.0,,2.0,0.9875,3388.0125,9044705.7,269.0
5362,1001.0,21.0,1.0,100.0,80.0,,3.0,0.3125,3388.325,9048094.025,269.0
5363,1001.0,21.0,1.0,100.0,80.0,,4.0,1.2375,3389.5625,9051483.5875,269.0
5364,1001.0,21.0,1.0,100.0,80.0,,5.0,0.225,3389.7875,9054873.375,269.0
5365,1001.0,21.0,1.0,100.0,80.0,,6.0,1.2125,3391.0,9058264.375,269.0
5366,1001.0,21.0,1.0,100.0,80.0,,7.0,0.4125,3391.4125,9061655.7875,269.0
5367,1001.0,21.0,1.0,100.0,80.0,,8.0,0.7875,3392.2,9065047.9875,269.0
5368,1001.0,21.0,1.0,100.0,80.0,,9.0,1.0875,3393.2875,9068441.275,269.0
5369,1001.0,21.0,1.0,100.0,80.0,,10.0,0.55,3393.8375,9071835.1125,269.0
5370,1001.0,21.0,1.0,100.0,80.0,,11.0,0.425,3394.2625,9075229.375,269.0
5371,1001.0,21.0,1.0,100.0,80.0,,12.0,0.55,3394.8125,9078624.1875,269.0
5372,1001.0,21.0,1.0,100.0,80.0,,13.0,0.275,3395.0875,9082019.275,269.0
5373,1001.0,21.0,1.0,100.0,80.0,,14.0,0.5625,3395.65,9085414.925,269.0
5374,1001.0,21.0,1.0,100.0,80.0,,15.0,0.3,3395.95,9088810.875,269.0
5375,1001.0,21.0,1.0,100.0,80.0,,16.0,1.175,3397.125,9092208.0,269.0
5376,1001.0,21.0,1.0,100.0,80.0,,17.0,0.7125,3397.8375,9095605.8375,269.0
5377,1001.0,21.0,1.0,100.0,80.0,,18.0,1.0625,3398.9,9099004.7375,269.0
5378,1001.0,21.0,1.0,100.0,80.0,,19.0,0.8625,3399.7625,9102404.5,269.0
5379,1001.0,21.0,1.0,100.0,80.0,,20.0,0.025,3399.7875,9105804.2875,269.0
5380,1001.0,21.0,1.0,100.0,80.0,,1.0,1.0125,3400.8,9109205.0875,270.0
5381,1001.0,21.0,1.0,100.0,80.0,,2.0,1.15,3401.95,9112607.0375,270.0
5382,1001.0,21.0,1.0,100.0,80.0,,3.0,1.175,3403.125,9116010.1625,270.0
5383,1001.0,21.0,1.0,100.0,80.0,,4.0,1.075,3404.2,9119414.3625,270.0
5384,1001.0,21.0,1.0,100.0,80.0,,5.0,0.7375,3404.9375,9122819.3,270.0
5385,1001.0,21.0,1.0,100.0,80.0,,6.0,0.4625,3405.4,9126224.7,270.0
5386,1001.0,21.0,1.0,100.0,80.0,,7.0,1.075,3406.475,9129631.175,270.0
5387,1001.0,21.0,1.0,100.0,80.0,,8.0,1.0625,3407.5375,9133038.7125,270.0
5388,1001.0,21.0,1.0,100.0,80.0,,9.0,0.0375,3407.575,9136446.2875,270.0
5389,1001.0,21.0,1.0,100.0,80.0,,10.0,0.975,3408.55,9139854.8375,270.0
5390,1001.0,21.0,1.0,100.0,80.0,,11.0,0.45,3409.0,9143263.8375,270.0
5391,1001.0,21.0,1.0,100.0,80.0,,12.0,0.425,3409.425,9146673.2625,270.0
5392,1001.0,21.0,1.0,100.0,80.0,,13.0,0.625,3410.05,9150083.3125,270.0
5393,1001.0,21.0,1.0,100.0,80.0,,14.0,0.6875,3410.7375,9153494.05,270.0
5394,1001.0,21.0,1.0,100.0,80.0,,15.0,1.2,3411.9375,9156905.9875,270.0
5395,1001.0,21.0,1.0,100.0,80.0,,16.0,1.1125,3413.05,9160319.0375,270.0
5396,1001.0,21.0,1.0,100.0,80.0,,17.0,0.925,3413.975,9163733.0125,270.0
5397,1001.0,21.0,1.0,100.0,80.0,,18.0,1.075,3415.05,9167148.0625,270.0
5398,1001.0,21.0,1.0,100.0,80.0,,19.0,0.1125,3415.1625,9170563.225,270.0
5399,1001.0,21.0,1.0,100.0,80.0,,20.0,0.8375,3416.0,9173979.225,270.0
5400,1001.0,21.0,1.0,100.0,80.0,,1.0,1.1375,3417.1375,9177396.3625,271.0
5401,1001.0,21.0,1.0,100.0,80.0,,2.0,0.4125,3417.55,9180813.9125,271.0
5402,1001.0,21.0,1.0,100.0,80.0,,3.0,1.2375,3418.7875,9184232.7,271.0
5403,1001.0,21.0,1.0,100.0,80.0,,4.0,1.175,3419.9625,9187652.6625,271.0
5404,1001.0,21.0,1.0,100.0,80.0,,5.0,0.1,3420.0625,9191072.725,271.0
5405,1001.0,21.0,1.0,100.0,80.0,,6.0,0.2,3420.2625,9194492.9875,271.0
5406,1001.0,21.0,1.0,100.0,80.0,,7.0,0.55,3420.8125,9197913.8,271.0
5407,1001.0,21.0,1.0,100.0,80.0,,8.0,1.1875,3422.0,9201335.8,271.0
5408,1001.0,21.0,1.0,100.0,80.0,,9.0,0.45,3422.45,9204758.25,271.0
5409,1001.0,21.0,1.0,100.0,80.0,,10.0,0.65,3423.1,9208181.35,271.0
5410,1001.0,21.0,1.0,100.0,80.0,,11.0,1.1125,3424.2125,9211605.5625,271.0
5411,1001.0,21.0,1.0,100.0,80.0,,12.0,0.7125,3424.925,9215030.4875,271.0
5412,1001.0,21.0,1.0,100.0,80.0,,13.0,0.0375,3424.9625,9218455.45,271.0
5413,1001.0,21.0,1.0,100.0,80.0,,14.0,0.3,3425.2625,9221880.7125,271.0
5414,1001.0,21.0,1.0,100.0,80.0,,15.0,0.8625,3426.125,9225306.8375,271.0
5415,1001.0,21.0,1.0,100.0,80.0,,16.0,0.275,3426.4,9228733.2375,271.0
5416,1001.0,21.0,1.0,100.0,80.0,,17.0,0.0625,3426.4625,9232159.7,271.0
5417,1001.0,21.0,1.0,100.0,80.0,,18.0,0.325,3426.7875,9235586.4875,271.0
5418,1001.0,21.0,1.0,100.0,80.0,,19.0,0.8625,3427.65,9239014.1375,271.0
5419,1001.0,21.0,1.0,100.0,80.0,,20.0,0.275,3427.925,9242442.0625,271.0
5420,1001.0,21.0,1.0,100.0,80.0,,1.0,0.4125,3428.3375,9245870.4,272.0
5421,1001.0,21.0,1.0,100.0,80.0,,2.0,1.1125,3429.45,9249299.85,272.0
5422,1001.0,21.0,1.0,100.0,80.0,,3.0,0.6875,3430.1375,9252729.9875,272.0
5423,1001.0,21.0,1.0,100.0,80.0,,4.0,0.5125,3430.65,9256160.6375,272.0
5424,1001.0,21.0,1.0,100.0,80.0,,5.0,0.05,3430.7,9259591.3375,272.0
5425,1001.0,21.0,1.0,100.0,80.0,,6.0,0.75,3431.45,9263022.7875,272.0
5426,1001.0,21.0,1.0,100.0,80.0,,7.0,1.175,3432.625,9266455.4125,272.0
5427,1001.0,21.0,1.0,100.0,80.0,,8.0,0.7,3433.325,9269888.7375,272.0
5428,1001.0,21.0,1.0,100.0,80.0,,9.0,1.2,3434.525,9273323.2625,272.0
5429,1001.0,21.0,1.0,100.0,80.0,,10.0,0.2625,3434.7875,9276758.05,272.0
5430,1001.0,21.0,1.0,100.0,80.0,,11.0,0.0125,3434.8,9280192.85,272.0
5431,1001.0,21.0,1.0,100.0,80.0,,12.0,0.9875,3435.7875,9283628.6375,272.0
5432,1001.0,21.0,1.0,100.0,80.0,,13.0,0.35,3436.1375,9287064.775,272.0
5433,1001.0,21.0,1.0,100.0,80.0,,14.0,0.3125,3436.45,9290501.225,272.0
5434,1001.0,21.0,1.0,100.0,80.0,,15.0,0.55,3437.0,9293938.225,272.0
5435,1001.0,21.0,1.0,100.0,80.0,,16.0,0.225,3437.225,9297375.45,272.0
5436,1001.0,21.0,1.0,100.0,80.0,,17.0,0.2875,3437.5125,9300812.9625,272.0
5437,1001.0,21.0,1.0,100.0,80.0,,18.0,0.6875,3438.2,9304251.1625,272.0
5438,1001.0,21.0,1.0,100.0,80.0,,19.0,0.9625,3439.1625,9307690.325,272.0
5439,1001.0,21.0,1.0,100.0,80.0,,20.0,0.8375,3440.0,9311130.325,272.0
5440,1001.0,21.0,1.0,100.0,80.0,,1.0,0.9,3440.9,9314571.225,273.0
5441,1001.0,21.0,1.0,100.0,80.0,,2.0,0.2125,3441.1125,9318012.3375,273.0
5442,1001.0,21.0,1.0,100.0,80.0,,3.0,1.1625,3442.275,9321454.6125,273.0
5443,1001.0,21.0,1.0,100.0,80.0,,4.0,1.125,3443.4,9324898.0125,273.0
5444,1001.0,21.0,1.0,100.0,80.0,,5.0,0.425,3443.825,9328341.8375,273.0
5445,1001.0,21.0,1.0,100.0,80.0,,6.0,0.5625,3444.3875,9331786.225,273.0
5446,1001.0,21.0,1.0,100.0,80.0,,7.0,0.975,3445.3625,9335231.5875,273.0
5447,1001.0,21.0,1.0,100.0,80.0,,8.0,0.05,3445.4125,9338677.0,273.0
5448,1001.0,21.0,1.0,100.0,80.0,,9.0,0.4625,3445.875,9342122.875,273.0
5449,1001.0,21.0,1.0,100.0,80.0,,10.0,0.2125,3446.0875,9345568.9625,273.0
5450,1001.0,21.0,1.0,100.0,80.0,,11.0,0.4375,3446.525,9349015.4875,273.0
5451,1001.0,21.0,1.0,100.0,80.0,,12.0,0.2875,3446.8125,9352462.3,273.0
5452,1001.0,21.0,1.0,100.0,80.0,,13.0,1.15,3447.9625,9355910.2625,273.0
5453,1001.0,21.0,1.0,100.0,80.0,,14.0,0.375,3448.3375,9359358.6,273.0
5454,1001.0,21.0,1.0,100.0,80.0,,15.0,0.9375,3449.275,9362807.875,273.0
5455,1001.0,21.0,1.0,100.0,80.0,,16.0,0.225,3449.5,9366257.375,273.0
5456,1001.0,21.0,1.0,100.0,80.0,,17.0,0.4125,3449.9125,9369707.2875,273.0
5457,1001.0,21.0,1.0,100.0,80.0,,18.0,1.2,3451.1125,9373158.4,273.0
5458,1001.0,21.0,1.0,100.0,80.0,,19.0,0.5625,3451.675,9376610.075,273.0
5459,1001.0,21.0,1.0,100.0,80.0,,20.0,1.1,3452.775,9380062.85,273.0
5460,1001.0,21.0,1.0,100.0,80.0,,1.0,0.525,3453.3,9383516.15,274.0
5461,1001.0,21.0,1.0,100.0,80.0,,2.0,0.4625,3453.7625,9386969.9125,274.0
5462,1001.0,21.0,1.0,100.0,80.0,,3.0,0.225,3453.9875,9390423.9,274.0
5463,1001.0,21.0,1.0,100.0,80.0,,4.0,0.95,3454.9375,9393878.8375,274.0
5464,1001.0,21.0,1.0,100.0,80.0,,5.0,0.2875,3455.225,9397334.0625,274.0
5465,1001.0,21.0,1.0,100.0,80.0,,6.0,0.175,3455.4,9400789.4625,274.0
5466,1001.0,21.0,1.0,100.0,80.0,,7.0,0.9875,3456.3875,9404245.85,274.0
5467,1001.0,21.0,1.0,100.0,80.0,,8.0,0.6875,3457.075,9407702.925,274.0
5468,1001.0,21.0,1.0,100.0,80.0,,9.0,0.1125,3457.1875,9411160.1125,274.0
5469,1001.0,21.0,1.0,100.0,80.0,,10.0,0.225,3457.4125,9414617.525,274.0
5470,1001.0,21.0,1.0,100.0,80.0,,11.0,0.175,3457.5875,9418075.1125,274.0
5471,1001.0,21.0,1.0,100.0,80.0,,12.0,1.0375,3458.625,9421533.7375,274.0
5472,1001.0,21.0,1.0,100.0,80.0,,13.0,0.0625,3458.6875,9424992.425,274.0
5473,1001.0,21.0,1.0,100.0,80.0,,14.0,0.825,3459.5125,9428451.9375,274.0
5474,1001.0,21.0,1.0,100.0,80.0,,15.0,0.75,3460.2625,9431912.2,274.0
5475,1001.0,21.0,1.0,100.0,80.0,,16.0,0.45,3460.7125,9435372.9125,274.0
5476,1001.0,21.0,1.0,100.0,80.0,,17.0,1.0625,3461.775,9438834.6875,274.0
5477,1001.0,21.0,1.0,100.0,80.0,,18.0,0.725,3462.5,9442297.1875,274.0
5478,1001.0,21.0,1.0,100.0,80.0,,19.0,0.4,3462.9,9445760.0875,274.0
5479,1001.0,21.0,1.0,100.0,80.0,,20.0,1.025,3463.925,9449224.0125,274.0
5480,1001.0,21.0,1.0,100.0,80.0,,1.0,0.15,3464.075,9452688.0875,275.0
5481,1001.0,21.0,1.0,100.0,80.0,,2.0,0.425,3464.5,9456152.5875,275.0
5482,1001.0,21.0,1.0,100.0,80.0,,3.0,0.725,3465.225,9459617.8125,275.0
5483,1001.0,21.0,1.0,100.0,80.0,,4.0,0.95,3466.175,9463083.9875,275.0
5484,1001.0,21.0,1.0,100.0,80.0,,5.0,1.2125,3467.3875,9466551.375,275.0
5485,1001.0,21.0,1.0,100.0,80.0,,6.0,0.675,3468.0625,9470019.4375,275.0
5486,1001.0,21.0,1.0,100.0,80.0,,7.0,0.8625,3468.925,9473488.3625,275.0
5487,1001.0,21.0,1.0,100.0,80.0,,8.0,0.1625,3469.0875,9476957.45,275.0
5488,1001.0,21.0,1.0,100.0,80.0,,9.0,0.9625,3470.05,9480427.5,275.0
5489,1001.0,21.0,1.0,100.0,80.0,,10.0,0.3875,3470.4375,9483897.9375,275.0
5490,1001.0,21.0,1.0,100.0,80.0,,11.0,0.45,3470.8875,9487368.825,275.0
5491,1001.0,21.0,1.0,100.0,80.0,,12.0,1.125,3472.0125,9490840.8375,275.0
5492,1001.0,21.0,1.0,100.0,80.0,,13.0,0.775,3472.7875,9494313.625,275.0
5493,1001.0,21.0,1.0,100.0,80.0,,14.0,1.0375,3473.825,9497787.45,275.0
5494,1001.0,21.0,1.0,100.0,80.0,,15.0,0.875,3474.7,9501262.15,275.0
5495,1001.0,21.0,1.0,100.0,80.0,,16.0,0.1625,3474.8625,9504737.0125,275.0
5496,1001.0,21.0,1.0,100.0,80.0,,17.0,0.7625,3475.625,9508212.6375,275.0
5497,1001.0,21.0,1.0,100.0,80.0,,18.0,1.05,3476.675,9511689.3125,275.0
5498,1001.0,21.0,1.0,100.0,80.0,,19.0,1.225,3477.9,9515167.2125,275.0
5499,1001.0,21.0,1.0,100.0,80.0,,20.0,0.65,3478.55,9518645.7625,275.0
5500,1001.0,21.0,1.0,100.0,80.0,,1.0,1.2,3479.75,9522125.5125,276.0
5501,1001.0,21.0,1.0,100.0,80.0,,2.0,0.8125,3480.5625,9525606.075,276.0
5502,1001.0,21.0,1.0,100.0,80.0,,3.0,0.175,3480.7375,9529086.8125,276.0
5503,1001.0,21.0,1.0,100.0,80.0,,4.0,0.125,3480.8625,9532567.675,276.0
5504,1001.0,21.0,1.0,100.0,80.0,,5.0,0.9875,3481.85,9536049.525,276.0
5505,1001.0,21.0,1.0,100.0,80.0,,6.0,0.125,3481.975,9539531.5,276.0
5506,1001.0,21.0,1.0,100.0,80.0,,7.0,0.325,3482.3,9543013.8,276.0
5507,1001.0,21.0,1.0,100.0,80.0,,8.0,0.5375,3482.8375,9546496.6375,276.0
5508,1001.0,21.0,1.0,100.0,80.0,,9.0,1.1375,3483.975,9549980.6125,276.0
5509,1001.0,21.0,1.0,100.0,80.0,,10.0,1.1625,3485.1375,9553465.75,276.0
5510,1001.0,21.0,1.0,100.0,80.0,,11.0,0.875,3486.0125,9556951.7625,276.0
5511,1001.0,21.0,1.0,100.0,80.0,,12.0,0.625,3486.6375,9560438.4,276.0
5512,1001.0,21.0,1.0,100.0,80.0,,13.0,1.1375,3487.775,9563926.175,276.0
5513,1001.0,21.0,1.0,100.0,80.0,,14.0,1.0875,3488.8625,9567415.0375,276.0
5514,1001.0,21.0,1.0,100.0,80.0,,15.0,0.0625,3488.925,9570903.9625,276.0
5515,1001.0,21.0,1.0,100.0,80.0,,16.0,0.025,3488.95,9574392.9125,276.0
5516,1001.0,21.0,1.0,100.0,80.0,,17.0,0.125,3489.075,9577881.9875,276.0
5517,1001.0,21.0,1.0,100.0,80.0,,18.0,0.25,3489.325,9581371.3125,276.0
5518,1001.0,21.0,1.0,100.0,80.0,,19.0,0.875,3490.2,9584861.5125,276.0
5519,1001.0,21.0,1.0,100.0,80.0,,20.0,0.65,3490.85,9588352.3625,276.0
5520,1001.0,21.0,1.0,100.0,80.0,,1.0,0.4625,3491.3125,9591843.675,277.0
5521,1001.0,21.0,1.0,100.0,80.0,,2.0,0.0625,3491.375,9595335.05,277.0
5522,1001.0,21.0,1.0,100.0,80.0,,3.0,0.0625,3491.4375,9598826.4875,277.0
5523,1001.0,21.0,1.0,100.0,80.0,,4.0,0.675,3492.1125,9602318.6,277.0
5524,1001.0,21.0,1.0,100.0,80.0,,5.0,1.1625,3493.275,9605811.875,277.0
5525,1001.0,21.0,1.0,100.0,80.0,,6.0,0.675,3493.95,9609305.825,277.0
5526,1001.0,21.0,1.0,100.0,80.0,,7.0,0.175,3494.125,9612799.95,277.0
5527,1001.0,21.0,1.0,100.0,80.0,,8.0,0.8625,3494.9875,9616294.9375,277.0
5528,1001.0,21.0,1.0,100.0,80.0,,9.0,1.1,3496.0875,9619791.025,277.0
5529,1001.0,21.0,1.0,100.0,80.0,,10.0,1.15,3497.2375,9623288.2625,277.0
5530,1001.0,21.0,1.0,100.0,80.0,,11.0,0.7625,3498.0,9626786.2625,277.0
5531,1001.0,21.0,1.0,100.0,80.0,,12.0,0.55,3498.55,9630284.8125,277.0
5532,1001.0,21.0,1.0,100.0,80.0,,13.0,0.05,3498.6,9633783.4125,277.0
5533,1001.0,21.0,1.0,100.0,80.0,,14.0,0.5625,3499.1625,9637282.575,277.0
5534,1001.0,21.0,1.0,100.0,80.0,,15.0,0.7625,3499.925,9640782.5,277.0
5535,1001.0,21.0,1.0,100.0,80.0,,16.0,1.2375,3501.1625,9644283.6625,277.0
5536,1001.0,21.0,1.0,100.0,80.0,,17.0,0.775,3501.9375,9647785.6,277.0
5537,1001.0,21.0,1.0,100.0,80.0,,18.0,0.45,3502.3875,9651287.9875,277.0
5538,1001.0,21.0,1.0,100.0,80.0,,19.0,0.7875,3503.175,9654791.1625,277.0
5539,1001.0,21.0,1.0,100.0,80.0,,20.0,0.1125,3503.2875,9658294.45,277.0
5540,1001.0,21.0,1.0,100.0,80.0,,1.0,0.45,3503.7375,9661798.1875,278.0
5541,1001.0,21.0,1.0,100.0,80.0,,2.0,0.4625,3504.2,9665302.3875,278.0
5542,1001.0,21.0,1.0,100.0,80.0,,3.0,0.8,3505.0,9668807.3875,278.0
5543,1001.0,21.0,1.0,100.0,80.0,,4.0,0.675,3505.675,9672313.0625,278.0
5544,1001.0,21.0,1.0,100.0,80.0,,5.0,0.1125,3505.7875,9675818.85,278.0
5545,1001.0,21.0,1.0,100.0,80.0,,6.0,0.0375,3505.825,9679324.675,278.0
5546,1001.0,21.0,1.0,100.0,80.0,,7.0,0.725,3506.55,9682831.225,278.0
5547,1001.0,21.0,1.0,100.0,80.0,,8.0,0.5375,3507.0875,9686338.3125,278.0
5548,1001.0,21.0,1.0,100.0,80.0,,9.0,0.15,3507.2375,9689845.55,278.0
5549,1001.0,21.0,1.0,100.0,80.0,,10.0,0.4375,3507.675,9693353.225,278.0
5550,1001.0,21.0,1.0,100.0,80.0,,11.0,0.8125,3508.4875,9696861.7125,278.0
5551,1001.0,21.0,1.0,100.0,80.0,,12.0,0.9625,3509.45,9700371.1625,278.0
5552,1001.0,21.0,1.0,100.0,80.0,,13.0,0.0125,3509.4625,9703880.625,278.0
5553,1001.0,21.0,1.0,100.0,80.0,,14.0,0.2375,3509.7,9707390.325,278.0
5554,1001.0,21.0,1.0,100.0,80.0,,15.0,0.2125,3509.9125,9710900.2375,278.0
5555,1001.0,21.0,1.0,100.0,80.0,,16.0,1.175,3511.0875,9714411.325,278.0
5556,1001.0,21.0,1.0,100.0,80.0,,17.0,0.525,3511.6125,9717922.9375,278.0
5557,1001.0,21.0,1.0,100.0,80.0,,18.0,1.0875,3512.7,9721435.6375,278.0
5558,1001.0,21.0,1.0,100.0,80.0,,19.0,0.35,3513.05,9724948.6875,278.0
5559,1001.0,21.0,1.0,100.0,80.0,,20.0,1.025,3514.075,9728462.7625,278.0
5560,1001.0,21.0,1.0,100.0,80.0,,1.0,0.425,3514.5,9731977.2625,279.0
5561,1001.0,21.0,1.0,100.0,80.0,,2.0,0.7875,3515.2875,9735492.55,279.0
5562,1001.0,21.0,1.0,100.0,80.0,,3.0,0.125,3515.4125,9739007.9625,279.0
5563,1001.0,21.0,1.0,100.0,80.0,,4.0,0.925,3516.3375,9742524.3,279.0
5564,1001.0,21.0,1.0,100.0,80.0,,5.0,1.0125,3517.35,9746041.65,279.0
5565,1001.0,21.0,1.0,100.0,80.0,,6.0,1.025,3518.375,9749560.025,279.0
5566,1001.0,21.0,1.0,100.0,80.0,,7.0,0.8125,3519.1875,9753079.2125,279.0
5567,1001.0,21.0,1.0,100.0,80.0,,8.0,1.025,3520.2125,9756599.425,279.0
5568,1001.0,21.0,1.0,100.0,80.0,,9.0,0.5875,3520.8,9760120.225,279.0
5569,1001.0,21.0,1.0,100.0,80.0,,10.0,0.1875,3520.9875,9763641.2125,279.0
5570,1001.0,21.0,1.0,100.0,80.0,,11.0,0.525,3521.5125,9767162.725,279.0
5571,1001.0,21.0,1.0,100.0,80.0,,12.0,0.1,3521.6125,9770684.3375,279.0
5572,1001.0,21.0,1.0,100.0,80.0,,13.0,1.2125,3522.825,9774207.1625,279.0
5573,1001.0,21.0,1.0,100.0,80.0,,14.0,0.0625,3522.8875,9777730.05,279.0
5574,1001.0,21.0,1.0,100.0,80.0,,15.0,0.2875,3523.175,9781253.225,279.0
5575,1001.0,21.0,1.0,100.0,80.0,,16.0,0.525,3523.7,9784776.925,279.0
5576,1001.0,21.0,1.0,100.0,80.0,,17.0,0.075,3523.775,9788300.7,279.0
5577,1001.0,21.0,1.0,100.0,80.0,,18.0,0.8125,3524.5875,9791825.2875,279.0
5578,1001.0,21.0,1.0,100.0,80.0,,19.0,0.725,3525.3125,9795350.6,279.0
5579,1001.0,21.0,1.0,100.0,80.0,,20.0,0.9625,3526.275,9798876.875,279.0
5580,1001.0,21.0,1.0,100.0,80.0,,1.0,0.9,3527.175,9802404.05,280.0
5581,1001.0,21.0,1.0,100.0,80.0,,2.0,1.0125,3528.1875,9805932.2375,280.0
5582,1001.0,21.0,1.0,100.0,80.0,,3.0,0.6375,3528.825,9809461.0625,280.0
5583,1001.0,21.0,1.0,100.0,80.0,,4.0,1.0125,3529.8375,9812990.9,280.0
5584,1001.0,21.0,1.0,100.0,80.0,,5.0,0.5125,3530.35,9816521.25,280.0
5585,1001.0,21.0,1.0,100.0,80.0,,6.0,0.6375,3530.9875,9820052.2375,280.0
5586,1001.0,21.0,1.0,100.0,80.0,,7.0,1.225,3532.2125,9823584.45,280.0
5587,1001.0,21.0,1.0,100.0,80.0,,8.0,0.0375,3532.25,9827116.7,280.0
5588,1001.0,21.0,1.0,100.0,80.0,,9.0,0.6625,3532.9125,9830649.6125,280.0
5589,1001.0,21.0,1.0,100.0,80.0,,10.0,0.775,3533.6875,9834183.3,280.0
5590,1001.0,21.0,1.0,100.0,80.0,,11.0,1.1,3534.7875,9837718.0875,280.0
5591,1001.0,21.0,1.0,100.0,80.0,,12.0,1.075,3535.8625,9841253.95,280.0
5592,1001.0,21.0,1.0,100.0,80.0,,13.0,0.825,3536.6875,9844790.6375,280.0
5593,1001.0,21.0,1.0,100.0,80.0,,14.0,1.05,3537.7375,9848328.375,280.0
5594,1001.0,21.0,1.0,100.0,80.0,,15.0,0.875,3538.6125,9851866.9875,280.0
5595,1001.0,21.0,1.0,100.0,80.0,,16.0,0.5625,3539.175,9855406.1625,280.0
5596,1001.0,21.0,1.0,100.0,80.0,,17.0,0.725,3539.9,9858946.0625,280.0
5597,1001.0,21.0,1.0,100.0,80.0,,18.0,0.6375,3540.5375,9862486.6,280.0
5598,1001.0,21.0,1.0,100.0,80.0,,19.0,0.4125,3540.95,9866027.55,280.0
5599,1001.0,21.0,1.0,100.0,80.0,,20.0,0.55,3541.5,9869569.05,280.0
5600,1001.0,21.0,1.0,100.0,80.0,,1.0,0.5,3542.0,9873111.05,281.0
5601,1001.0,21.0,1.0,100.0,80.0,,2.0,0.7375,3542.7375,9876653.7875,281.0
5602,1001.0,21.0,1.0,100.0,80.0,,3.0,0.1375,3542.875,9880196.6625,281.0
5603,1001.0,21.0,1.0,100.0,80.0,,4.0,0.6,3543.475,9883740.1375,281.0
5604,1001.0,21.0,1.0,100.0,80.0,,5.0,0.6375,3544.1125,9887284.25,281.0
5605,1001.0,21.0,1.0,100.0,80.0,,6.0,1.0875,3545.2,9890829.45,281.0
5606,1001.0,21.0,1.0,100.0,80.0,,7.0,0.2625,3545.4625,9894374.9125,281.0
5607,1001.0,21.0,1.0,100.0,80.0,,8.0,0.3875,3545.85,9897920.7625,281.0
5608,1001.0,21.0,1.0,100.0,80.0,,9.0,0.675,3546.525,9901467.2875,281.0
5609,1001.0,21.0,1.0,100.0,80.0,,10.0,1.1125,3547.6375,9905014.925,281.0
5610,1001.0,21.0,1.0,100.0,80.0,,11.0,0.3,3547.9375,9908562.8625,281.0
5611,1001.0,21.0,1.0,100.0,80.0,,12.0,1.1625,3549.1,9912111.9625,281.0
5612,1001.0,21.0,1.0,100.0,80.0,,13.0,0.7875,3549.8875,9915661.85,281.0
5613,1001.0,21.0,1.0,100.0,80.0,,14.0,0.925,3550.8125,9919212.6625,281.0
5614,1001.0,21.0,1.0,100.0,80.0,,15.0,1.075,3551.8875,9922764.55,281.0
5615,1001.0,21.0,1.0,100.0,80.0,,16.0,0.7125,3552.6,9926317.15,281.0
5616,1001.0,21.0,1.0,100.0,80.0,,17.0,0.2625,3552.8625,9929870.0125,281.0
5617,1001.0,21.0,1.0,100.0,80.0,,18.0,0.125,3552.9875,9933423.0,281.0
5618,1001.0,21.0,1.0,100.0,80.0,,19.0,0.2625,3553.25,9936976.25,281.0
5619,1001.0,21.0,1.0,100.0,80.0,,20.0,0.45,3553.7,9940529.95,281.0
5620,1001.0,21.0,1.0,100.0,80.0,,1.0,0.825,3554.525,9944084.475,282.0
5621,1001.0,21.0,1.0,100.0,80.0,,2.0,0.6875,3555.2125,9947639.6875,282.0
5622,1001.0,21.0,1.0,100.0,80.0,,3.0,0.925,3556.1375,9951195.825,282.0
5623,1001.0,21.0,1.0,100.0,80.0,,4.0,0.075,3556.2125,9954752.0375,282.0
5624,1001.0,21.0,1.0,100.0,80.0,,5.0,0.675,3556.8875,9958308.925,282.0
5625,1001.0,21.0,1.0,100.0,80.0,,6.0,0.0875,3556.975,9961865.9,282.0
5626,1001.0,21.0,1.0,100.0,80.0,,7.0,0.25,3557.225,9965423.125,282.0
5627,1001.0,21.0,1.0,100.0,80.0,,8.0,1.025,3558.25,9968981.375,282.0
5628,1001.0,21.0,1.0,100.0,80.0,,9.0,0.45,3558.7,9972540.075,282.0
5629,1001.0,21.0,1.0,100.0,80.0,,10.0,0.2,3558.9,9976098.975,282.0
5630,1001.0,21.0,1.0,100.0,80.0,,11.0,0.575,3559.475,9979658.45,282.0
5631,1001.0,21.0,1.0,100.0,80.0,,12.0,1.2125,3560.6875,9983219.1375,282.0
5632,1001.0,21.0,1.0,100.0,80.0,,13.0,0.45,3561.1375,9986780.275,282.0
5633,1001.0,21.0,1.0,100.0,80.0,,14.0,0.8875,3562.025,9990342.3,282.0
5634,1001.0,21.0,1.0,100.0,80.0,,15.0,0.8375,3562.8625,9993905.1625,282.0
5635,1001.0,21.0,1.0,100.0,80.0,,16.0,0.4625,3563.325,9997468.4875,282.0
5636,1001.0,21.0,1.0,100.0,80.0,,17.0,1.125,3564.45,10001032.9375,282.0
5637,1001.0,21.0,1.0,100.0,80.0,,18.0,0.375,3564.825,10004597.7625,282.0
5638,1001.0,21.0,1.0,100.0,80.0,,19.0,0.4125,3565.2375,10008163.0,282.0
5639,1001.0,21.0,1.0,100.0,80.0,,20.0,1.175,3566.4125,10011729.4125,282.0
5640,1001.0,21.0,1.0,100.0,80.0,,1.0,0.275,3566.6875,10015296.1,283.0
5641,1001.0,21.0,1.0,100.0,80.0,,2.0,0.9625,3567.65,10018863.75,283.0
5642,1001.0,21.0,1.0,100.0,80.0,,3.0,0.2375,3567.8875,10022431.6375,283.0
5643,1001.0,21.0,1.0,100.0,80.0,,4.0,0.25,3568.1375,10025999.775,283.0
5644,1001.0,21.0,1.0,100.0,80.0,,5.0,0.225,3568.3625,10029568.1375,283.0
5645,1001.0,21.0,1.0,100.0,80.0,,6.0,0.3125,3568.675,10033136.8125,283.0
5646,1001.0,21.0,1.0,100.0,80.0,,7.0,0.1875,3568.8625,10036705.675,283.0
5647,1001.0,21.0,1.0,100.0,80.0,,8.0,1.075,3569.9375,10040275.6125,283.0
5648,1001.0,21.0,1.0,100.0,80.0,,9.0,0.9,3570.8375,10043846.45,283.0
5649,1001.0,21.0,1.0,100.0,80.0,,10.0,0.225,3571.0625,10047417.5125,283.0
5650,1001.0,21.0,1.0,100.0,80.0,,11.0,0.9,3571.9625,10050989.475,283.0
5651,1001.0,21.0,1.0,100.0,80.0,,12.0,0.35,3572.3125,10054561.7875,283.0
5652,1001.0,21.0,1.0,100.0,80.0,,13.0,1.175,3573.4875,10058135.275,283.0
5653,1001.0,21.0,1.0,100.0,80.0,,14.0,0.1375,3573.625,10061708.9,283.0
5654,1001.0,21.0,1.0,100.0,80.0,,15.0,0.0875,3573.7125,10065282.6125,283.0
5655,1001.0,21.0,1.0,100.0,80.0,,16.0,0.3875,3574.1,10068856.7125,283.0
5656,1001.0,21.0,1.0,100.0,80.0,,17.0,1.075,3575.175,10072431.8875,283.0
5657,1001.0,21.0,1.0,100.0,80.0,,18.0,0.15,3575.325,10076007.2125,283.0
5658,1001.0,21.0,1.0,100.0,80.0,,19.0,0.375,3575.7,10079582.9125,283.0
5659,1001.0,21.0,1.0,100.0,80.0,,20.0,0.925,3576.625,10083159.5375,283.0
5660,1001.0,21.0,1.0,100.0,80.0,,1.0,0.6125,3577.2375,10086736.775,284.0
5661,1001.0,21.0,1.0,100.0,80.0,,2.0,0.875,3578.1125,10090314.8875,284.0
5662,1001.0,21.0,1.0,100.0,80.0,,3.0,0.3125,3578.425,10093893.3125,284.0
5663,1001.0,21.0,1.0,100.0,80.0,,4.0,0.15,3578.575,10097471.8875,284.0
5664,1001.0,21.0,1.0,100.0,80.0,,5.0,1.1625,3579.7375,10101051.625,284.0
5665,1001.0,21.0,1.0,100.0,80.0,,6.0,0.1125,3579.85,10104631.475,284.0
5666,1001.0,21.0,1.0,100.0,80.0,,7.0,0.55,3580.4,10108211.875,284.0
5667,1001.0,21.0,1.0,100.0,80.0,,8.0,0.2375,3580.6375,10111792.5125,284.0
5668,1001.0,21.0,1.0,100.0,80.0,,9.0,0.4875,3581.125,10115373.6375,284.0
5669,1001.0,21.0,1.0,100.0,80.0,,10.0,0.05,3581.175,10118954.8125,284.0
5670,1001.0,21.0,1.0,100.0,80.0,,11.0,0.5,3581.675,10122536.4875,284.0
5671,1001.0,21.0,1.0,100.0,80.0,,12.0,0.6875,3582.3625,10126118.85,284.0
5672,1001.0,21.0,1.0,100.0,80.0,,13.0,0.1125,3582.475,10129701.325,284.0
5673,1001.0,21.0,1.0,100.0,80.0,,14.0,0.4,3582.875,10133284.2,284.0
5674,1001.0,21.0,1.0,100.0,80.0,,15.0,0.6875,3583.5625,10136867.7625,284.0
5675,1001.0,21.0,1.0,100.0,80.0,,16.0,0.825,3584.3875,10140452.15,284.0
5676,1001.0,21.0,1.0,100.0,80.0,,17.0,0.2,3584.5875,10144036.7375,284.0
5677,1001.0,21.0,1.0,100.0,80.0,,18.0,0.5125,3585.1,10147621.8375,284.0
5678,1001.0,21.0,1.0,100.0,80.0,,19.0,0.6625,3585.7625,10151207.6,284.0
5679,1001.0,21.0,1.0,100.0,80.0,,20.0,0.525,3586.2875,10154793.8875,284.0
5680,1001.0,21.0,1.0,100.0,80.0,,1.0,0.75,3587.0375,10158380.925,285.0
5681,1001.0,21.0,1.0,100.0,80.0,,2.0,0.875,3587.9125,10161968.8375,285.0
5682,1001.0,21.0,1.0,100.0,80.0,,3.0,0.4375,3588.35,10165557.1875,285.0
5683,1001.0,21.0,1.0,100.0,80.0,,4.0,1.1625,3589.5125,10169146.7,285.0
5684,1001.0,21.0,1.0,100.0,80.0,,5.0,0.0625,3589.575,10172736.275,285.0
5685,1001.0,21.0,1.0,100.0,80.0,,6.0,1.0,3590.575,10176326.85,285.0
5686,1001.0,21.0,1.0,100.0,80.0,,7.0,0.7875,3591.3625,10179918.2125,285.0
5687,1001.0,21.0,1.0,100.0,80.0,,8.0,1.1625,3592.525,10183510.7375,285.0
5688,1001.0,21.0,1.0,100.0,80.0,,9.0,1.1125,3593.6375,10187104.375,285.0
5689,1001.0,21.0,1.0,100.0,80.0,,10.0,0.825,3594.4625,10190698.8375,285.0
5690,1001.0,21.0,1.0,100.0,80.0,,11.0,0.75,3595.2125,10194294.05,285.0
5691,1001.0,21.0,1.0,100.0,80.0,,12.0,1.0125,3596.225,10197890.275,285.0
5692,1001.0,21.0,1.0,100.0,80.0,,13.0,1.1375,3597.3625,10201487.6375,285.0
5693,1001.0,21.0,1.0,100.0,80.0,,14.0,0.4125,3597.775,10205085.4125,285.0
5694,1001.0,21.0,1.0,100.0,80.0,,15.0,0.7875,3598.5625,10208683.975,285.0
5695,1001.0,21.0,1.0,100.0,80.0,,16.0,0.6125,3599.175,10212283.15,285.0
5696,1001.0,21.0,1.0,100.0,80.0,,17.0,1.05,3600.225,10215883.375,285.0
5697,1001.0,21.0,1.0,100.0,80.0,,18.0,1.0,3601.225,10219484.6,285.0
5698,1001.0,21.0,1.0,100.0,80.0,,19.0,0.4625,3601.6875,10223086.2875,285.0
5699,1001.0,21.0,1.0,100.0,80.0,,20.0,0.3375,3602.025,10226688.3125,285.0
5700,1001.0,21.0,1.0,100.0,80.0,,1.0,0.9625,3602.9875,10230291.3,286.0
5701,1001.0,21.0,1.0,100.0,80.0,,2.0,0.55,3603.5375,10233894.8375,286.0
5702,1001.0,21.0,1.0,100.0,80.0,,3.0,1.175,3604.7125,10237499.55,286.0
5703,1001.0,21.0,1.0,100.0,80.0,,4.0,0.9,3605.6125,10241105.1625,286.0
5704,1001.0,21.0,1.0,100.0,80.0,,5.0,0.45,3606.0625,10244711.225,286.0
5705,1001.0,21.0,1.0,100.0,80.0,,6.0,1.1375,3607.2,10248318.425,286.0
5706,1001.0,21.0,1.0,100.0,80.0,,7.0,0.325,3607.525,10251925.95,286.0
5707,1001.0,21.0,1.0,100.0,80.0,,8.0,0.675,3608.2,10255534.15,286.0
5708,1001.0,21.0,1.0,100.0,80.0,,9.0,0.2375,3608.4375,10259142.5875,286.0
5709,1001.0,21.0,1.0,100.0,80.0,,10.0,0.725,3609.1625,10262751.75,286.0
5710,1001.0,21.0,1.0,100.0,80.0,,11.0,1.225,3610.3875,10266362.1375,286.0
5711,1001.0,21.0,1.0,100.0,80.0,,12.0,0.8875,3611.275,10269973.4125,286.0
5712,1001.0,21.0,1.0,100.0,80.0,,13.0,0.1375,3611.4125,10273584.825,286.0
5713,1001.0,21.0,1.0,100.0,80.0,,14.0,0.025,3611.4375,10277196.2625,286.0
5714,1001.0,21.0,1.0,100.0,80.0,,15.0,0.625,3612.0625,10280808.325,286.0
5715,1001.0,21.0,1.0,100.0,80.0,,16.0,0.6375,3612.7,10284421.025,286.0
5716,1001.0,21.0,1.0,100.0,80.0,,17.0,1.075,3613.775,10288034.8,286.0
5717,1001.0,21.0,1.0,100.0,80.0,,18.0,0.8875,3614.6625,10291649.4625,286.0
5718,1001.0,21.0,1.0,100.0,80.0,,19.0,0.625,3615.2875,10295264.75,286.0
5719,1001.0,21.0,1.0,100.0,80.0,,20.0,1.025,3616.3125,10298881.0625,286.0
5720,1001.0,21.0,1.0,100.0,80.0,,1.0,0.3375,3616.65,10302497.7125,287.0
5721,1001.0,21.0,1.0,100.0,80.0,,2.0,0.9375,3617.5875,10306115.3,287.0
5722,1001.0,21.0,1.0,100.0,80.0,,3.0,0.775,3618.3625,10309733.6625,287.0
5723,1001.0,21.0,1.0,100.0,80.0,,4.0,0.4375,3618.8,10313352.4625,287.0
5724,1001.0,21.0,1.0,100.0,80.0,,5.0,0.5625,3619.3625,10316971.825,287.0
5725,1001.0,21.0,1.0,100.0,80.0,,6.0,1.05,3620.4125,10320592.2375,287.0
5726,1001.0,21.0,1.0,100.0,80.0,,7.0,0.05,3620.4625,10324212.7,287.0
5727,1001.0,21.0,1.0,100.0,80.0,,8.0,1.2125,3621.675,10327834.375,287.0
5728,1001.0,21.0,1.0,100.0,80.0,,9.0,1.1125,3622.7875,10331457.1625,287.0
5729,1001.0,21.0,1.0,100.0,80.0,,10.0,1.1375,3623.925,10335081.0875,287.0
5730,1001.0,21.0,1.0,100.0,80.0,,11.0,0.3,3624.225,10338705.3125,287.0
5731,1001.0,21.0,1.0,100.0,80.0,,12.0,0.775,3625.0,10342330.3125,287.0
5732,1001.0,21.0,1.0,100.0,80.0,,13.0,1.125,3626.125,10345956.4375,287.0
5733,1001.0,21.0,1.0,100.0,80.0,,14.0,0.3,3626.425,10349582.8625,287.0
5734,1001.0,21.0,1.0,100.0,80.0,,15.0,0.7125,3627.1375,10353210.0,287.0
5735,1001.0,21.0,1.0,100.0,80.0,,16.0,0.8125,3627.95,10356837.95,287.0
5736,1001.0,21.0,1.0,100.0,80.0,,17.0,1.2,3629.15,10360467.1,287.0
5737,1001.0,21.0,1.0,100.0,80.0,,18.0,0.3875,3629.5375,10364096.6375,287.0
5738,1001.0,21.0,1.0,100.0,80.0,,19.0,0.8,3630.3375,10367726.975,287.0
5739,1001.0,21.0,1.0,100.0,80.0,,20.0,0.6875,3631.025,10371358.0,287.0
5740,1001.0,21.0,1.0,100.0,80.0,,1.0,1.1375,3632.1625,10374990.1625,288.0
5741,1001.0,21.0,1.0,100.0,80.0,,2.0,0.8875,3633.05,10378623.2125,288.0
5742,1001.0,21.0,1.0,100.0,80.0,,3.0,0.45,3633.5,10382256.7125,288.0
5743,1001.0,21.0,1.0,100.0,80.0,,4.0,1.05,3634.55,10385891.2625,288.0
5744,1001.0,21.0,1.0,100.0,80.0,,5.0,1.15,3635.7,10389526.9625,288.0
5745,1001.0,21.0,1.0,100.0,80.0,,6.0,0.7375,3636.4375,10393163.4,288.0
5746,1001.0,21.0,1.0,100.0,80.0,,7.0,0.4875,3636.925,10396800.325,288.0
5747,1001.0,21.0,1.0,100.0,80.0,,8.0,1.0875,3638.0125,10400438.3375,288.0
5748,1001.0,21.0,1.0,100.0,80.0,,9.0,0.55,3638.5625,10404076.9,288.0
5749,1001.0,21.0,1.0,100.0,80.0,,10.0,0.5875,3639.15,10407716.05,288.0
5750,1001.0,21.0,1.0,100.0,80.0,,11.0,0.4875,3639.6375,10411355.6875,288.0
5751,1001.0,21.0,1.0,100.0,80.0,,12.0,0.575,3640.2125,10414995.9,288.0
5752,1001.0,21.0,1.0,100.0,80.0,,13.0,0.4,3640.6125,10418636.5125,288.0
5753,1001.0,21.0,1.0,100.0,80.0,,14.0,0.325,3640.9375,10422277.45,288.0
5754,1001.0,21.0,1.0,100.0,80.0,,15.0,0.775,3641.7125,10425919.1625,288.0
5755,1001.0,21.0,1.0,100.0,80.0,,16.0,0.225,3641.9375,10429561.1,288.0
5756,1001.0,21.0,1.0,100.0,80.0,,17.0,0.9625,3642.9,10433204.0,288.0
5757,1001.0,21.0,1.0,100.0,80.0,,18.0,0.3375,3643.2375,10436847.2375,288.0
5758,1001.0,21.0,1.0,100.0,80.0,,19.0,1.025,3644.2625,10440491.5,288.0
5759,1001.0,21.0,1.0,100.0,80.0,,20.0,0.05,3644.3125,10444135.8125,288.0
5760,1001.0,21.0,1.0,100.0,80.0,,1.0,0.9,3645.2125,10447781.025,289.0
5761,1001.0,21.0,1.0,100.0,80.0,,2.0,0.25,3645.4625,10451426.4875,289.0
5762,1001.0,21.0,1.0,100.0,80.0,,3.0,0.475,3645.9375,10455072.425,289.0
5763,1001.0,21.0,1.0,100.0,80.0,,4.0,0.5875,3646.525,10458718.95,289.0
5764,1001.0,21.0,1.0,100.0,80.0,,5.0,0.6875,3647.2125,10462366.1625,289.0
5765,1001.0,21.0,1.0,100.0,80.0,,6.0,0.85,3648.0625,10466014.225,289.0
5766,1001.0,21.0,1.0,100.0,80.0,,7.0,1.225,3649.2875,10469663.5125,289.0
5767,1001.0,21.0,1.0,100.0,80.0,,8.0,0.2125,3649.5,10473313.0125,289.0
5768,1001.0,21.0,1.0,100.0,80.0,,9.0,0.425,3649.925,10476962.9375,289.0
5769,1001.0,21.0,1.0,100.0,80.0,,10.0,0.75,3650.675,10480613.6125,289.0
5770,1001.0,21.0,1.0,100.0,80.0,,11.0,0.6625,3651.3375,10484264.95,289.0
5771,1001.0,21.0,1.0,100.0,80.0,,12.0,0.55,3651.8875,10487916.8375,289.0
5772,1001.0,21.0,1.0,100.0,80.0,,13.0,0.0625,3651.95,10491568.7875,289.0
5773,1001.0,21.0,1.0,100.0,80.0,,14.0,0.425,3652.375,10495221.1625,289.0
5774,1001.0,21.0,1.0,100.0,80.0,,15.0,0.6625,3653.0375,10498874.2,289.0
5775,1001.0,21.0,1.0,100.0,80.0,,16.0,0.4875,3653.525,10502527.725,289.0
5776,1001.0,21.0,1.0,100.0,80.0,,17.0,0.5125,3654.0375,10506181.7625,289.0
5777,1001.0,21.0,1.0,100.0,80.0,,18.0,0.5625,3654.6,10509836.3625,289.0
5778,1001.0,21.0,1.0,100.0,80.0,,19.0,1.1875,3655.7875,10513492.15,289.0
5779,1001.0,21.0,1.0,100.0,80.0,,20.0,0.425,3656.2125,10517148.3625,289.0
5780,1001.0,21.0,1.0,100.0,80.0,,1.0,0.425,3656.6375,10520805.0,290.0
5781,1001.0,21.0,1.0,100.0,80.0,,2.0,0.2875,3656.925,10524461.925,290.0
5782,1001.0,21.0,1.0,100.0,80.0,,3.0,0.5875,3657.5125,10528119.4375,290.0
5783,1001.0,21.0,1.0,100.0,80.0,,4.0,0.65,3658.1625,10531777.6,290.0
5784,1001.0,21.0,1.0,100.0,80.0,,5.0,0.6,3658.7625,10535436.3625,290.0
5785,1001.0,21.0,1.0,100.0,80.0,,6.0,0.8875,3659.65,10539096.0125,290.0
5786,1001.0,21.0,1.0,100.0,80.0,,7.0,1.075,3660.725,10542756.7375,290.0
5787,1001.0,21.0,1.0,100.0,80.0,,8.0,0.725,3661.45,10546418.1875,290.0
5788,1001.0,21.0,1.0,100.0,80.0,,9.0,0.8875,3662.3375,10550080.525,290.0
5789,1001.0,21.0,1.0,100.0,80.0,,10.0,0.35,3662.6875,10553743.2125,290.0
5790,1001.0,21.0,1.0,100.0,80.0,,11.0,0.475,3663.1625,10557406.375,290.0
5791,1001.0,21.0,1.0,100.0,80.0,,12.0,0.1875,3663.35,10561069.725,290.0
5792,1001.0,21.0,1.0,100.0,80.0,,13.0,0.2,3663.55,10564733.275,290.0
5793,1001.0,21.0,1.0,100.0,80.0,,14.0,0.7875,3664.3375,10568397.6125,290.0
5794,1001.0,21.0,1.0,100.0,80.0,,15.0,0.8,3665.1375,10572062.75,290.0
5795,1001.0,21.0,1.0,100.0,80.0,,16.0,0.275,3665.4125,10575728.1625,290.0
5796,1001.0,21.0,1.0,100.0,80.0,,17.0,1.1625,3666.575,10579394.7375,290.0
5797,1001.0,21.0,1.0,100.0,80.0,,18.0,1.0375,3667.6125,10583062.35,290.0
5798,1001.0,21.0,1.0,100.0,80.0,,19.0,0.475,3668.0875,10586730.4375,290.0
5799,1001.0,21.0,1.0,100.0,80.0,,20.0,1.0125,3669.1,10590399.5375,290.0
5800,1001.0,21.0,1.0,100.0,80.0,,1.0,0.8125,3669.9125,10594069.45,291.0
5801,1001.0,21.0,1.0,100.0,80.0,,2.0,0.525,3670.4375,10597739.8875,291.0
5802,1001.0,21.0,1.0,100.0,80.0,,3.0,0.8625,3671.3,10601411.1875,291.0
5803,1001.0,21.0,1.0,100.0,80.0,,4.0,0.075,3671.375,10605082.5625,291.0
5804,1001.0,21.0,1.0,100.0,80.0,,5.0,0.9375,3672.3125,10608754.875,291.0
5805,1001.0,21.0,1.0,100.0,80.0,,6.0,0.775,3673.0875,10612427.9625,291.0
5806,1001.0,21.0,1.0,100.0,80.0,,7.0,0.3375,3673.425,10616101.3875,291.0
5807,1001.0,21.0,1.0,100.0,80.0,,8.0,0.7625,3674.1875,10619775.575,291.0
5808,1001.0,21.0,1.0,100.0,80.0,,9.0,0.3375,3674.525,10623450.1,291.0
5809,1001.0,21.0,1.0,100.0,80.0,,10.0,0.2,3674.725,10627124.825,291.0
5810,1001.0,21.0,1.0,100.0,80.0,,11.0,0.7,3675.425,10630800.25,291.0
5811,1001.0,21.0,1.0,100.0,80.0,,12.0,1.025,3676.45,10634476.7,291.0
5812,1001.0,21.0,1.0,100.0,80.0,,13.0,0.375,3676.825,10638153.525,291.0
5813,1001.0,21.0,1.0,100.0,80.0,,14.0,0.375,3677.2,10641830.725,291.0
5814,1001.0,21.0,1.0,100.0,80.0,,15.0,1.2125,3678.4125,10645509.1375,291.0
5815,1001.0,21.0,1.0,100.0,80.0,,16.0,0.1875,3678.6,10649187.7375,291.0
5816,1001.0,21.0,1.0,100.0,80.0,,17.0,0.8125,3679.4125,10652867.15,291.0
5817,1001.0,21.0,1.0,100.0,80.0,,18.0,0.75,3680.1625,10656547.3125,291.0
5818,1001.0,21.0,1.0,100.0,80.0,,19.0,0.1875,3680.35,10660227.6625,291.0
5819,1001.0,21.0,1.0,100.0,80.0,,20.0,0.675,3681.025,10663908.6875,291.0
5820,1001.0,21.0,1.0,100.0,80.0,,1.0,0.4875,3681.5125,10667590.2,292.0
5821,1001.0,21.0,1.0,100.0,80.0,,2.0,0.7875,3682.3,10671272.5,292.0
5822,1001.0,21.0,1.0,100.0,80.0,,3.0,0.5,3682.8,10674955.3,292.0
5823,1001.0,21.0,1.0,100.0,80.0,,4.0,0.5,3683.3,10678638.6,292.0
5824,1001.0,21.0,1.0,100.0,80.0,,5.0,0.2125,3683.5125,10682322.1125,292.0
5825,1001.0,21.0,1.0,100.0,80.0,,6.0,1.0375,3684.55,10686006.6625,292.0
5826,1001.0,21.0,1.0,100.0,80.0,,7.0,1.2,3685.75,10689692.4125,292.0
5827,1001.0,21.0,1.0,100.0,80.0,,8.0,0.925,3686.675,10693379.0875,292.0
5828,1001.0,21.0,1.0,100.0,80.0,,9.0,0.275,3686.95,10697066.0375,292.0
5829,1001.0,21.0,1.0,100.0,80.0,,10.0,1.125,3688.075,10700754.1125,292.0
5830,1001.0,21.0,1.0,100.0,80.0,,11.0,0.15,3688.225,10704442.3375,292.0
5831,1001.0,21.0,1.0,100.0,80.0,,12.0,1.15,3689.375,10708131.7125,292.0
5832,1001.0,21.0,1.0,100.0,80.0,,13.0,1.125,3690.5,10711822.2125,292.0
5833,1001.0,21.0,1.0,100.0,80.0,,14.0,0.425,3690.925,10715513.1375,292.0
5834,1001.0,21.0,1.0,100.0,80.0,,15.0,0.7625,3691.6875,10719204.825,292.0
5835,1001.0,21.0,1.0,100.0,80.0,,16.0,0.575,3692.2625,10722897.0875,292.0
5836,1001.0,21.0,1.0,100.0,80.0,,17.0,1.2,3693.4625,10726590.55,292.0
5837,1001.0,21.0,1.0,100.0,80.0,,18.0,1.0625,3694.525,10730285.075,292.0
5838,1001.0,21.0,1.0,100.0,80.0,,19.0,0.2125,3694.7375,10733979.8125,292.0
5839,1001.0,21.0,1.0,100.0,80.0,,20.0,0.9375,3695.675,10737675.4875,292.0
5840,1001.0,21.0,1.0,100.0,80.0,,1.0,0.9875,3696.6625,10741372.15,293.0
5841,1001.0,21.0,1.0,100.0,80.0,,2.0,0.0875,3696.75,10745068.9,293.0
5842,1001.0,21.0,1.0,100.0,80.0,,3.0,0.5125,3697.2625,10748766.1625,293.0
5843,1001.0,21.0,1.0,100.0,80.0,,4.0,0.3875,3697.65,10752463.8125,293.0
5844,1001.0,21.0,1.0,100.0,80.0,,5.0,0.625,3698.275,10756162.0875,293.0
5845,1001.0,21.0,1.0,100.0,80.0,,6.0,1.0625,3699.3375,10759861.425,293.0
5846,1001.0,21.0,1.0,100.0,80.0,,7.0,1.1,3700.4375,10763561.8625,293.0
5847,1001.0,21.0,1.0,100.0,80.0,,8.0,0.6,3701.0375,10767262.9,293.0
5848,1001.0,21.0,1.0,100.0,80.0,,9.0,1.1625,3702.2,10770965.1,293.0
5849,1001.0,21.0,1.0,100.0,80.0,,10.0,0.3,3702.5,10774667.6,293.0
5850,1001.0,21.0,1.0,100.0,80.0,,11.0,0.925,3703.425,10778371.025,293.0
5851,1001.0,21.0,1.0,100.0,80.0,,12.0,0.5625,3703.9875,10782075.0125,293.0
5852,1001.0,21.0,1.0,100.0,80.0,,13.0,0.5875,3704.575,10785779.5875,293.0
5853,1001.0,21.0,1.0,100.0,80.0,,14.0,0.0375,3704.6125,10789484.2,293.0
5854,1001.0,21.0,1.0,100.0,80.0,,15.0,0.475,3705.0875,10793189.2875,293.0
5855,1001.0,21.0,1.0,100.0,80.0,,16.0,0.75,3705.8375,10796895.125,293.0
5856,1001.0,21.0,1.0,100.0,80.0,,17.0,0.35,3706.1875,10800601.3125,293.0
5857,1001.0,21.0,1.0,100.0,80.0,,18.0,1.225,3707.4125,10804308.725,293.0
5858,1001.0,21.0,1.0,100.0,80.0,,19.0,0.1875,3707.6,10808016.325,293.0
5859,1001.0,21.0,1.0,100.0,80.0,,20.0,1.1875,3708.7875,10811725.1125,293.0
5860,1001.0,21.0,1.0,100.0,80.0,,1.0,0.1125,3708.9,10815434.0125,294.0
5861,1001.0,21.0,1.0,100.0,80.0,,2.0,0.175,3709.075,10819143.0875,294.0
5862,1001.0,21.0,1.0,100.0,80.0,,3.0,0.425,3709.5,10822852.5875,294.0
5863,1001.0,21.0,1.0,100.0,80.0,,4.0,0.4375,3709.9375,10826562.525,294.0
5864,1001.0,21.0,1.0,100.0,80.0,,5.0,0.4125,3710.35,10830272.875,294.0
5865,1001.0,21.0,1.0,100.0,80.0,,6.0,0.4375,3710.7875,10833983.6625,294.0
5866,1001.0,21.0,1.0,100.0,80.0,,7.0,0.075,3710.8625,10837694.525,294.0
5867,1001.0,21.0,1.0,100.0,80.0,,8.0,0.05,3710.9125,10841405.4375,294.0
5868,1001.0,21.0,1.0,100.0,80.0,,9.0,0.4875,3711.4,10845116.8375,294.0
5869,1001.0,21.0,1.0,100.0,80.0,,10.0,0.05,3711.45,10848828.2875,294.0
5870,1001.0,21.0,1.0,100.0,80.0,,11.0,1.0,3712.45,10852540.7375,294.0
5871,1001.0,21.0,1.0,100.0,80.0,,12.0,0.4,3712.85,10856253.5875,294.0
5872,1001.0,21.0,1.0,100.0,80.0,,13.0,0.175,3713.025,10859966.6125,294.0
5873,1001.0,21.0,1.0,100.0,80.0,,14.0,0.2625,3713.2875,10863679.9,294.0
5874,1001.0,21.0,1.0,100.0,80.0,,15.0,0.05,3713.3375,10867393.2375,294.0
5875,1001.0,21.0,1.0,100.0,80.0,,16.0,0.925,3714.2625,10871107.5,294.0
5876,1001.0,21.0,1.0,100.0,80.0,,17.0,0.875,3715.1375,10874822.6375,294.0
5877,1001.0,21.0,1.0,100.0,80.0,,18.0,0.5625,3715.7,10878538.3375,294.0
5878,1001.0,21.0,1.0,100.0,80.0,,19.0,0.975,3716.675,10882255.0125,294.0
5879,1001.0,21.0,1.0,100.0,80.0,,20.0,0.9125,3717.5875,10885972.6,294.0
5880,1001.0,21.0,1.0,100.0,80.0,,1.0,0.85,3718.4375,10889691.0375,295.0
5881,1001.0,21.0,1.0,100.0,80.0,,2.0,0.9375,3719.375,10893410.4125,295.0
5882,1001.0,21.0,1.0,100.0,80.0,,3.0,0.9,3720.275,10897130.6875,295.0
5883,1001.0,21.0,1.0,100.0,80.0,,4.0,0.65,3720.925,10900851.6125,295.0
5884,1001.0,21.0,1.0,100.0,80.0,,5.0,0.5625,3721.4875,10904573.1,295.0
5885,1001.0,21.0,1.0,100.0,80.0,,6.0,0.3375,3721.825,10908294.925,295.0
5886,1001.0,21.0,1.0,100.0,80.0,,7.0,0.7875,3722.6125,10912017.5375,295.0
5887,1001.0,21.0,1.0,100.0,80.0,,8.0,1.125,3723.7375,10915741.275,295.0
5888,1001.0,21.0,1.0,100.0,80.0,,9.0,1.175,3724.9125,10919466.1875,295.0
5889,1001.0,21.0,1.0,100.0,80.0,,10.0,0.7875,3725.7,10923191.8875,295.0
5890,1001.0,21.0,1.0,100.0,80.0,,11.0,0.2375,3725.9375,10926917.825,295.0
5891,1001.0,21.0,1.0,100.0,80.0,,12.0,0.4625,3726.4,10930644.225,295.0
5892,1001.0,21.0,1.0,100.0,80.0,,13.0,1.1375,3727.5375,10934371.7625,295.0
5893,1001.0,21.0,1.0,100.0,80.0,,14.0,0.3125,3727.85,10938099.6125,295.0
5894,1001.0,21.0,1.0,100.0,80.0,,15.0,0.0875,3727.9375,10941827.55,295.0
5895,1001.0,21.0,1.0,100.0,80.0,,16.0,0.9875,3728.925,10945556.475,295.0
5896,1001.0,21.0,1.0,100.0,80.0,,17.0,0.65,3729.575,10949286.05,295.0
5897,1001.0,21.0,1.0,100.0,80.0,,18.0,0.15,3729.725,10953015.775,295.0
5898,1001.0,21.0,1.0,100.0,80.0,,19.0,0.975,3730.7,10956746.475,295.0
5899,1001.0,21.0,1.0,100.0,80.0,,20.0,1.0375,3731.7375,10960478.2125,295.0
5900,1001.0,21.0,1.0,100.0,80.0,,1.0,0.225,3731.9625,10964210.175,296.0
5901,1001.0,21.0,1.0,100.0,80.0,,2.0,0.025,3731.9875,10967942.1625,296.0
5902,1001.0,21.0,1.0,100.0,80.0,,3.0,0.825,3732.8125,10971674.975,296.0
5903,1001.0,21.0,1.0,100.0,80.0,,4.0,0.4,3733.2125,10975408.1875,296.0
5904,1001.0,21.0,1.0,100.0,80.0,,5.0,0.85,3734.0625,10979142.25,296.0
5905,1001.0,21.0,1.0,100.0,80.0,,6.0,0.7,3734.7625,10982877.0125,296.0
5906,1001.0,21.0,1.0,100.0,80.0,,7.0,1.15,3735.9125,10986612.925,296.0
5907,1001.0,21.0,1.0,100.0,80.0,,8.0,0.4125,3736.325,10990349.25,296.0
5908,1001.0,21.0,1.0,100.0,80.0,,9.0,1.2125,3737.5375,10994086.7875,296.0
5909,1001.0,21.0,1.0,100.0,80.0,,10.0,0.325,3737.8625,10997824.65,296.0
5910,1001.0,21.0,1.0,100.0,80.0,,11.0,1.0625,3738.925,11001563.575,296.0
5911,1001.0,21.0,1.0,100.0,80.0,,12.0,1.1,3740.025,11005303.6,296.0
5912,1001.0,21.0,1.0,100.0,80.0,,13.0,0.75,3740.775,11009044.375,296.0
5913,1001.0,21.0,1.0,100.0,80.0,,14.0,0.8625,3741.6375,11012786.0125,296.0
5914,1001.0,21.0,1.0,100.0,80.0,,15.0,1.15,3742.7875,11016528.8,296.0
5915,1001.0,21.0,1.0,100.0,80.0,,16.0,0.35,3743.1375,11020271.9375,296.0
5916,1001.0,21.0,1.0,100.0,80.0,,17.0,0.7875,3743.925,11024015.8625,296.0
5917,1001.0,21.0,1.0,100.0,80.0,,18.0,0.9625,3744.8875,11027760.75,296.0
5918,1001.0,21.0,1.0,100.0,80.0,,19.0,1.075,3745.9625,11031506.7125,296.0
5919,1001.0,21.0,1.0,100.0,80.0,,20.0,0.15,3746.1125,11035252.825,296.0
5920,1001.0,21.0,1.0,100.0,80.0,,1.0,1.1,3747.2125,11039000.0375,297.0
5921,1001.0,21.0,1.0,100.0,80.0,,2.0,0.275,3747.4875,11042747.525,297.0
5922,1001.0,21.0,1.0,100.0,80.0,,3.0,0.7625,3748.25,11046495.775,297.0
5923,1001.0,21.0,1.0,100.0,80.0,,4.0,0.8875,3749.1375,11050244.9125,297.0
5924,1001.0,21.0,1.0,100.0,80.0,,5.0,0.6,3749.7375,11053994.65,297.0
5925,1001.0,21.0,1.0,100.0,80.0,,6.0,1.0875,3750.825,11057745.475,297.0
5926,1001.0,21.0,1.0,100.0,80.0,,7.0,1.1875,3752.0125,11061497.4875,297.0
5927,1001.0,21.0,1.0,100.0,80.0,,8.0,0.7,3752.7125,11065250.2,297.0
5928,1001.0,21.0,1.0,100.0,80.0,,9.0,0.675,3753.3875,11069003.5875,297.0
5929,1001.0,21.0,1.0,100.0,80.0,,10.0,1.1,3754.4875,11072758.075,297.0
5930,1001.0,21.0,1.0,100.0,80.0,,11.0,0.5625,3755.05,11076513.125,297.0
5931,1001.0,21.0,1.0,100.0,80.0,,12.0,0.7,3755.75,11080268.875,297.0
5932,1001.0,21.0,1.0,100.0,80.0,,13.0,0.6,3756.35,11084025.225,297.0
5933,1001.0,21.0,1.0,100.0,80.0,,14.0,0.05,3756.4,11087781.625,297.0
5934,1001.0,21.0,1.0,100.0,80.0,,15.0,0.1,3756.5,11091538.125,297.0
5935,1001.0,21.0,1.0,100.0,80.0,,16.0,0.35,3756.85,11095294.975,297.0
5936,1001.0,21.0,1.0,100.0,80.0,,17.0,1.175,3758.025,11099053.0,297.0
5937,1001.0,21.0,1.0,100.0,80.0,,18.0,0.075,3758.1,11102811.1,297.0
5938,1001.0,21.0,1.0,100.0,80.0,,19.0,0.625,3758.725,11106569.825,297.0
5939,1001.0,21.0,1.0,100.0,80.0,,20.0,0.525,3759.25,11110329.075,297.0
5940,1001.0,21.0,1.0,100.0,80.0,,1.0,0.3375,3759.5875,11114088.6625,298.0
5941,1001.0,21.0,1.0,100.0,80.0,,2.0,0.65,3760.2375,11117848.9,298.0
5942,1001.0,21.0,1.0,100.0,80.0,,3.0,0.6,3760.8375,11121609.7375,298.0
5943,1001.0,21.0,1.0,100.0,80.0,,4.0,1.0125,3761.85,11125371.5875,298.0
5944,1001.0,21.0,1.0,100.0,80.0,,5.0,0.2875,3762.1375,11129133.725,298.0
5945,1001.0,21.0,1.0,100.0,80.0,,6.0,0.3125,3762.45,11132896.175,298.0
5946,1001.0,21.0,1.0,100.0,80.0,,7.0,0.3125,3762.7625,11136658.9375,298.0
5947,1001.0,21.0,1.0,100.0,80.0,,8.0,0.375,3763.1375,11140422.075,298.0
5948,1001.0,21.0,1.0,100.0,80.0,,9.0,1.1,3764.2375,11144186.3125,298.0
5949,1001.0,21.0,1.0,100.0,80.0,,10.0,0.4625,3764.7,11147951.0125,298.0
5950,1001.0,21.0,1.0,100.0,80.0,,11.0,0.5,3765.2,11151716.2125,298.0
5951,1001.0,21.0,1.0,100.0,80.0,,12.0,0.2375,3765.4375,11155481.65,298.0
5952,1001.0,21.0,1.0,100.0,80.0,,13.0,0.175,3765.6125,11159247.2625,298.0
5953,1001.0,21.0,1.0,100.0,80.0,,14.0,1.1125,3766.725,11163013.9875,298.0
5954,1001.0,21.0,1.0,100.0,80.0,,15.0,0.5,3767.225,11166781.2125,298.0
5955,1001.0,21.0,1.0,100.0,80.0,,16.0,0.9,3768.125,11170549.3375,298.0
5956,1001.0,21.0,1.0,100.0,80.0,,17.0,0.35,3768.475,11174317.8125,298.0
5957,1001.0,21.0,1.0,100.0,80.0,,18.0,0.175,3768.65,11178086.4625,298.0
5958,1001.0,21.0,1.0,100.0,80.0,,19.0,1.2,3769.85,11181856.3125,298.0
5959,1001.0,21.0,1.0,100.0,80.0,,20.0,0.925,3770.775,11185627.0875,298.0
5960,1001.0,21.0,1.0,100.0,80.0,,1.0,1.05,3771.825,11189398.9125,299.0
5961,1001.0,21.0,1.0,100.0,80.0,,2.0,0.9875,3772.8125,11193171.725,299.0
5962,1001.0,21.0,1.0,100.0,80.0,,3.0,1.0375,3773.85,11196945.575,299.0
5963,1001.0,21.0,1.0,100.0,80.0,,4.0,1.0625,3774.9125,11200720.4875,299.0
5964,1001.0,21.0,1.0,100.0,80.0,,5.0,0.5875,3775.5,11204495.9875,299.0
5965,1001.0,21.0,1.0,100.0,80.0,,6.0,0.3,3775.8,11208271.7875,299.0
5966,1001.0,21.0,1.0,100.0,80.0,,7.0,0.9125,3776.7125,11212048.5,299.0
5967,1001.0,21.0,1.0,100.0,80.0,,8.0,1.1125,3777.825,11215826.325,299.0
5968,1001.0,21.0,1.0,100.0,80.0,,9.0,0.2875,3778.1125,11219604.4375,299.0
5969,1001.0,21.0,1.0,100.0,80.0,,10.0,1.0875,3779.2,11223383.6375,299.0
5970,1001.0,21.0,1.0,100.0,80.0,,11.0,1.2125,3780.4125,11227164.05,299.0
5971,1001.0,21.0,1.0,100.0,80.0,,12.0,0.15,3780.5625,11230944.6125,299.0
5972,1001.0,21.0,1.0,100.0,80.0,,13.0,0.95,3781.5125,11234726.125,299.0
5973,1001.0,21.0,1.0,100.0,80.0,,14.0,0.8875,3782.4,11238508.525,299.0
5974,1001.0,21.0,1.0,100.0,80.0,,15.0,0.3625,3782.7625,11242291.2875,299.0
5975,1001.0,21.0,1.0,100.0,80.0,,16.0,0.5,3783.2625,11246074.55,299.0
5976,1001.0,21.0,1.0,100.0,80.0,,17.0,1.0125,3784.275,11249858.825,299.0
5977,1001.0,21.0,1.0,100.0,80.0,,18.0,0.1,3784.375,11253643.2,299.0
5978,1001.0,21.0,1.0,100.0,80.0,,19.0,0.425,3784.8,11257428.0,299.0
5979,1001.0,21.0,1.0,100.0,80.0,,20.0,1.1875,3785.9875,11261213.9875,299.0
5980,1001.0,21.0,1.0,100.0,80.0,,1.0,0.3125,3786.3,11265000.2875,300.0
5981,1001.0,21.0,1.0,100.0,80.0,,2.0,1.125,3787.425,11268787.7125,300.0
5982,1001.0,21.0,1.0,100.0,80.0,,3.0,1.0375,3788.4625,11272576.175,300.0
5983,1001.0,21.0,1.0,100.0,80.0,,4.0,0.875,3789.3375,11276365.5125,300.0
5984,1001.0,21.0,1.0,100.0,80.0,,5.0,0.9125,3790.25,11280155.7625,300.0
5985,1001.0,21.0,1.0,100.0,80.0,,6.0,0.825,3791.075,11283946.8375,300.0
5986,1001.0,21.0,1.0,100.0,80.0,,7.0,0.175,3791.25,11287738.0875,300.0
5987,1001.0,21.0,1.0,100.0,80.0,,8.0,1.0125,3792.2625,11291530.35,300.0
5988,1001.0,21.0,1.0,100.0,80.0,,9.0,0.9375,3793.2,11295323.55,300.0
5989,1001.0,21.0,1.0,100.0,80.0,,10.0,1.0875,3794.2875,11299117.8375,300.0
5990,1001.0,21.0,1.0,100.0,80.0,,11.0,0.1,3794.3875,11302912.225,300.0
5991,1001.0,21.0,1.0,100.0,80.0,,12.0,0.125,3794.5125,11306706.7375,300.0
5992,1001.0,21.0,1.0,100.0,80.0,,13.0,0.5,3795.0125,11310501.75,300.0
5993,1001.0,21.0,1.0,100.0,80.0,,14.0,0.05,3795.0625,11314296.8125,300.0
5994,1001.0,21.0,1.0,100.0,80.0,,15.0,0.4375,3795.5,11318092.3125,300.0
5995,1001.0,21.0,1.0,100.0,80.0,,16.0,0.0875,3795.5875,11321887.9,300.0
5996,1001.0,21.0,1.0,100.0,80.0,,17.0,0.1375,3795.725,11325683.625,300.0
5997,1001.0,21.0,1.0,100.0,80.0,,18.0,0.5875,3796.3125,11329479.9375,300.0
5998,1001.0,21.0,1.0,100.0,80.0,,19.0,0.2,3796.5125,11333276.45,300.0
5999,1001.0,21.0,1.0,100.0,80.0,,20.0,0.1625,3796.675,11337073.125,300.0
6000,1001.0,21.0,1.0,100.0,80.0,,1.0,0.775,3797.45,11340870.575,301.0
6001,1001.0,21.0,1.0,100.0,80.0,,2.0,0.8375,3798.2875,11344668.8625,301.0
6002,1001.0,21.0,1.0,100.0,80.0,,3.0,0.725,3799.0125,11348467.875,301.0
6003,1001.0,21.0,1.0,100.0,80.0,,4.0,1.2125,3800.225,11352268.1,301.0
6004,1001.0,21.0,1.0,100.0,80.0,,5.0,0.6625,3800.8875,11356068.9875,301.0
6005,1001.0,21.0,1.0,100.0,80.0,,6.0,0.7,3801.5875,11359870.575,301.0
6006,1001.0,21.0,1.0,100.0,80.0,,7.0,0.9375,3802.525,11363673.1,301.0
6007,1001.0,21.0,1.0,100.0,80.0,,8.0,0.1875,3802.7125,11367475.8125,301.0
6008,1001.0,21.0,1.0,100.0,80.0,,9.0,0.3375,3803.05,11371278.8625,301.0
6009,1001.0,21.0,1.0,100.0,80.0,,10.0,1.0375,3804.0875,11375082.95,301.0
6010,1001.0,21.0,1.0,100.0,80.0,,11.0,1.1,3805.1875,11378888.1375,301.0
6011,1001.0,21.0,1.0,100.0,80.0,,12.0,0.4375,3805.625,11382693.7625,301.0
6012,1001.0,21.0,1.0,100.0,80.0,,13.0,0.3,3805.925,11386499.6875,301.0
6013,1001.0,21.0,1.0,100.0,80.0,,14.0,0.8,3806.725,11390306.4125,301.0
6014,1001.0,21.0,1.0,100.0,80.0,,15.0,0.6375,3807.3625,11394113.775,301.0
6015,1001.0,21.0,1.0,100.0,80.0,,16.0,1.0,3808.3625,11397922.1375,301.0
6016,1001.0,21.0,1.0,100.0,80.0,,17.0,0.7125,3809.075,11401731.2125,301.0
6017,1001.0,21.0,1.0,100.0,80.0,,18.0,0.325,3809.4,11405540.6125,301.0
6018,1001.0,21.0,1.0,100.0,80.0,,19.0,0.175,3809.575,11409350.1875,301.0
6019,1001.0,21.0,1.0,100.0,80.0,,20.0,0.325,3809.9,11413160.0875,301.0
6020,1001.0,21.0,1.0,100.0,80.0,,1.0,0.075,3809.975,11416970.0625,302.0
6021,1001.0,21.0,1.0,100.0,80.0,,2.0,0.6,3810.575,11420780.6375,302.0
6022,1001.0,21.0,1.0,100.0,80.0,,3.0,0.6375,3811.2125,11424591.85,302.0
6023,1001.0,21.0,1.0,100.0,80.0,,4.0,0.625,3811.8375,11428403.6875,302.0
6024,1001.0,21.0,1.0,100.0,80.0,,5.0,0.825,3812.6625,11432216.35,302.0
6025,1001.0,21.0,1.0,100.0,80.0,,6.0,0.3875,3813.05,11436029.4,302.0
6026,1001.0,21.0,1.0,100.0,80.0,,7.0,0.025,3813.075,11439842.475,302.0
6027,1001.0,21.0,1.0,100.0,80.0,,8.0,0.5,3813.575,11443656.05,302.0
6028,1001.0,21.0,1.0,100.0,80.0,,9.0,0.8,3814.375,11447470.425,302.0
6029,1001.0,21.0,1.0,100.0,80.0,,10.0,0.3125,3814.6875,11451285.1125,302.0
6030,1001.0,21.0,1.0,100.0,80.0,,11.0,0.275,3814.9625,11455100.075,302.0
6031,1001.0,21.0,1.0,100.0,80.0,,12.0,0.325,3815.2875,11458915.3625,302.0
6032,1001.0,21.0,1.0,100.0,80.0,,13.0,0.4,3815.6875,11462731.05,302.0
6033,1001.0,21.0,1.0,100.0,80.0,,14.0,0.575,3816.2625,11466547.3125,302.0
6034,1001.0,21.0,1.0,100.0,80.0,,15.0,0.4,3816.6625,11470363.975,302.0
6035,1001.0,21.0,1.0,100.0,80.0,,16.0,1.1125,3817.775,11474181.75,302.0
6036,1001.0,21.0,1.0,100.0,80.0,,17.0,1.1125,3818.8875,11478000.6375,302.0
6037,1001.0,21.0,1.0,100.0,80.0,,18.0,0.4,3819.2875,11481819.925,302.0
6038,1001.0,21.0,1.0,100.0,80.0,,19.0,0.3,3819.5875,11485639.5125,302.0
6039,1001.0,21.0,1.0,100.0,80.0,,20.0,1.075,3820.6625,11489460.175,302.0
6040,1001.0,21.0,1.0,100.0,80.0,,1.0,1.0625,3821.725,11493281.9,303.0
6041,1001.0,21.0,1.0,100.0,80.0,,2.0,0.2,3821.925,11497103.825,303.0
6042,1001.0,21.0,1.0,100.0,80.0,,3.0,0.5875,3822.5125,11500926.3375,303.0
6043,1001.0,21.0,1.0,100.0,80.0,,4.0,1.075,3823.5875,11504749.925,303.0
6044,1001.0,21.0,1.0,100.0,80.0,,5.0,0.5375,3824.125,11508574.05,303.0
6045,1001.0,21.0,1.0,100.0,80.0,,6.0,0.0375,3824.1625,11512398.2125,303.0
6046,1001.0,21.0,1.0,100.0,80.0,,7.0,1.075,3825.2375,11516223.45,303.0
6047,1001.0,21.0,1.0,100.0,80.0,,8.0,0.925,3826.1625,11520049.6125,303.0
6048,1001.0,21.0,1.0,100.0,80.0,,9.0,0.225,3826.3875,11523876.0,303.0
6049,1001.0,21.0,1.0,100.0,80.0,,10.0,1.0875,3827.475,11527703.475,303.0
6050,1001.0,21.0,1.0,100.0,80.0,,11.0,0.6,3828.075,11531531.55,303.0
6051,1001.0,21.0,1.0,100.0,80.0,,12.0,1.1,3829.175,11535360.725,303.0
6052,1001.0,21.0,1.0,100.0,80.0,,13.0,0.25,3829.425,11539190.15,303.0
6053,1001.0,21.0,1.0,100.0,80.0,,14.0,0.075,3829.5,11543019.65,303.0
6054,1001.0,21.0,1.0,100.0,80.0,,15.0,0.9625,3830.4625,11546850.1125,303.0
6055,1001.0,21.0,1.0,100.0,80.0,,16.0,0.925,3831.3875,11550681.5,303.0
6056,1001.0,21.0,1.0,100.0,80.0,,17.0,0.125,3831.5125,11554513.0125,303.0
6057,1001.0,21.0,1.0,100.0,80.0,,18.0,0.7125,3832.225,11558345.2375,303.0
6058,1001.0,21.0,1.0,100.0,80.0,,19.0,0.225,3832.45,11562177.6875,303.0
6059,1001.0,21.0,1.0,100.0,80.0,,20.0,0.575,3833.025,11566010.7125,303.0
6060,1001.0,21.0,1.0,100.0,80.0,,1.0,0.7375,3833.7625,11569844.475,304.0
6061,1001.0,21.0,1.0,100.0,80.0,,2.0,1.1,3834.8625,11573679.3375,304.0
6062,1001.0,21.0,1.0,100.0,80.0,,3.0,0.5,3835.3625,11577514.7,304.0
6063,1001.0,21.0,1.0,100.0,80.0,,4.0,0.4,3835.7625,11581350.4625,304.0
6064,1001.0,21.0,1.0,100.0,80.0,,5.0,0.8,3836.5625,11585187.025,304.0
6065,1001.0,21.0,1.0,100.0,80.0,,6.0,0.75,3837.3125,11589024.3375,304.0
6066,1001.0,21.0,1.0,100.0,80.0,,7.0,0.3375,3837.65,11592861.9875,304.0
6067,1001.0,21.0,1.0,100.0,80.0,,8.0,0.0625,3837.7125,11596699.7,304.0
6068,1001.0,21.0,1.0,100.0,80.0,,9.0,0.0625,3837.775,11600537.475,304.0
6069,1001.0,21.0,1.0,100.0,80.0,,10.0,0.7125,3838.4875,11604375.9625,304.0
6070,1001.0,21.0,1.0,100.0,80.0,,11.0,0.675,3839.1625,11608215.125,304.0
6071,1001.0,21.0,1.0,100.0,80.0,,12.0,0.0875,3839.25,11612054.375,304.0
6072,1001.0,21.0,1.0,100.0,80.0,,13.0,0.1625,3839.4125,11615893.7875,304.0
6073,1001.0,21.0,1.0,100.0,80.0,,14.0,0.9875,3840.4,11619734.1875,304.0
6074,1001.0,21.0,1.0,100.0,80.0,,15.0,0.925,3841.325,11623575.5125,304.0
6075,1001.0,21.0,1.0,100.0,80.0,,16.0,0.375,3841.7,11627417.2125,304.0
6076,1001.0,21.0,1.0,100.0,80.0,,17.0,0.3,3842.0,11631259.2125,304.0
6077,1001.0,21.0,1.0,100.0,80.0,,18.0,0.475,3842.475,11635101.6875,304.0
6078,1001.0,21.0,1.0,100.0,80.0,,19.0,0.3,3842.775,11638944.4625,304.0
6079,1001.0,21.0,1.0,100.0,80.0,,20.0,0.9375,3843.7125,11642788.175,304.0
6080,1001.0,21.0,1.0,100.0,80.0,,1.0,0.7125,3844.425,11646632.6,305.0
6081,1001.0,21.0,1.0,100.0,80.0,,2.0,0.35,3844.775,11650477.375,305.0
6082,1001.0,21.0,1.0,100.0,80.0,,3.0,1.1,3845.875,11654323.25,305.0
6083,1001.0,21.0,1.0,100.0,80.0,,4.0,1.125,3847.0,11658170.25,305.0
6084,1001.0,21.0,1.0,100.0,80.0,,5.0,0.6375,3847.6375,11662017.8875,305.0
6085,1001.0,21.0,1.0,100.0,80.0,,6.0,0.925,3848.5625,11665866.45,305.0
6086,1001.0,21.0,1.0,100.0,80.0,,7.0,0.275,3848.8375,11669715.2875,305.0
6087,1001.0,21.0,1.0,100.0,80.0,,8.0,0.625,3849.4625,11673564.75,305.0
6088,1001.0,21.0,1.0,100.0,80.0,,9.0,0.0625,3849.525,11677414.275,305.0
6089,1001.0,21.0,1.0,100.0,80.0,,10.0,0.6,3850.125,11681264.4,305.0
6090,1001.0,21.0,1.0,100.0,80.0,,11.0,0.275,3850.4,11685114.8,305.0
6091,1001.0,21.0,1.0,100.0,80.0,,12.0,0.5625,3850.9625,11688965.7625,305.0
6092,1001.0,21.0,1.0,100.0,80.0,,13.0,0.9625,3851.925,11692817.6875,305.0
6093,1001.0,21.0,1.0,100.0,80.0,,14.0,0.0375,3851.9625,11696669.65,305.0
6094,1001.0,21.0,1.0,100.0,80.0,,15.0,0.1125,3852.075,11700521.725,305.0
6095,1001.0,21.0,1.0,100.0,80.0,,16.0,1.1625,3853.2375,11704374.9625,305.0
6096,1001.0,21.0,1.0,100.0,80.0,,17.0,0.1375,3853.375,11708228.3375,305.0
6097,1001.0,21.0,1.0,100.0,80.0,,18.0,0.6875,3854.0625,11712082.4,305.0
6098,1001.0,21.0,1.0,100.0,80.0,,19.0,0.175,3854.2375,11715936.6375,305.0
6099,1001.0,21.0,1.0,100.0,80.0,,20.0,1.15,3855.3875,11719792.025,305.0
6100,1001.0,21.0,1.0,100.0,80.0,,1.0,0.1125,3855.5,11723647.525,306.0
6101,1001.0,21.0,1.0,100.0,80.0,,2.0,0.0875,3855.5875,11727503.1125,306.0
6102,1001.0,21.0,1.0,100.0,80.0,,3.0,0.125,3855.7125,11731358.825,306.0
6103,1001.0,21.0,1.0,100.0,80.0,,4.0,0.375,3856.0875,11735214.9125,306.0
6104,1001.0,21.0,1.0,100.0,80.0,,5.0,0.5875,3856.675,11739071.5875,306.0
6105,1001.0,21.0,1.0,100.0,80.0,,6.0,1.05,3857.725,11742929.3125,306.0
6106,1001.0,21.0,1.0,100.0,80.0,,7.0,0.6625,3858.3875,11746787.7,306.0
6107,1001.0,21.0,1.0,100.0,80.0,,8.0,1.2125,3859.6,11750647.3,306.0
6108,1001.0,21.0,1.0,100.0,80.0,,9.0,1.1,3860.7,11754508.0,306.0
6109,1001.0,21.0,1.0,100.0,80.0,,10.0,0.6625,3861.3625,11758369.3625,306.0
6110,1001.0,21.0,1.0,100.0,80.0,,11.0,1.1,3862.4625,11762231.825,306.0
6111,1001.0,21.0,1.0,100.0,80.0,,12.0,0.65,3863.1125,11766094.9375,306.0
6112,1001.0,21.0,1.0,100.0,80.0,,13.0,1.1125,3864.225,11769959.1625,306.0
6113,1001.0,21.0,1.0,100.0,80.0,,14.0,0.1875,3864.4125,11773823.575,306.0
6114,1001.0,21.0,1.0,100.0,80.0,,15.0,1.1,3865.5125,11777689.0875,306.0
6115,1001.0,21.0,1.0,100.0,80.0,,16.0,1.025,3866.5375,11781555.625,306.0
6116,1001.0,21.0,1.0,100.0,80.0,,17.0,0.85,3867.3875,11785423.0125,306.0
6117,1001.0,21.0,1.0,100.0,80.0,,18.0,0.15,3867.5375,11789290.55,306.0
6118,1001.0,21.0,1.0,100.0,80.0,,19.0,0.0125,3867.55,11793158.1,306.0
6119,1001.0,21.0,1.0,100.0,80.0,,20.0,1.075,3868.625,11797026.725,306.0
6120,1001.0,21.0,1.0,100.0,80.0,,1.0,1.0,3869.625,11800896.35,307.0
6121,1001.0,21.0,1.0,100.0,80.0,,2.0,1.1125,3870.7375,11804767.0875,307.0
6122,1001.0,21.0,1.0,100.0,80.0,,3.0,1.225,3871.9625,11808639.05,307.0
6123,1001.0,21.0,1.0,100.0,80.0,,4.0,0.6875,3872.65,11812511.7,307.0
6124,1001.0,21.0,1.0,100.0,80.0,,5.0,0.475,3873.125,11816384.825,307.0
6125,1001.0,21.0,1.0,100.0,80.0,,6.0,0.1875,3873.3125,11820258.1375,307.0
6126,1001.0,21.0,1.0,100.0,80.0,,7.0,0.1375,3873.45,11824131.5875,307.0
6127,1001.0,21.0,1.0,100.0,80.0,,8.0,0.1125,3873.5625,11828005.15,307.0
6128,1001.0,21.0,1.0,100.0,80.0,,9.0,0.0625,3873.625,11831878.775,307.0
6129,1001.0,21.0,1.0,100.0,80.0,,10.0,1.1125,3874.7375,11835753.5125,307.0
6130,1001.0,21.0,1.0,100.0,80.0,,11.0,0.725,3875.4625,11839628.975,307.0
6131,1001.0,21.0,1.0,100.0,80.0,,12.0,1.0375,3876.5,11843505.475,307.0
6132,1001.0,21.0,1.0,100.0,80.0,,13.0,0.8,3877.3,11847382.775,307.0
6133,1001.0,21.0,1.0,100.0,80.0,,14.0,0.6625,3877.9625,11851260.7375,307.0
6134,1001.0,21.0,1.0,100.0,80.0,,15.0,0.325,3878.2875,11855139.025,307.0
6135,1001.0,21.0,1.0,100.0,80.0,,16.0,0.55,3878.8375,11859017.8625,307.0
6136,1001.0,21.0,1.0,100.0,80.0,,17.0,0.2125,3879.05,11862896.9125,307.0
6137,1001.0,21.0,1.0,100.0,80.0,,18.0,1.225,3880.275,11866777.1875,307.0
6138,1001.0,21.0,1.0,100.0,80.0,,19.0,0.875,3881.15,11870658.3375,307.0
6139,1001.0,21.0,1.0,100.0,80.0,,20.0,0.95,3882.1,11874540.4375,307.0
6140,1001.0,21.0,1.0,100.0,80.0,,1.0,0.675,3882.775,11878423.2125,308.0
6141,1001.0,21.0,1.0,100.0,80.0,,2.0,0.05,3882.825,11882306.0375,308.0
6142,1001.0,21.0,1.0,100.0,80.0,,3.0,0.95,3883.775,11886189.8125,308.0
6143,1001.0,21.0,1.0,100.0,80.0,,4.0,0.875,3884.65,11890074.4625,308.0
6144,1001.0,21.0,1.0,100.0,80.0,,5.0,0.6,3885.25,11893959.7125,308.0
6145,1001.0,21.0,1.0,100.0,80.0,,6.0,1.15,3886.4,11897846.1125,308.0
6146,1001.0,21.0,1.0,100.0,80.0,,7.0,1.1875,3887.5875,11901733.7,308.0
6147,1001.0,21.0,1.0,100.0,80.0,,8.0,0.75,3888.3375,11905622.0375,308.0
6148,1001.0,21.0,1.0,100.0,80.0,,9.0,1.0375,3889.375,11909511.4125,308.0
6149,1001.0,21.0,1.0,100.0,80.0,,10.0,0.6375,3890.0125,11913401.425,308.0
6150,1001.0,21.0,1.0,100.0,80.0,,11.0,0.475,3890.4875,11917291.9125,308.0
6151,1001.0,21.0,1.0,100.0,80.0,,12.0,1.0875,3891.575,11921183.4875,308.0
6152,1001.0,21.0,1.0,100.0,80.0,,13.0,0.7,3892.275,11925075.7625,308.0
6153,1001.0,21.0,1.0,100.0,80.0,,14.0,1.2125,3893.4875,11928969.25,308.0
6154,1001.0,21.0,1.0,100.0,80.0,,15.0,1.025,3894.5125,11932863.7625,308.0
6155,1001.0,21.0,1.0,100.0,80.0,,16.0,0.1625,3894.675,11936758.4375,308.0
6156,1001.0,21.0,1.0,100.0,80.0,,17.0,0.7,3895.375,11940653.8125,308.0
6157,1001.0,21.0,1.0,100.0,80.0,,18.0,0.2625,3895.6375,11944549.45,308.0
6158,1001.0,21.0,1.0,100.0,80.0,,19.0,1.0125,3896.65,11948446.1,308.0
6159,1001.0,21.0,1.0,100.0,80.0,,20.0,1.0375,3897.6875,11952343.7875,308.0
6160,1001.0,21.0,1.0,100.0,80.0,,1.0,0.875,3898.5625,11956242.35,309.0
6161,1001.0,21.0,1.0,100.0,80.0,,2.0,0.625,3899.1875,11960141.5375,309.0
6162,1001.0,21.0,1.0,100.0,80.0,,3.0,0.675,3899.8625,11964041.4,309.0
6163,1001.0,21.0,1.0,100.0,80.0,,4.0,0.075,3899.9375,11967941.3375,309.0
6164,1001.0,21.0,1.0,100.0,80.0,,5.0,1.15,3901.0875,11971842.425,309.0
6165,1001.0,21.0,1.0,100.0,80.0,,6.0,0.7375,3901.825,11975744.25,309.0
6166,1001.0,21.0,1.0,100.0,80.0,,7.0,0.8875,3902.7125,11979646.9625,309.0
6167,1001.0,21.0,1.0,100.0,80.0,,8.0,0.2625,3902.975,11983549.9375,309.0
6168,1001.0,21.0,1.0,100.0,80.0,,9.0,0.125,3903.1,11987453.0375,309.0
6169,1001.0,21.0,1.0,100.0,80.0,,10.0,0.45,3903.55,11991356.5875,309.0
6170,1001.0,21.0,1.0,100.0,80.0,,11.0,0.075,3903.625,11995260.2125,309.0
6171,1001.0,21.0,1.0,100.0,80.0,,12.0,0.825,3904.45,11999164.6625,309.0
6172,1001.0,21.0,1.0,100.0,80.0,,13.0,1.025,3905.475,12003070.1375,309.0
6173,1001.0,21.0,1.0,100.0,80.0,,14.0,0.25,3905.725,12006975.8625,309.0
6174,1001.0,21.0,1.0,100.0,80.0,,15.0,0.775,3906.5,12010882.3625,309.0
6175,1001.0,21.0,1.0,100.0,80.0,,16.0,0.775,3907.275,12014789.6375,309.0
6176,1001.0,21.0,1.0,100.0,80.0,,17.0,0.9,3908.175,12018697.8125,309.0
6177,1001.0,21.0,1.0,100.0,80.0,,18.0,0.6,3908.775,12022606.5875,309.0
6178,1001.0,21.0,1.0,100.0,80.0,,19.0,0.1125,3908.8875,12026515.475,309.0
6179,1001.0,21.0,1.0,100.0,80.0,,20.0,0.75,3909.6375,12030425.1125,309.0
6180,1001.0,21.0,1.0,100.0,80.0,,1.0,0.4625,3910.1,12034335.2125,310.0
6181,1001.0,21.0,1.0,100.0,80.0,,2.0,0.3125,3910.4125,12038245.625,310.0
6182,1001.0,21.0,1.0,100.0,80.0,,3.0,0.85,3911.2625,12042156.8875,310.0
6183,1001.0,21.0,1.0,100.0,80.0,,4.0,0.525,3911.7875,12046068.675,310.0
6184,1001.0,21.0,1.0,100.0,80.0,,5.0,0.7375,3912.525,12049981.2,310.0
6185,1001.0,21.0,1.0,100.0,80.0,,6.0,0.225,3912.75,12053893.95,310.0
6186,1001.0,21.0,1.0,100.0,80.0,,7.0,0.25,3913.0,12057806.95,310.0
6187,1001.0,21.0,1.0,100.0,80.0,,8.0,0.525,3913.525,12061720.475,310.0
6188,1001.0,21.0,1.0,100.0,80.0,,9.0,0.525,3914.05,12065634.525,310.0
6189,1001.0,21.0,1.0,100.0,80.0,,10.0,0.3375,3914.3875,12069548.9125,310.0
6190,1001.0,21.0,1.0,100.0,80.0,,11.0,1.0875,3915.475,12073464.3875,310.0
6191,1001.0,21.0,1.0,100.0,80.0,,12.0,0.975,3916.45,12077380.8375,310.0
6192,1001.0,21.0,1.0,100.0,80.0,,13.0,0.925,3917.375,12081298.2125,310.0
6193,1001.0,21.0,1.0,100.0,80.0,,14.0,0.4375,3917.8125,12085216.025,310.0
6194,1001.0,21.0,1.0,100.0,80.0,,15.0,1.1875,3919.0,12089135.025,310.0
6195,1001.0,21.0,1.0,100.0,80.0,,16.0,0.475,3919.475,12093054.5,310.0
6196,1001.0,21.0,1.0,100.0,80.0,,17.0,0.375,3919.85,12096974.35,310.0
6197,1001.0,21.0,1.0,100.0,80.0,,18.0,0.95,3920.8,12100895.15,310.0
6198,1001.0,21.0,1.0,100.0,80.0,,19.0,0.1125,3920.9125,12104816.0625,310.0
6199,1001.0,21.0,1.0,100.0,80.0,,20.0,1.0625,3921.975,12108738.0375,310.0
6200,1001.0,21.0,1.0,100.0,80.0,,1.0,1.0,3922.975,12112661.0125,311.0
6201,1001.0,21.0,1.0,100.0,80.0,,2.0,0.3375,3923.3125,12116584.325,311.0
6202,1001.0,21.0,1.0,100.0,80.0,,3.0,0.3625,3923.675,12120508.0,311.0
6203,1001.0,21.0,1.0,100.0,80.0,,4.0,0.6625,3924.3375,12124432.3375,311.0
6204,1001.0,21.0,1.0,100.0,80.0,,5.0,0.55,3924.8875,12128357.225,311.0
6205,1001.0,21.0,1.0,100.0,80.0,,6.0,1.2375,3926.125,12132283.35,311.0
6206,1001.0,21.0,1.0,100.0,80.0,,7.0,0.1625,3926.2875,12136209.6375,311.0
6207,1001.0,21.0,1.0,100.0,80.0,,8.0,0.3375,3926.625,12140136.2625,311.0
6208,1001.0,21.0,1.0,100.0,80.0,,9.0,0.6375,3927.2625,12144063.525,311.0
6209,1001.0,21.0,1.0,100.0,80.0,,10.0,0.9375,3928.2,12147991.725,311.0
6210,1001.0,21.0,1.0,100.0,80.0,,11.0,0.7,3928.9,12151920.625,311.0
6211,1001.0,21.0,1.0,100.0,80.0,,12.0,0.9375,3929.8375,12155850.4625,311.0
6212,1001.0,21.0,1.0,100.0,80.0,,13.0,0.4625,3930.3,12159780.7625,311.0
6213,1001.0,21.0,1.0,100.0,80.0,,14.0,0.3875,3930.6875,12163711.45,311.0
6214,1001.0,21.0,1.0,100.0,80.0,,15.0,1.225,3931.9125,12167643.3625,311.0
6215,1001.0,21.0,1.0,100.0,80.0,,16.0,0.8625,3932.775,12171576.1375,311.0
6216,1001.0,21.0,1.0,100.0,80.0,,17.0,0.825,3933.6,12175509.7375,311.0
6217,1001.0,21.0,1.0,100.0,80.0,,18.0,0.175,3933.775,12179443.5125,311.0
6218,1001.0,21.0,1.0,100.0,80.0,,19.0,0.15,3933.925,12183377.4375,311.0
6219,1001.0,21.0,1.0,100.0,80.0,,20.0,0.725,3934.65,12187312.0875,311.0
6220,1001.0,21.0,1.0,100.0,80.0,,1.0,0.175,3934.825,12191246.9125,312.0
6221,1001.0,21.0,1.0,100.0,80.0,,2.0,1.225,3936.05,12195182.9625,312.0
6222,1001.0,21.0,1.0,100.0,80.0,,3.0,0.15,3936.2,12199119.1625,312.0
6223,1001.0,21.0,1.0,100.0,80.0,,4.0,0.3875,3936.5875,12203055.75,312.0
6224,1001.0,21.0,1.0,100.0,80.0,,5.0,0.1125,3936.7,12206992.45,312.0
6225,1001.0,21.0,1.0,100.0,80.0,,6.0,0.3125,3937.0125,12210929.4625,312.0
6226,1001.0,21.0,1.0,100.0,80.0,,7.0,0.95,3937.9625,12214867.425,312.0
6227,1001.0,21.0,1.0,100.0,80.0,,8.0,0.0625,3938.025,12218805.45,312.0
6228,1001.0,21.0,1.0,100.0,80.0,,9.0,0.4125,3938.4375,12222743.8875,312.0
6229,1001.0,21.0,1.0,100.0,80.0,,10.0,0.25,3938.6875,12226682.575,312.0
6230,1001.0,21.0,1.0,100.0,80.0,,11.0,0.4375,3939.125,12230621.7,312.0
6231,1001.0,21.0,1.0,100.0,80.0,,12.0,0.8625,3939.9875,12234561.6875,312.0
6232,1001.0,21.0,1.0,100.0,80.0,,13.0,0.225,3940.2125,12238501.9,312.0
6233,1001.0,21.0,1.0,100.0,80.0,,14.0,0.175,3940.3875,12242442.2875,312.0
6234,1001.0,21.0,1.0,100.0,80.0,,15.0,1.0125,3941.4,12246383.6875,312.0
6235,1001.0,21.0,1.0,100.0,80.0,,16.0,0.475,3941.875,12250325.5625,312.0
6236,1001.0,21.0,1.0,100.0,80.0,,17.0,0.2,3942.075,12254267.6375,312.0
6237,1001.0,21.0,1.0,100.0,80.0,,18.0,0.3375,3942.4125,12258210.05,312.0
6238,1001.0,21.0,1.0,100.0,80.0,,19.0,0.3125,3942.725,12262152.775,312.0
6239,1001.0,21.0,1.0,100.0,80.0,,20.0,1.0375,3943.7625,12266096.5375,312.0
6240,1001.0,21.0,1.0,100.0,80.0,,1.0,0.975,3944.7375,12270041.275,313.0
6241,1001.0,21.0,1.0,100.0,80.0,,2.0,0.05,3944.7875,12273986.0625,313.0
6242,1001.0,21.0,1.0,100.0,80.0,,3.0,0.8875,3945.675,12277931.7375,313.0
6243,1001.0,21.0,1.0,100.0,80.0,,4.0,1.1125,3946.7875,12281878.525,313.0
6244,1001.0,21.0,1.0,100.0,80.0,,5.0,0.15,3946.9375,12285825.4625,313.0
6245,1001.0,21.0,1.0,100.0,80.0,,6.0,0.9625,3947.9,12289773.3625,313.0
6246,1001.0,21.0,1.0,100.0,80.0,,7.0,0.2625,3948.1625,12293721.525,313.0
6247,1001.0,21.0,1.0,100.0,80.0,,8.0,0.1375,3948.3,12297669.825,313.0
6248,1001.0,21.0,1.0,100.0,80.0,,9.0,1.1375,3949.4375,12301619.2625,313.0
6249,1001.0,21.0,1.0,100.0,80.0,,10.0,0.25,3949.6875,12305568.95,313.0
6250,1001.0,21.0,1.0,100.0,80.0,,11.0,1.1625,3950.85,12309519.8,313.0
6251,1001.0,21.0,1.0,100.0,80.0,,12.0,0.8,3951.65,12313471.45,313.0
6252,1001.0,21.0,1.0,100.0,80.0,,13.0,0.675,3952.325,12317423.775,313.0
6253,1001.0,21.0,1.0,100.0,80.0,,14.0,0.2875,3952.6125,12321376.3875,313.0
6254,1001.0,21.0,1.0,100.0,80.0,,15.0,0.55,3953.1625,12325329.55,313.0
6255,1001.0,21.0,1.0,100.0,80.0,,16.0,0.5875,3953.75,12329283.3,313.0
6256,1001.0,21.0,1.0,100.0,80.0,,17.0,0.1625,3953.9125,12333237.2125,313.0
6257,1001.0,21.0,1.0,100.0,80.0,,18.0,0.4875,3954.4,12337191.6125,313.0
6258,1001.0,21.0,1.0,100.0,80.0,,19.0,1.1875,3955.5875,12341147.2,313.0
6259,1001.0,21.0,1.0,100.0,80.0,,20.0,1.1875,3956.775,12345103.975,313.0
6260,1001.0,21.0,1.0,100.0,80.0,,1.0,1.1375,3957.9125,12349061.8875,314.0
6261,1001.0,21.0,1.0,100.0,80.0,,2.0,0.2,3958.1125,12353020.0,314.0
6262,1001.0,21.0,1.0,100.0,80.0,,3.0,0.075,3958.1875,12356978.1875,314.0
6263,1001.0,21.0,1.0,100.0,80.0,,4.0,0.7375,3958.925,12360937.1125,314.0
6264,1001.0,21.0,1.0,100.0,80.0,,5.0,0.625,3959.55,12364896.6625,314.0
6265,1001.0,21.0,1.0,100.0,80.0,,6.0,0.975,3960.525,12368857.1875,314.0
6266,1001.0,21.0,1.0,100.0,80.0,,7.0,0.0625,3960.5875,12372817.775,314.0
6267,1001.0,21.0,1.0,100.0,80.0,,8.0,0.9375,3961.525,12376779.3,314.0
6268,1001.0,21.0,1.0,100.0,80.0,,9.0,0.9125,3962.4375,12380741.7375,314.0
6269,1001.0,21.0,1.0,100.0,80.0,,10.0,0.825,3963.2625,12384705.0,314.0
6270,1001.0,21.0,1.0,100.0,80.0,,11.0,0.6625,3963.925,12388668.925,314.0
6271,1001.0,21.0,1.0,100.0,80.0,,12.0,0.175,3964.1,12392633.025,314.0
6272,1001.0,21.0,1.0,100.0,80.0,,13.0,1.15,3965.25,12396598.275,314.0
6273,1001.0,21.0,1.0,100.0,80.0,,14.0,1.175,3966.425,12400564.7,314.0
6274,1001.0,21.0,1.0,100.0,80.0,,15.0,0.75,3967.175,12404531.875,314.0
6275,1001.0,21.0,1.0,100.0,80.0,,16.0,0.65,3967.825,12408499.7,314.0
6276,1001.0,21.0,1.0,100.0,80.0,,17.0,0.475,3968.3,12412468.0,314.0
6277,1001.0,21.0,1.0,100.0,80.0,,18.0,0.45,3968.75,12416436.75,314.0
6278,1001.0,21.0,1.0,100.0,80.0,,19.0,0.5,3969.25,12420406.0,314.0
6279,1001.0,21.0,1.0,100.0,80.0,,20.0,0.4875,3969.7375,12424375.7375,314.0
6280,1001.0,21.0,1.0,100.0,80.0,,1.0,1.1125,3970.85,12428346.5875,315.0
6281,1001.0,21.0,1.0,100.0,80.0,,2.0,1.15,3972.0,12432318.5875,315.0
6282,1001.0,21.0,1.0,100.0,80.0,,3.0,0.9375,3972.9375,12436291.525,315.0
6283,1001.0,21.0,1.0,100.0,80.0,,4.0,0.0625,3973.0,12440264.525,315.0
6284,1001.0,21.0,1.0,100.0,80.0,,5.0,0.5375,3973.5375,12444238.0625,315.0
6285,1001.0,21.0,1.0,100.0,80.0,,6.0,0.6,3974.1375,12448212.2,315.0
6286,1001.0,21.0,1.0,100.0,80.0,,7.0,0.0375,3974.175,12452186.375,315.0
6287,1001.0,21.0,1.0,100.0,80.0,,8.0,0.3875,3974.5625,12456160.9375,315.0
6288,1001.0,21.0,1.0,100.0,80.0,,9.0,0.075,3974.6375,12460135.575,315.0
6289,1001.0,21.0,1.0,100.0,80.0,,10.0,0.3875,3975.025,12464110.6,315.0
6290,1001.0,21.0,1.0,100.0,80.0,,11.0,0.625,3975.65,12468086.25,315.0
6291,1001.0,21.0,1.0,100.0,80.0,,12.0,0.125,3975.775,12472062.025,315.0
6292,1001.0,21.0,1.0,100.0,80.0,,13.0,0.15,3975.925,12476037.95,315.0
6293,1001.0,21.0,1.0,100.0,80.0,,14.0,0.525,3976.45,12480014.4,315.0
6294,1001.0,21.0,1.0,100.0,80.0,,15.0,0.9,3977.35,12483991.75,315.0
6295,1001.0,21.0,1.0,100.0,80.0,,16.0,0.2125,3977.5625,12487969.3125,315.0
6296,1001.0,21.0,1.0,100.0,80.0,,17.0,0.4,3977.9625,12491947.275,315.0
6297,1001.0,21.0,1.0,100.0,80.0,,18.0,0.1875,3978.15,12495925.425,315.0
6298,1001.0,21.0,1.0,100.0,80.0,,19.0,1.05,3979.2,12499904.625,315.0
6299,1001.0,21.0,1.0,100.0,80.0,,20.0,0.8875,3980.0875,12503884.7125,315.0
6300,1001.0,21.0,1.0,100.0,80.0,,1.0,0.9125,3981.0,12507865.7125,316.0
6301,1001.0,21.0,1.0,100.0,80.0,,2.0,0.4625,3981.4625,12511847.175,316.0
6302,1001.0,21.0,1.0,100.0,80.0,,3.0,1.1875,3982.65,12515829.825,316.0
6303,1001.0,21.0,1.0,100.0,80.0,,4.0,0.35,3983.0,12519812.825,316.0
6304,1001.0,21.0,1.0,100.0,80.0,,5.0,0.75,3983.75,12523796.575,316.0
6305,1001.0,21.0,1.0,100.0,80.0,,6.0,1.1875,3984.9375,12527781.5125,316.0
6306,1001.0,21.0,1.0,100.0,80.0,,7.0,0.75,3985.6875,12531767.2,316.0
6307,1001.0,21.0,1.0,100.0,80.0,,8.0,0.5625,3986.25,12535753.45,316.0
6308,1001.0,21.0,1.0,100.0,80.0,,9.0,0.8,3987.05,12539740.5,316.0
6309,1001.0,21.0,1.0,100.0,80.0,,10.0,1.125,3988.175,12543728.675,316.0
6310,1001.0,21.0,1.0,100.0,80.0,,11.0,1.075,3989.25,12547717.925,316.0
6311,1001.0,21.0,1.0,100.0,80.0,,12.0,1.225,3990.475,12551708.4,316.0
6312,1001.0,21.0,1.0,100.0,80.0,,13.0,1.2375,3991.7125,12555700.1125,316.0
6313,1001.0,21.0,1.0,100.0,80.0,,14.0,0.225,3991.9375,12559692.05,316.0
6314,1001.0,21.0,1.0,100.0,80.0,,15.0,0.725,3992.6625,12563684.7125,316.0
6315,1001.0,21.0,1.0,100.0,80.0,,16.0,0.9125,3993.575,12567678.2875,316.0
6316,1001.0,21.0,1.0,100.0,80.0,,17.0,0.775,3994.35,12571672.6375,316.0
6317,1001.0,21.0,1.0,100.0,80.0,,18.0,0.9625,3995.3125,12575667.95,316.0
6318,1001.0,21.0,1.0,100.0,80.0,,19.0,1.1,3996.4125,12579664.3625,316.0
6319,1001.0,21.0,1.0,100.0,80.0,,20.0,1.225,3997.6375,12583662.0,316.0
6320,1001.0,21.0,1.0,100.0,80.0,,1.0,0.775,3998.4125,12587660.4125,317.0
6321,1001.0,21.0,1.0,100.0,80.0,,2.0,0.125,3998.5375,12591658.95,317.0
6322,1001.0,21.0,1.0,100.0,80.0,,3.0,1.15,3999.6875,12595658.6375,317.0
6323,1001.0,21.0,1.0,100.0,80.0,,4.0,1.1625,4000.85,12599659.4875,317.0
6324,1001.0,21.0,1.0,100.0,80.0,,5.0,0.3,4001.15,12603660.6375,317.0
6325,1001.0,21.0,1.0,100.0,80.0,,6.0,0.1625,4001.3125,12607661.95,317.0
6326,1001.0,21.0,1.0,100.0,80.0,,7.0,0.7375,4002.05,12611664.0,317.0
6327,1001.0,21.0,1.0,100.0,80.0,,8.0,0.7125,4002.7625,12615666.7625,317.0
6328,1001.0,21.0,1.0,100.0,80.0,,9.0,0.9,4003.6625,12619670.425,317.0
6329,1001.0,21.0,1.0,100.0,80.0,,10.0,0.4625,4004.125,12623674.55,317.0
6330,1001.0,21.0,1.0,100.0,80.0,,11.0,0.5625,4004.6875,12627679.2375,317.0
6331,1001.0,21.0,1.0,100.0,80.0,,12.0,1.15,4005.8375,12631685.075,317.0
6332,1001.0,21.0,1.0,100.0,80.0,,13.0,0.0625,4005.9,12635690.975,317.0
6333,1001.0,21.0,1.0,100.0,80.0,,14.0,1.05,4006.95,12639697.925,317.0
6334,1001.0,21.0,1.0,100.0,80.0,,15.0,0.4125,4007.3625,12643705.2875,317.0
6335,1001.0,21.0,1.0,100.0,80.0,,16.0,0.375,4007.7375,12647713.025,317.0
6336,1001.0,21.0,1.0,100.0,80.0,,17.0,0.7,4008.4375,12651721.4625,317.0
6337,1001.0,21.0,1.0,100.0,80.0,,18.0,0.05,4008.4875,12655729.95,317.0
6338,1001.0,21.0,1.0,100.0,80.0,,19.0,0.625,4009.1125,12659739.0625,317.0
6339,1001.0,21.0,1.0,100.0,80.0,,20.0,0.3,4009.4125,12663748.475,317.0
6340,1001.0,21.0,1.0,100.0,80.0,,1.0,0.6,4010.0125,12667758.4875,318.0
6341,1001.0,21.0,1.0,100.0,80.0,,2.0,0.8625,4010.875,12671769.3625,318.0
6342,1001.0,21.0,1.0,100.0,80.0,,3.0,0.5625,4011.4375,12675780.8,318.0
6343,1001.0,21.0,1.0,100.0,80.0,,4.0,0.6,4012.0375,12679792.8375,318.0
6344,1001.0,21.0,1.0,100.0,80.0,,5.0,0.8375,4012.875,12683805.7125,318.0
6345,1001.0,21.0,1.0,100.0,80.0,,6.0,1.0625,4013.9375,12687819.65,318.0
6346,1001.0,21.0,1.0,100.0,80.0,,7.0,0.1875,4014.125,12691833.775,318.0
6347,1001.0,21.0,1.0,100.0,80.0,,8.0,0.55,4014.675,12695848.45,318.0
6348,1001.0,21.0,1.0,100.0,80.0,,9.0,0.775,4015.45,12699863.9,318.0
6349,1001.0,21.0,1.0,100.0,80.0,,10.0,1.125,4016.575,12703880.475,318.0
6350,1001.0,21.0,1.0,100.0,80.0,,11.0,1.0,4017.575,12707898.05,318.0
6351,1001.0,21.0,1.0,100.0,80.0,,12.0,0.5,4018.075,12711916.125,318.0
6352,1001.0,21.0,1.0,100.0,80.0,,13.0,1.175,4019.25,12715935.375,318.0
6353,1001.0,21.0,1.0,100.0,80.0,,14.0,0.4875,4019.7375,12719955.1125,318.0
6354,1001.0,21.0,1.0,100.0,80.0,,15.0,0.925,4020.6625,12723975.775,318.0
6355,1001.0,21.0,1.0,100.0,80.0,,16.0,0.5125,4021.175,12727996.95,318.0
6356,1001.0,21.0,1.0,100.0,80.0,,17.0,0.225,4021.4,12732018.35,318.0
6357,1001.0,21.0,1.0,100.0,80.0,,18.0,0.8,4022.2,12736040.55,318.0
6358,1001.0,21.0,1.0,100.0,80.0,,19.0,0.625,4022.825,12740063.375,318.0
6359,1001.0,21.0,1.0,100.0,80.0,,20.0,1.0875,4023.9125,12744087.2875,318.0
6360,1001.0,21.0,1.0,100.0,80.0,,1.0,1.125,4025.0375,12748112.325,319.0
6361,1001.0,21.0,1.0,100.0,80.0,,2.0,0.7875,4025.825,12752138.15,319.0
6362,1001.0,21.0,1.0,100.0,80.0,,3.0,0.35,4026.175,12756164.325,319.0
6363,1001.0,21.0,1.0,100.0,80.0,,4.0,0.675,4026.85,12760191.175,319.0
6364,1001.0,21.0,1.0,100.0,80.0,,5.0,1.1,4027.95,12764219.125,319.0
6365,1001.0,21.0,1.0,100.0,80.0,,6.0,0.425,4028.375,12768247.5,319.0
6366,1001.0,21.0,1.0,100.0,80.0,,7.0,1.125,4029.5,12772277.0,319.0
6367,1001.0,21.0,1.0,100.0,80.0,,8.0,0.825,4030.325,12776307.325,319.0
6368,1001.0,21.0,1.0,100.0,80.0,,9.0,1.1875,4031.5125,12780338.8375,319.0
6369,1001.0,21.0,1.0,100.0,80.0,,10.0,0.25,4031.7625,12784370.6,319.0
6370,1001.0,21.0,1.0,100.0,80.0,,11.0,1.225,4032.9875,12788403.5875,319.0
6371,1001.0,21.0,1.0,100.0,80.0,,12.0,0.8375,4033.825,12792437.4125,319.0
6372,1001.0,21.0,1.0,100.0,80.0,,13.0,0.2,4034.025,12796471.4375,319.0
6373,1001.0,21.0,1.0,100.0,80.0,,14.0,0.5375,4034.5625,12800506.0,319.0
6374,1001.0,21.0,1.0,100.0,80.0,,15.0,0.1625,4034.725,12804540.725,319.0
6375,1001.0,21.0,1.0,100.0,80.0,,16.0,0.9375,4035.6625,12808576.3875,319.0
6376,1001.0,21.0,1.0,100.0,80.0,,17.0,0.9625,4036.625,12812613.0125,319.0
6377,1001.0,21.0,1.0,100.0,80.0,,18.0,0.0625,4036.6875,12816649.7,319.0
6378,1001.0,21.0,1.0,100.0,80.0,,19.0,0.6625,4037.35,12820687.05,319.0
6379,1001.0,21.0,1.0,100.0,80.0,,20.0,0.125,4037.475,12824724.525,319.0
6380,1001.0,21.0,1.0,100.0,80.0,,1.0,0.0375,4037.5125,12828762.0375,320.0
6381,1001.0,21.0,1.0,100.0,80.0,,2.0,0.925,4038.4375,12832800.475,320.0
6382,1001.0,21.0,1.0,100.0,80.0,,3.0,0.975,4039.4125,12836839.8875,320.0
6383,1001.0,21.0,1.0,100.0,80.0,,4.0,0.5625,4039.975,12840879.8625,320.0
6384,1001.0,21.0,1.0,100.0,80.0,,5.0,0.975,4040.95,12844920.8125,320.0
6385,1001.0,21.0,1.0,100.0,80.0,,6.0,0.7375,4041.6875,12848962.5,320.0
6386,1001.0,21.0,1.0,100.0,80.0,,7.0,1.0,4042.6875,12853005.1875,320.0
6387,1001.0,21.0,1.0,100.0,80.0,,8.0,0.825,4043.5125,12857048.7,320.0
6388,1001.0,21.0,1.0,100.0,80.0,,9.0,0.1625,4043.675,12861092.375,320.0
6389,1001.0,21.0,1.0,100.0,80.0,,10.0,0.025,4043.7,12865136.075,320.0
6390,1001.0,21.0,1.0,100.0,80.0,,11.0,0.075,4043.775,12869179.85,320.0
6391,1001.0,21.0,1.0,100.0,80.0,,12.0,0.4875,4044.2625,12873224.1125,320.0
6392,1001.0,21.0,1.0,100.0,80.0,,13.0,0.3125,4044.575,12877268.6875,320.0
6393,1001.0,21.0,1.0,100.0,80.0,,14.0,0.1125,4044.6875,12881313.375,320.0
6394,1001.0,21.0,1.0,100.0,80.0,,15.0,0.4625,4045.15,12885358.525,320.0
6395,1001.0,21.0,1.0,100.0,80.0,,16.0,0.35,4045.5,12889404.025,320.0
6396,1001.0,21.0,1.0,100.0,80.0,,17.0,0.15,4045.65,12893449.675,320.0
6397,1001.0,21.0,1.0,100.0,80.0,,18.0,0.5625,4046.2125,12897495.8875,320.0
6398,1001.0,21.0,1.0,100.0,80.0,,19.0,0.3375,4046.55,12901542.4375,320.0
6399,1001.0,21.0,1.0,100.0,80.0,,20.0,0.85,4047.4,12905589.8375,320.0
6400,1001.0,21.0,1.0,100.0,80.0,,1.0,0.1,4047.5,12909637.3375,321.0
6401,1001.0,21.0,1.0,100.0,80.0,,2.0,1.225,4048.725,12913686.0625,321.0
6402,1001.0,21.0,1.0,100.0,80.0,,3.0,0.0125,4048.7375,12917734.8,321.0
6403,1001.0,21.0,1.0,100.0,80.0,,4.0,1.1625,4049.9,12921784.7,321.0
6404,1001.0,21.0,1.0,100.0,80.0,,5.0,1.1,4051.0,12925835.7,321.0
6405,1001.0,21.0,1.0,100.0,80.0,,6.0,0.75,4051.75,12929887.45,321.0
6406,1001.0,21.0,1.0,100.0,80.0,,7.0,0.95,4052.7,12933940.15,321.0
6407,1001.0,21.0,1.0,100.0,80.0,,8.0,1.125,4053.825,12937993.975,321.0
6408,1001.0,21.0,1.0,100.0,80.0,,9.0,0.75,4054.575,12942048.55,321.0
6409,1001.0,21.0,1.0,100.0,80.0,,10.0,0.475,4055.05,12946103.6,321.0
6410,1001.0,21.0,1.0,100.0,80.0,,11.0,0.7,4055.75,12950159.35,321.0
6411,1001.0,21.0,1.0,100.0,80.0,,12.0,0.6625,4056.4125,12954215.7625,321.0
6412,1001.0,21.0,1.0,100.0,80.0,,13.0,0.8625,4057.275,12958273.0375,321.0
6413,1001.0,21.0,1.0,100.0,80.0,,14.0,0.8625,4058.1375,12962331.175,321.0
6414,1001.0,21.0,1.0,100.0,80.0,,15.0,0.1125,4058.25,12966389.425,321.0
6415,1001.0,21.0,1.0,100.0,80.0,,16.0,0.075,4058.325,12970447.75,321.0
6416,1001.0,21.0,1.0,100.0,80.0,,17.0,0.7375,4059.0625,12974506.8125,321.0
6417,1001.0,21.0,1.0,100.0,80.0,,18.0,0.025,4059.0875,12978565.9,321.0
6418,1001.0,21.0,1.0,100.0,80.0,,19.0,0.05,4059.1375,12982625.0375,321.0
6419,1001.0,21.0,1.0,100.0,80.0,,20.0,0.9,4060.0375,12986685.075,321.0
6420,1001.0,21.0,1.0,100.0,80.0,,1.0,0.3625,4060.4,12990745.475,322.0
6421,1001.0,21.0,1.0,100.0,80.0,,2.0,0.925,4061.325,12994806.8,322.0
6422,1001.0,21.0,1.0,100.0,80.0,,3.0,0.5625,4061.8875,12998868.6875,322.0
6423,1001.0,21.0,1.0,100.0,80.0,,4.0,0.1875,4062.075,13002930.7625,322.0
6424,1001.0,21.0,1.0,100.0,80.0,,5.0,0.5125,4062.5875,13006993.35,322.0
6425,1001.0,21.0,1.0,100.0,80.0,,6.0,0.6,4063.1875,13011056.5375,322.0
6426,1001.0,21.0,1.0,100.0,80.0,,7.0,0.9,4064.0875,13015120.625,322.0
6427,1001.0,21.0,1.0,100.0,80.0,,8.0,0.225,4064.3125,13019184.9375,322.0
6428,1001.0,21.0,1.0,100.0,80.0,,9.0,0.0375,4064.35,13023249.2875,322.0
6429,1001.0,21.0,1.0,100.0,80.0,,10.0,0.7625,4065.1125,13027314.4,322.0
6430,1001.0,21.0,1.0,100.0,80.0,,11.0,1.05,4066.1625,13031380.5625,322.0
6431,1001.0,21.0,1.0,100.0,80.0,,12.0,1.2125,4067.375,13035447.9375,322.0
6432,1001.0,21.0,1.0,100.0,80.0,,13.0,1.15,4068.525,13039516.4625,322.0
6433,1001.0,21.0,1.0,100.0,80.0,,14.0,0.575,4069.1,13043585.5625,322.0
6434,1001.0,21.0,1.0,100.0,80.0,,15.0,0.3,4069.4,13047654.9625,322.0
6435,1001.0,21.0,1.0,100.0,80.0,,16.0,0.7375,4070.1375,13051725.1,322.0
6436,1001.0,21.0,1.0,100.0,80.0,,17.0,0.8625,4071.0,13055796.1,322.0
6437,1001.0,21.0,1.0,100.0,80.0,,18.0,0.5,4071.5,13059867.6,322.0
6438,1001.0,21.0,1.0,100.0,80.0,,19.0,0.825,4072.325,13063939.925,322.0
6439,1001.0,21.0,1.0,100.0,80.0,,20.0,1.2375,4073.5625,13068013.4875,322.0
6440,1001.0,21.0,1.0,100.0,80.0,,1.0,0.7875,4074.35,13072087.8375,323.0
6441,1001.0,21.0,1.0,100.0,80.0,,2.0,0.8625,4075.2125,13076163.05,323.0
6442,1001.0,21.0,1.0,100.0,80.0,,3.0,1.15,4076.3625,13080239.4125,323.0
6443,1001.0,21.0,1.0,100.0,80.0,,4.0,0.975,4077.3375,13084316.75,323.0
6444,1001.0,21.0,1.0,100.0,80.0,,5.0,1.075,4078.4125,13088395.1625,323.0
6445,1001.0,21.0,1.0,100.0,80.0,,6.0,0.85,4079.2625,13092474.425,323.0
6446,1001.0,21.0,1.0,100.0,80.0,,7.0,0.2125,4079.475,13096553.9,323.0
6447,1001.0,21.0,1.0,100.0,80.0,,8.0,0.25,4079.725,13100633.625,323.0
6448,1001.0,21.0,1.0,100.0,80.0,,9.0,0.525,4080.25,13104713.875,323.0
6449,1001.0,21.0,1.0,100.0,80.0,,10.0,1.1375,4081.3875,13108795.2625,323.0
6450,1001.0,21.0,1.0,100.0,80.0,,11.0,0.025,4081.4125,13112876.675,323.0
6451,1001.0,21.0,1.0,100.0,80.0,,12.0,0.0875,4081.5,13116958.175,323.0
6452,1001.0,21.0,1.0,100.0,80.0,,13.0,0.375,4081.875,13121040.05,323.0
6453,1001.0,21.0,1.0,100.0,80.0,,14.0,1.125,4083.0,13125123.05,323.0
6454,1001.0,21.0,1.0,100.0,80.0,,15.0,0.375,4083.375,13129206.425,323.0
6455,1001.0,21.0,1.0,100.0,80.0,,16.0,0.775,4084.15,13133290.575,323.0
6456,1001.0,21.0,1.0,100.0,80.0,,17.0,0.9,4085.05,13137375.625,323.0
6457,1001.0,21.0,1.0,100.0,80.0,,18.0,0.8,4085.85,13141461.475,323.0
6458,1001.0,21.0,1.0,100.0,80.0,,19.0,0.7375,4086.5875,13145548.0625,323.0
6459,1001.0,21.0,1.0,100.0,80.0,,20.0,0.275,4086.8625,13149634.925,323.0
6460,1001.0,21.0,1.0,100.0,80.0,,1.0,0.9,4087.7625,13153722.6875,324.0
6461,1001.0,21.0,1.0,100.0,80.0,,2.0,0.4125,4088.175,13157810.8625,324.0
6462,1001.0,21.0,1.0,100.0,80.0,,3.0,0.0875,4088.2625,13161899.125,324.0
6463,1001.0,21.0,1.0,100.0,80.0,,4.0,0.7625,4089.025,13165988.15,324.0
6464,1001.0,21.0,1.0,100.0,80.0,,5.0,0.1,4089.125,13170077.275,324.0
6465,1001.0,21.0,1.0,100.0,80.0,,6.0,0.3875,4089.5125,13174166.7875,324.0
6466,1001.0,21.0,1.0,100.0,80.0,,7.0,0.4625,4089.975,13178256.7625,324.0
6467,1001.0,21.0,1.0,100.0,80.0,,8.0,0.1375,4090.1125,13182346.875,324.0
6468,1001.0,21.0,1.0,100.0,80.0,,9.0,0.375,4090.4875,13186437.3625,324.0
6469,1001.0,21.0,1.0,100.0,80.0,,10.0,0.1125,4090.6,13190527.9625,324.0
6470,1001.0,21.0,1.0,100.0,80.0,,11.0,0.9875,4091.5875,13194619.55,324.0
6471,1001.0,21.0,1.0,100.0,80.0,,12.0,0.2125,4091.8,13198711.35,324.0
6472,1001.0,21.0,1.0,100.0,80.0,,13.0,0.3,4092.1,13202803.45,324.0
6473,1001.0,21.0,1.0,100.0,80.0,,14.0,1.1,4093.2,13206896.65,324.0
6474,1001.0,21.0,1.0,100.0,80.0,,15.0,0.9,4094.1,13210990.75,324.0
6475,1001.0,21.0,1.0,100.0,80.0,,16.0,1.1625,4095.2625,13215086.0125,324.0
6476,1001.0,21.0,1.0,100.0,80.0,,17.0,0.475,4095.7375,13219181.75,324.0
6477,1001.0,21.0,1.0,100.0,80.0,,18.0,0.1375,4095.875,13223277.625,324.0
6478,1001.0,21.0,1.0,100.0,80.0,,19.0,0.1875,4096.0625,13227373.6875,324.0
6479,1001.0,21.0,1.0,100.0,80.0,,20.0,0.3125,4096.375,13231470.0625,324.0
6480,1001.0,21.0,1.0,100.0,80.0,,1.0,0.3,4096.675,13235566.7375,325.0
6481,1001.0,21.0,1.0,100.0,80.0,,2.0,0.875,4097.55,13239664.2875,325.0
6482,1001.0,21.0,1.0,100.0,80.0,,3.0,0.7,4098.25,13243762.5375,325.0
6483,1001.0,21.0,1.0,100.0,80.0,,4.0,0.2375,4098.4875,13247861.025,325.0
6484,1001.0,21.0,1.0,100.0,80.0,,5.0,1.125,4099.6125,13251960.6375,325.0
6485,1001.0,21.0,1.0,100.0,80.0,,6.0,0.975,4100.5875,13256061.225,325.0
6486,1001.0,21.0,1.0,100.0,80.0,,7.0,1.2375,4101.825,13260163.05,325.0
6487,1001.0,21.0,1.0,100.0,80.0,,8.0,0.0625,4101.8875,13264264.9375,325.0
6488,1001.0,21.0,1.0,100.0,80.0,,9.0,0.6875,4102.575,13268367.5125,325.0
6489,1001.0,21.0,1.0,100.0,80.0,,10.0,0.425,4103.0,13272470.5125,325.0
6490,1001.0,21.0,1.0,100.0,80.0,,11.0,0.7375,4103.7375,13276574.25,325.0
6491,1001.0,21.0,1.0,100.0,80.0,,12.0,0.975,4104.7125,13280678.9625,325.0
6492,1001.0,21.0,1.0,100.0,80.0,,13.0,0.0375,4104.75,13284783.7125,325.0
6493,1001.0,21.0,1.0,100.0,80.0,,14.0,0.625,4105.375,13288889.0875,325.0
6494,1001.0,21.0,1.0,100.0,80.0,,15.0,0.6125,4105.9875,13292995.075,325.0
6495,1001.0,21.0,1.0,100.0,80.0,,16.0,0.675,4106.6625,13297101.7375,325.0
6496,1001.0,21.0,1.0,100.0,80.0,,17.0,0.275,4106.9375,13301208.675,325.0
6497,1001.0,21.0,1.0,100.0,80.0,,18.0,1.125,4108.0625,13305316.7375,325.0
6498,1001.0,21.0,1.0,100.0,80.0,,19.0,0.1125,4108.175,13309424.9125,325.0
6499,1001.0,21.0,1.0,100.0,80.0,,20.0,0.7125,4108.8875,13313533.8,325.0
6500,1001.0,21.0,1.0,100.0,80.0,,1.0,0.175,4109.0625,13317642.8625,326.0
6501,1001.0,21.0,1.0,100.0,80.0,,2.0,0.5125,4109.575,13321752.4375,326.0
6502,1001.0,21.0,1.0,100.0,80.0,,3.0,0.6625,4110.2375,13325862.675,326.0
6503,1001.0,21.0,1.0,100.0,80.0,,4.0,1.1125,4111.35,13329974.025,326.0
6504,1001.0,21.0,1.0,100.0,80.0,,5.0,1.1125,4112.4625,13334086.4875,326.0
6505,1001.0,21.0,1.0,100.0,80.0,,6.0,0.575,4113.0375,13338199.525,326.0
6506,1001.0,21.0,1.0,100.0,80.0,,7.0,0.775,4113.8125,13342313.3375,326.0
6507,1001.0,21.0,1.0,100.0,80.0,,8.0,1.15,4114.9625,13346428.3,326.0
6508,1001.0,21.0,1.0,100.0,80.0,,9.0,0.6375,4115.6,13350543.9,326.0
6509,1001.0,21.0,1.0,100.0,80.0,,10.0,0.2125,4115.8125,13354659.7125,326.0
6510,1001.0,21.0,1.0,100.0,80.0,,11.0,0.2625,4116.075,13358775.7875,326.0
6511,1001.0,21.0,1.0,100.0,80.0,,12.0,0.125,4116.2,13362891.9875,326.0
6512,1001.0,21.0,1.0,100.0,80.0,,13.0,0.9875,4117.1875,13367009.175,326.0
6513,1001.0,21.0,1.0,100.0,80.0,,14.0,0.4375,4117.625,13371126.8,326.0
6514,1001.0,21.0,1.0,100.0,80.0,,15.0,0.0375,4117.6625,13375244.4625,326.0
6515,1001.0,21.0,1.0,100.0,80.0,,16.0,0.7625,4118.425,13379362.8875,326.0
6516,1001.0,21.0,1.0,100.0,80.0,,17.0,1.15,4119.575,13383482.4625,326.0
6517,1001.0,21.0,1.0,100.0,80.0,,18.0,0.6125,4120.1875,13387602.65,326.0
6518,1001.0,21.0,1.0,100.0,80.0,,19.0,0.6625,4120.85,13391723.5,326.0
6519,1001.0,21.0,1.0,100.0,80.0,,20.0,0.9875,4121.8375,13395845.3375,326.0
6520,1001.0,21.0,1.0,100.0,80.0,,1.0,0.225,4122.0625,13399967.4,327.0
6521,1001.0,21.0,1.0,100.0,80.0,,2.0,1.0,4123.0625,13404090.4625,327.0
6522,1001.0,21.0,1.0,100.0,80.0,,3.0,0.575,4123.6375,13408214.1,327.0
6523,1001.0,21.0,1.0,100.0,80.0,,4.0,1.225,4124.8625,13412338.9625,327.0
6524,1001.0,21.0,1.0,100.0,80.0,,5.0,0.6375,4125.5,13416464.4625,327.0
6525,1001.0,21.0,1.0,100.0,80.0,,6.0,0.7625,4126.2625,13420590.725,327.0
6526,1001.0,21.0,1.0,100.0,80.0,,7.0,1.2375,4127.5,13424718.225,327.0
6527,1001.0,21.0,1.0,100.0,80.0,,8.0,0.6625,4128.1625,13428846.3875,327.0
6528,1001.0,21.0,1.0,100.0,80.0,,9.0,0.625,4128.7875,13432975.175,327.0
6529,1001.0,21.0,1.0,100.0,80.0,,10.0,1.125,4129.9125,13437105.0875,327.0
6530,1001.0,21.0,1.0,100.0,80.0,,11.0,0.625,4130.5375,13441235.625,327.0
6531,1001.0,21.0,1.0,100.0,80.0,,12.0,0.3,4130.8375,13445366.4625,327.0
6532,1001.0,21.0,1.0,100.0,80.0,,13.0,1.0875,4131.925,13449498.3875,327.0
6533,1001.0,21.0,1.0,100.0,80.0,,14.0,0.2875,4132.2125,13453630.6,327.0
6534,1001.0,21.0,1.0,100.0,80.0,,15.0,0.25,4132.4625,13457763.0625,327.0
6535,1001.0,21.0,1.0,100.0,80.0,,16.0,1.0625,4133.525,13461896.5875,327.0
6536,1001.0,21.0,1.0,100.0,80.0,,17.0,0.175,4133.7,13466030.2875,327.0
6537,1001.0,21.0,1.0,100.0,80.0,,18.0,0.4625,4134.1625,13470164.45,327.0
6538,1001.0,21.0,1.0,100.0,80.0,,19.0,0.2,4134.3625,13474298.8125,327.0
6539,1001.0,21.0,1.0,100.0,80.0,,20.0,1.0375,4135.4,13478434.2125,327.0
6540,1001.0,21.0,1.0,100.0,80.0,,1.0,0.075,4135.475,13482569.6875,328.0
6541,1001.0,21.0,1.0,100.0,80.0,,2.0,0.4875,4135.9625,13486705.65,328.0
6542,1001.0,21.0,1.0,100.0,80.0,,3.0,1.05,4137.0125,13490842.6625,328.0
6543,1001.0,21.0,1.0,100.0,80.0,,4.0,0.125,4137.1375,13494979.8,328.0
6544,1001.0,21.0,1.0,100.0,80.0,,5.0,0.9,4138.0375,13499117.8375,328.0
6545,1001.0,21.0,1.0,100.0,80.0,,6.0,0.175,4138.2125,13503256.05,328.0
6546,1001.0,21.0,1.0,100.0,80.0,,7.0,0.7,4138.9125,13507394.9625,328.0
6547,1001.0,21.0,1.0,100.0,80.0,,8.0,0.975,4139.8875,13511534.85,328.0
6548,1001.0,21.0,1.0,100.0,80.0,,9.0,0.6875,4140.575,13515675.425,328.0
6549,1001.0,21.0,1.0,100.0,80.0,,10.0,0.725,4141.3,13519816.725,328.0
6550,1001.0,21.0,1.0,100.0,80.0,,11.0,0.9,4142.2,13523958.925,328.0
6551,1001.0,21.0,1.0,100.0,80.0,,12.0,0.8375,4143.0375,13528101.9625,328.0
6552,1001.0,21.0,1.0,100.0,80.0,,13.0,1.0125,4144.05,13532246.0125,328.0
6553,1001.0,21.0,1.0,100.0,80.0,,14.0,0.0625,4144.1125,13536390.125,328.0
6554,1001.0,21.0,1.0,100.0,80.0,,15.0,0.0375,4144.15,13540534.275,328.0
6555,1001.0,21.0,1.0,100.0,80.0,,16.0,1.2375,4145.3875,13544679.6625,328.0
6556,1001.0,21.0,1.0,100.0,80.0,,17.0,0.9,4146.2875,13548825.95,328.0
6557,1001.0,21.0,1.0,100.0,80.0,,18.0,0.7375,4147.025,13552972.975,328.0
6558,1001.0,21.0,1.0,100.0,80.0,,19.0,0.15,4147.175,13557120.15,328.0
6559,1001.0,21.0,1.0,100.0,80.0,,20.0,0.1375,4147.3125,13561267.4625,328.0
6560,1001.0,21.0,1.0,100.0,80.0,,1.0,0.375,4147.6875,13565415.15,329.0
6561,1001.0,21.0,1.0,100.0,80.0,,2.0,0.35,4148.0375,13569563.1875,329.0
6562,1001.0,21.0,1.0,100.0,80.0,,3.0,0.6625,4148.7,13573711.8875,329.0
6563,1001.0,21.0,1.0,100.0,80.0,,4.0,0.05,4148.75,13577860.6375,329.0
6564,1001.0,21.0,1.0,100.0,80.0,,5.0,0.275,4149.025,13582009.6625,329.0
6565,1001.0,21.0,1.0,100.0,80.0,,6.0,0.6875,4149.7125,13586159.375,329.0
6566,1001.0,21.0,1.0,100.0,80.0,,7.0,1.0,4150.7125,13590310.0875,329.0
6567,1001.0,21.0,1.0,100.0,80.0,,8.0,0.525,4151.2375,13594461.325,329.0
6568,1001.0,21.0,1.0,100.0,80.0,,9.0,0.2125,4151.45,13598612.775,329.0
6569,1001.0,21.0,1.0,100.0,80.0,,10.0,0.2125,4151.6625,13602764.4375,329.0
6570,1001.0,21.0,1.0,100.0,80.0,,11.0,0.1375,4151.8,13606916.2375,329.0
6571,1001.0,21.0,1.0,100.0,80.0,,12.0,0.2,4152.0,13611068.2375,329.0
6572,1001.0,21.0,1.0,100.0,80.0,,13.0,0.9,4152.9,13615221.1375,329.0
6573,1001.0,21.0,1.0,100.0,80.0,,14.0,1.2125,4154.1125,13619375.25,329.0
6574,1001.0,21.0,1.0,100.0,80.0,,15.0,0.9875,4155.1,13623530.35,329.0
6575,1001.0,21.0,1.0,100.0,80.0,,16.0,1.075,4156.175,13627686.525,329.0
6576,1001.0,21.0,1.0,100.0,80.0,,17.0,0.0625,4156.2375,13631842.7625,329.0
6577,1001.0,21.0,1.0,100.0,80.0,,18.0,0.7875,4157.025,13635999.7875,329.0
6578,1001.0,21.0,1.0,100.0,80.0,,19.0,0.3625,4157.3875,13640157.175,329.0
6579,1001.0,21.0,1.0,100.0,80.0,,20.0,0.975,4158.3625,13644315.5375,329.0
6580,1001.0,21.0,1.0,100.0,80.0,,1.0,0.9625,4159.325,13648474.8625,330.0
6581,1001.0,21.0,1.0,100.0,80.0,,2.0,0.575,4159.9,13652634.7625,330.0
6582,1001.0,21.0,1.0,100.0,80.0,,3.0,1.125,4161.025,13656795.7875,330.0
6583,1001.0,21.0,1.0,100.0,80.0,,4.0,0.55,4161.575,13660957.3625,330.0
6584,1001.0,21.0,1.0,100.0,80.0,,5.0,0.3,4161.875,13665119.2375,330.0
6585,1001.0,21.0,1.0,100.0,80.0,,6.0,0.725,4162.6,13669281.8375,330.0
6586,1001.0,21.0,1.0,100.0,80.0,,7.0,0.9,4163.5,13673445.3375,330.0
6587,1001.0,21.0,1.0,100.0,80.0,,8.0,0.7625,4164.2625,13677609.6,330.0
6588,1001.0,21.0,1.0,100.0,80.0,,9.0,1.225,4165.4875,13681775.0875,330.0
6589,1001.0,21.0,1.0,100.0,80.0,,10.0,1.2375,4166.725,13685941.8125,330.0
6590,1001.0,21.0,1.0,100.0,80.0,,11.0,0.775,4167.5,13690109.3125,330.0
6591,1001.0,21.0,1.0,100.0,80.0,,12.0,0.1375,4167.6375,13694276.95,330.0
6592,1001.0,21.0,1.0,100.0,80.0,,13.0,0.525,4168.1625,13698445.1125,330.0
6593,1001.0,21.0,1.0,100.0,80.0,,14.0,0.825,4168.9875,13702614.1,330.0
6594,1001.0,21.0,1.0,100.0,80.0,,15.0,0.0125,4169.0,13706783.1,330.0
6595,1001.0,21.0,1.0,100.0,80.0,,16.0,0.7875,4169.7875,13710952.8875,330.0
6596,1001.0,21.0,1.0,100.0,80.0,,17.0,0.2375,4170.025,13715122.9125,330.0
6597,1001.0,21.0,1.0,100.0,80.0,,18.0,0.7,4170.725,13719293.6375,330.0
6598,1001.0,21.0,1.0,100.0,80.0,,19.0,0.0875,4170.8125,13723464.45,330.0
6599,1001.0,21.0,1.0,100.0,80.0,,20.0,0.5875,4171.4,13727635.85,330.0
6600,1001.0,21.0,1.0,100.0,80.0,,1.0,0.125,4171.525,13731807.375,331.0
6601,1001.0,21.0,1.0,100.0,80.0,,2.0,0.4875,4172.0125,13735979.3875,331.0
6602,1001.0,21.0,1.0,100.0,80.0,,3.0,0.0875,4172.1,13740151.4875,331.0
6603,1001.0,21.0,1.0,100.0,80.0,,4.0,0.375,4172.475,13744323.9625,331.0
6604,1001.0,21.0,1.0,100.0,80.0,,5.0,0.025,4172.5,13748496.4625,331.0
6605,1001.0,21.0,1.0,100.0,80.0,,6.0,0.8,4173.3,13752669.7625,331.0
6606,1001.0,21.0,1.0,100.0,80.0,,7.0,0.2125,4173.5125,13756843.275,331.0
6607,1001.0,21.0,1.0,100.0,80.0,,8.0,0.2875,4173.8,13761017.075,331.0
6608,1001.0,21.0,1.0,100.0,80.0,,9.0,0.075,4173.875,13765190.95,331.0
6609,1001.0,21.0,1.0,100.0,80.0,,10.0,0.5875,4174.4625,13769365.4125,331.0
6610,1001.0,21.0,1.0,100.0,80.0,,11.0,0.55,4175.0125,13773540.425,331.0
6611,1001.0,21.0,1.0,100.0,80.0,,12.0,0.1375,4175.15,13777715.575,331.0
6612,1001.0,21.0,1.0,100.0,80.0,,13.0,0.4,4175.55,13781891.125,331.0
6613,1001.0,21.0,1.0,100.0,80.0,,14.0,0.325,4175.875,13786067.0,331.0
6614,1001.0,21.0,1.0,100.0,80.0,,15.0,0.9625,4176.8375,13790243.8375,331.0
6615,1001.0,21.0,1.0,100.0,80.0,,16.0,0.875,4177.7125,13794421.55,331.0
6616,1001.0,21.0,1.0,100.0,80.0,,17.0,0.6875,4178.4,13798599.95,331.0
6617,1001.0,21.0,1.0,100.0,80.0,,18.0,0.625,4179.025,13802778.975,331.0
6618,1001.0,21.0,1.0,100.0,80.0,,19.0,0.025,4179.05,13806958.025,331.0
6619,1001.0,21.0,1.0,100.0,80.0,,20.0,1.1875,4180.2375,13811138.2625,331.0
6620,1001.0,21.0,1.0,100.0,80.0,,1.0,0.4375,4180.675,13815318.9375,332.0
6621,1001.0,21.0,1.0,100.0,80.0,,2.0,1.1,4181.775,13819500.7125,332.0
6622,1001.0,21.0,1.0,100.0,80.0,,3.0,0.3375,4182.1125,13823682.825,332.0
6623,1001.0,21.0,1.0,100.0,80.0,,4.0,0.2375,4182.35,13827865.175,332.0
6624,1001.0,21.0,1.0,100.0,80.0,,5.0,0.175,4182.525,13832047.7,332.0
6625,1001.0,21.0,1.0,100.0,80.0,,6.0,0.8875,4183.4125,13836231.1125,332.0
6626,1001.0,21.0,1.0,100.0,80.0,,7.0,0.275,4183.6875,13840414.8,332.0
6627,1001.0,21.0,1.0,100.0,80.0,,8.0,0.875,4184.5625,13844599.3625,332.0
6628,1001.0,21.0,1.0,100.0,80.0,,9.0,0.5375,4185.1,13848784.4625,332.0
6629,1001.0,21.0,1.0,100.0,80.0,,10.0,0.7,4185.8,13852970.2625,332.0
6630,1001.0,21.0,1.0,100.0,80.0,,11.0,0.5125,4186.3125,13857156.575,332.0
6631,1001.0,21.0,1.0,100.0,80.0,,12.0,0.675,4186.9875,13861343.5625,332.0
6632,1001.0,21.0,1.0,100.0,80.0,,13.0,1.0125,4188.0,13865531.5625,332.0
6633,1001.0,21.0,1.0,100.0,80.0,,14.0,0.5375,4188.5375,13869720.1,332.0
6634,1001.0,21.0,1.0,100.0,80.0,,15.0,0.85,4189.3875,13873909.4875,332.0
6635,1001.0,21.0,1.0,100.0,80.0,,16.0,0.5625,4189.95,13878099.4375,332.0
6636,1001.0,21.0,1.0,100.0,80.0,,17.0,0.7125,4190.6625,13882290.1,332.0
6637,1001.0,21.0,1.0,100.0,80.0,,18.0,0.725,4191.3875,13886481.4875,332.0
6638,1001.0,21.0,1.0,100.0,80.0,,19.0,0.0125,4191.4,13890672.8875,332.0
6639,1001.0,21.0,1.0,100.0,80.0,,20.0,0.0375,4191.4375,13894864.325,332.0
6640,1001.0,21.0,1.0,100.0,80.0,,1.0,1.15,4192.5875,13899056.9125,333.0
6641,1001.0,21.0,1.0,100.0,80.0,,2.0,0.4125,4193.0,13903249.9125,333.0
6642,1001.0,21.0,1.0,100.0,80.0,,3.0,0.9,4193.9,13907443.8125,333.0
6643,1001.0,21.0,1.0,100.0,80.0,,4.0,0.3125,4194.2125,13911638.025,333.0
6644,1001.0,21.0,1.0,100.0,80.0,,5.0,0.875,4195.0875,13915833.1125,333.0
6645,1001.0,21.0,1.0,100.0,80.0,,6.0,0.4625,4195.55,13920028.6625,333.0
6646,1001.0,21.0,1.0,100.0,80.0,,7.0,1.2125,4196.7625,13924225.425,333.0
6647,1001.0,21.0,1.0,100.0,80.0,,8.0,0.9,4197.6625,13928423.0875,333.0
6648,1001.0,21.0,1.0,100.0,80.0,,9.0,0.4375,4198.1,13932621.1875,333.0
6649,1001.0,21.0,1.0,100.0,80.0,,10.0,1.0625,4199.1625,13936820.35,333.0
6650,1001.0,21.0,1.0,100.0,80.0,,11.0,0.6125,4199.775,13941020.125,333.0
6651,1001.0,21.0,1.0,100.0,80.0,,12.0,0.75,4200.525,13945220.65,333.0
6652,1001.0,21.0,1.0,100.0,80.0,,13.0,0.7125,4201.2375,13949421.8875,333.0
6653,1001.0,21.0,1.0,100.0,80.0,,14.0,1.15,4202.3875,13953624.275,333.0
6654,1001.0,21.0,1.0,100.0,80.0,,15.0,0.8875,4203.275,13957827.55,333.0
6655,1001.0,21.0,1.0,100.0,80.0,,16.0,0.35,4203.625,13962031.175,333.0
6656,1001.0,21.0,1.0,100.0,80.0,,17.0,0.6125,4204.2375,13966235.4125,333.0
6657,1001.0,21.0,1.0,100.0,80.0,,18.0,0.575,4204.8125,13970440.225,333.0
6658,1001.0,21.0,1.0,100.0,80.0,,19.0,0.8375,4205.65,13974645.875,333.0
6659,1001.0,21.0,1.0,100.0,80.0,,20.0,0.325,4205.975,13978851.85,333.0
6660,1001.0,21.0,1.0,100.0,80.0,,1.0,0.8,4206.775,13983058.625,334.0
6661,1001.0,21.0,1.0,100.0,80.0,,2.0,0.3375,4207.1125,13987265.7375,334.0
6662,1001.0,21.0,1.0,100.0,80.0,,3.0,0.45,4207.5625,13991473.3,334.0
6663,1001.0,21.0,1.0,100.0,80.0,,4.0,1.2125,4208.775,13995682.075,334.0
6664,1001.0,21.0,1.0,100.0,80.0,,5.0,1.1375,4209.9125,13999891.9875,334.0
6665,1001.0,21.0,1.0,100.0,80.0,,6.0,0.975,4210.8875,14004102.875,334.0
6666,1001.0,21.0,1.0,100.0,80.0,,7.0,0.675,4211.5625,14008314.4375,334.0
6667,1001.0,21.0,1.0,100.0,80.0,,8.0,0.875,4212.4375,14012526.875,334.0
6668,1001.0,21.0,1.0,100.0,80.0,,9.0,0.2625,4212.7,14016739.575,334.0
6669,1001.0,21.0,1.0,100.0,80.0,,10.0,0.4,4213.1,14020952.675,334.0
6670,1001.0,21.0,1.0,100.0,80.0,,11.0,0.0875,4213.1875,14025165.8625,334.0
6671,1001.0,21.0,1.0,100.0,80.0,,12.0,0.4,4213.5875,14029379.45,334.0
6672,1001.0,21.0,1.0,100.0,80.0,,13.0,0.025,4213.6125,14033593.0625,334.0
6673,1001.0,21.0,1.0,100.0,80.0,,14.0,0.1,4213.7125,14037806.775,334.0
6674,1001.0,21.0,1.0,100.0,80.0,,15.0,0.225,4213.9375,14042020.7125,334.0
6675,1001.0,21.0,1.0,100.0,80.0,,16.0,1.025,4214.9625,14046235.675,334.0
6676,1001.0,21.0,1.0,100.0,80.0,,17.0,0.975,4215.9375,14050451.6125,334.0
6677,1001.0,21.0,1.0,100.0,80.0,,18.0,0.7125,4216.65,14054668.2625,334.0
6678,1001.0,21.0,1.0,100.0,80.0,,19.0,0.6375,4217.2875,14058885.55,334.0
6679,1001.0,21.0,1.0,100.0,80.0,,20.0,1.1,4218.3875,14063103.9375,334.0
6680,1001.0,21.0,1.0,100.0,80.0,,1.0,0.675,4219.0625,14067323.0,335.0
6681,1001.0,21.0,1.0,100.0,80.0,,2.0,0.3375,4219.4,14071542.4,335.0
6682,1001.0,21.0,1.0,100.0,80.0,,3.0,0.375,4219.775,14075762.175,335.0
6683,1001.0,21.0,1.0,100.0,80.0,,4.0,0.1375,4219.9125,14079982.0875,335.0
6684,1001.0,21.0,1.0,100.0,80.0,,5.0,0.2125,4220.125,14084202.2125,335.0
6685,1001.0,21.0,1.0,100.0,80.0,,6.0,0.6625,4220.7875,14088423.0,335.0
6686,1001.0,21.0,1.0,100.0,80.0,,7.0,0.6125,4221.4,14092644.4,335.0
6687,1001.0,21.0,1.0,100.0,80.0,,8.0,0.825,4222.225,14096866.625,335.0
6688,1001.0,21.0,1.0,100.0,80.0,,9.0,1.2,4223.425,14101090.05,335.0
6689,1001.0,21.0,1.0,100.0,80.0,,10.0,0.3625,4223.7875,14105313.8375,335.0
6690,1001.0,21.0,1.0,100.0,80.0,,11.0,0.3375,4224.125,14109537.9625,335.0
6691,1001.0,21.0,1.0,100.0,80.0,,12.0,0.375,4224.5,14113762.4625,335.0
6692,1001.0,21.0,1.0,100.0,80.0,,13.0,0.7625,4225.2625,14117987.725,335.0
6693,1001.0,21.0,1.0,100.0,80.0,,14.0,0.25,4225.5125,14122213.2375,335.0
6694,1001.0,21.0,1.0,100.0,80.0,,15.0,1.0375,4226.55,14126439.7875,335.0
6695,1001.0,21.0,1.0,100.0,80.0,,16.0,0.4375,4226.9875,14130666.775,335.0
6696,1001.0,21.0,1.0,100.0,80.0,,17.0,0.0625,4227.05,14134893.825,335.0
6697,1001.0,21.0,1.0,100.0,80.0,,18.0,0.6625,4227.7125,14139121.5375,335.0
6698,1001.0,21.0,1.0,100.0,80.0,,19.0,0.5625,4228.275,14143349.8125,335.0
6699,1001.0,21.0,1.0,100.0,80.0,,20.0,0.875,4229.15,14147578.9625,335.0
6700,1001.0,21.0,1.0,100.0,80.0,,1.0,0.075,4229.225,14151808.1875,336.0
6701,1001.0,21.0,1.0,100.0,80.0,,2.0,0.1125,4229.3375,14156037.525,336.0
6702,1001.0,21.0,1.0,100.0,80.0,,3.0,1.2375,4230.575,14160268.1,336.0
6703,1001.0,21.0,1.0,100.0,80.0,,4.0,0.2375,4230.8125,14164498.9125,336.0
6704,1001.0,21.0,1.0,100.0,80.0,,5.0,0.775,4231.5875,14168730.5,336.0
6705,1001.0,21.0,1.0,100.0,80.0,,6.0,0.675,4232.2625,14172962.7625,336.0
6706,1001.0,21.0,1.0,100.0,80.0,,7.0,1.0125,4233.275,14177196.0375,336.0
6707,1001.0,21.0,1.0,100.0,80.0,,8.0,1.125,4234.4,14181430.4375,336.0
6708,1001.0,21.0,1.0,100.0,80.0,,9.0,0.375,4234.775,14185665.2125,336.0
6709,1001.0,21.0,1.0,100.0,80.0,,10.0,0.2625,4235.0375,14189900.25,336.0
6710,1001.0,21.0,1.0,100.0,80.0,,11.0,0.6625,4235.7,14194135.95,336.0
6711,1001.0,21.0,1.0,100.0,80.0,,12.0,1.2125,4236.9125,14198372.8625,336.0
6712,1001.0,21.0,1.0,100.0,80.0,,13.0,0.2625,4237.175,14202610.0375,336.0
6713,1001.0,21.0,1.0,100.0,80.0,,14.0,0.675,4237.85,14206847.8875,336.0
6714,1001.0,21.0,1.0,100.0,80.0,,15.0,1.0125,4238.8625,14211086.75,336.0
6715,1001.0,21.0,1.0,100.0,80.0,,16.0,1.1,4239.9625,14215326.7125,336.0
6716,1001.0,21.0,1.0,100.0,80.0,,17.0,0.9625,4240.925,14219567.6375,336.0
6717,1001.0,21.0,1.0,100.0,80.0,,18.0,0.1875,4241.1125,14223808.75,336.0
6718,1001.0,21.0,1.0,100.0,80.0,,19.0,0.6625,4241.775,14228050.525,336.0
6719,1001.0,21.0,1.0,100.0,80.0,,20.0,0.4375,4242.2125,14232292.7375,336.0
6720,1001.0,21.0,1.0,100.0,80.0,,1.0,0.6,4242.8125,14236535.55,337.0
6721,1001.0,21.0,1.0,100.0,80.0,,2.0,0.25,4243.0625,14240778.6125,337.0
6722,1001.0,21.0,1.0,100.0,80.0,,3.0,0.9625,4244.025,14245022.6375,337.0
6723,1001.0,21.0,1.0,100.0,80.0,,4.0,0.65,4244.675,14249267.3125,337.0
6724,1001.0,21.0,1.0,100.0,80.0,,5.0,0.0375,4244.7125,14253512.025,337.0
6725,1001.0,21.0,1.0,100.0,80.0,,6.0,0.0625,4244.775,14257756.8,337.0
6726,1001.0,21.0,1.0,100.0,80.0,,7.0,0.2,4244.975,14262001.775,337.0
6727,1001.0,21.0,1.0,100.0,80.0,,8.0,1.2125,4246.1875,14266247.9625,337.0
6728,1001.0,21.0,1.0,100.0,80.0,,9.0,0.2625,4246.45,14270494.4125,337.0
6729,1001.0,21.0,1.0,100.0,80.0,,10.0,0.6125,4247.0625,14274741.475,337.0
6730,1001.0,21.0,1.0,100.0,80.0,,11.0,1.2,4248.2625,14278989.7375,337.0
6731,1001.0,21.0,1.0,100.0,80.0,,12.0,0.575,4248.8375,14283238.575,337.0
6732,1001.0,21.0,1.0,100.0,80.0,,13.0,0.9375,4249.775,14287488.35,337.0
6733,1001.0,21.0,1.0,100.0,80.0,,14.0,1.1,4250.875,14291739.225,337.0
6734,1001.0,21.0,1.0,100.0,80.0,,15.0,0.225,4251.1,14295990.325,337.0
6735,1001.0,21.0,1.0,100.0,80.0,,16.0,1.1375,4252.2375,14300242.5625,337.0
6736,1001.0,21.0,1.0,100.0,80.0,,17.0,0.8125,4253.05,14304495.6125,337.0
6737,1001.0,21.0,1.0,100.0,80.0,,18.0,0.9875,4254.0375,14308749.65,337.0
6738,1001.0,21.0,1.0,100.0,80.0,,19.0,0.5375,4254.575,14313004.225,337.0
6739,1001.0,21.0,1.0,100.0,80.0,,20.0,0.0875,4254.6625,14317258.8875,337.0
6740,1001.0,21.0,1.0,100.0,80.0,,1.0,0.5,4255.1625,14321514.05,338.0
6741,1001.0,21.0,1.0,100.0,80.0,,2.0,0.45,4255.6125,14325769.6625,338.0
6742,1001.0,21.0,1.0,100.0,80.0,,3.0,0.825,4256.4375,14330026.1,338.0
6743,1001.0,21.0,1.0,100.0,80.0,,4.0,1.1625,4257.6,14334283.7,338.0
6744,1001.0,21.0,1.0,100.0,80.0,,5.0,0.25,4257.85,14338541.55,338.0
6745,1001.0,21.0,1.0,100.0,80.0,,6.0,0.125,4257.975,14342799.525,338.0
6746,1001.0,21.0,1.0,100.0,80.0,,7.0,0.675,4258.65,14347058.175,338.0
6747,1001.0,21.0,1.0,100.0,80.0,,8.0,1.225,4259.875,14351318.05,338.0
6748,1001.0,21.0,1.0,100.0,80.0,,9.0,0.975,4260.85,14355578.9,338.0
6749,1001.0,21.0,1.0,100.0,80.0,,10.0,0.175,4261.025,14359839.925,338.0
6750,1001.0,21.0,1.0,100.0,80.0,,11.0,0.6375,4261.6625,14364101.5875,338.0
6751,1001.0,21.0,1.0,100.0,80.0,,12.0,1.125,4262.7875,14368364.375,338.0
6752,1001.0,21.0,1.0,100.0,80.0,,13.0,1.2,4263.9875,14372628.3625,338.0
6753,1001.0,21.0,1.0,100.0,80.0,,14.0,1.1,4265.0875,14376893.45,338.0
6754,1001.0,21.0,1.0,100.0,80.0,,15.0,0.45,4265.5375,14381158.9875,338.0
6755,1001.0,21.0,1.0,100.0,80.0,,16.0,0.025,4265.5625,14385424.55,338.0
6756,1001.0,21.0,1.0,100.0,80.0,,17.0,0.7875,4266.35,14389690.9,338.0
6757,1001.0,21.0,1.0,100.0,80.0,,18.0,1.0125,4267.3625,14393958.2625,338.0
6758,1001.0,21.0,1.0,100.0,80.0,,19.0,0.8,4268.1625,14398226.425,338.0
6759,1001.0,21.0,1.0,100.0,80.0,,20.0,0.325,4268.4875,14402494.9125,338.0
6760,1001.0,21.0,1.0,100.0,80.0,,1.0,1.1625,4269.65,14406764.5625,339.0
6761,1001.0,21.0,1.0,100.0,80.0,,2.0,0.8375,4270.4875,14411035.05,339.0
6762,1001.0,21.0,1.0,100.0,80.0,,3.0,0.075,4270.5625,14415305.6125,339.0
6763,1001.0,21.0,1.0,100.0,80.0,,4.0,0.675,4271.2375,14419576.85,339.0
6764,1001.0,21.0,1.0,100.0,80.0,,5.0,0.15,4271.3875,14423848.2375,339.0
6765,1001.0,21.0,1.0,100.0,80.0,,6.0,0.1625,4271.55,14428119.7875,339.0
6766,1001.0,21.0,1.0,100.0,80.0,,7.0,0.6125,4272.1625,14432391.95,339.0
6767,1001.0,21.0,1.0,100.0,80.0,,8.0,1.075,4273.2375,14436665.1875,339.0
6768,1001.0,21.0,1.0,100.0,80.0,,9.0,0.8625,4274.1,14440939.2875,339.0
6769,1001.0,21.0,1.0,100.0,80.0,,10.0,0.975,4275.075,14445214.3625,339.0
6770,1001.0,21.0,1.0,100.0,80.0,,11.0,0.5625,4275.6375,14449490.0,339.0
6771,1001.0,21.0,1.0,100.0,80.0,,12.0,0.225,4275.8625,14453765.8625,339.0
6772,1001.0,21.0,1.0,100.0,80.0,,13.0,0.225,4276.0875,14458041.95,339.0
6773,1001.0,21.0,1.0,100.0,80.0,,14.0,0.2,4276.2875,14462318.2375,339.0
6774,1001.0,21.0,1.0,100.0,80.0,,15.0,0.7625,4277.05,14466595.2875,339.0
6775,1001.0,21.0,1.0,100.0,80.0,,16.0,1.0625,4278.1125,14470873.4,339.0
6776,1001.0,21.0,1.0,100.0,80.0,,17.0,0.5625,4278.675,14475152.075,339.0
6777,1001.0,21.0,1.0,100.0,80.0,,18.0,0.25,4278.925,14479431.0,339.0
6778,1001.0,21.0,1.0,100.0,80.0,,19.0,1.225,4280.15,14483711.15,339.0
6779,1001.0,21.0,1.0,100.0,80.0,,20.0,0.175,4280.325,14487991.475,339.0
6780,1001.0,21.0,1.0,100.0,80.0,,1.0,0.575,4280.9,14492272.375,340.0
6781,1001.0,21.0,1.0,100.0,80.0,,2.0,0.775,4281.675,14496554.05,340.0
6782,1001.0,21.0,1.0,100.0,80.0,,3.0,1.0875,4282.7625,14500836.8125,340.0
6783,1001.0,21.0,1.0,100.0,80.0,,4.0,0.7375,4283.5,14505120.3125,340.0
6784,1001.0,21.0,1.0,100.0,80.0,,5.0,0.3625,4283.8625,14509404.175,340.0
6785,1001.0,21.0,1.0,100.0,80.0,,6.0,0.425,4284.2875,14513688.4625,340.0
6786,1001.0,21.0,1.0,100.0,80.0,,7.0,0.525,4284.8125,14517973.275,340.0
6787,1001.0,21.0,1.0,100.0,80.0,,8.0,0.3375,4285.15,14522258.425,340.0
6788,1001.0,21.0,1.0,100.0,80.0,,9.0,0.9875,4286.1375,14526544.5625,340.0
6789,1001.0,21.0,1.0,100.0,80.0,,10.0,1.1625,4287.3,14530831.8625,340.0
6790,1001.0,21.0,1.0,100.0,80.0,,11.0,0.275,4287.575,14535119.4375,340.0
6791,1001.0,21.0,1.0,100.0,80.0,,12.0,0.2875,4287.8625,14539407.3,340.0
6792,1001.0,21.0,1.0,100.0,80.0,,13.0,0.7875,4288.65,14543695.95,340.0
6793,1001.0,21.0,1.0,100.0,80.0,,14.0,0.5375,4289.1875,14547985.1375,340.0
6794,1001.0,21.0,1.0,100.0,80.0,,15.0,0.825,4290.0125,14552275.15,340.0
6795,1001.0,21.0,1.0,100.0,80.0,,16.0,0.075,4290.0875,14556565.2375,340.0
6796,1001.0,21.0,1.0,100.0,80.0,,17.0,0.1875,4290.275,14560855.5125,340.0
6797,1001.0,21.0,1.0,100.0,80.0,,18.0,0.0875,4290.3625,14565145.875,340.0
6798,1001.0,21.0,1.0,100.0,80.0,,19.0,0.5625,4290.925,14569436.8,340.0
6799,1001.0,21.0,1.0,100.0,80.0,,20.0,0.975,4291.9,14573728.7,340.0
6800,1001.0,21.0,1.0,100.0,80.0,,1.0,0.075,4291.975,14578020.675,341.0
6801,1001.0,21.0,1.0,100.0,80.0,,2.0,0.6875,4292.6625,14582313.3375,341.0
6802,1001.0,21.0,1.0,100.0,80.0,,3.0,0.3625,4293.025,14586606.3625,341.0
6803,1001.0,21.0,1.0,100.0,80.0,,4.0,0.3,4293.325,14590899.6875,341.0
6804,1001.0,21.0,1.0,100.0,80.0,,5.0,0.525,4293.85,14595193.5375,341.0
6805,1001.0,21.0,1.0,100.0,80.0,,6.0,0.125,4293.975,14599487.5125,341.0
6806,1001.0,21.0,1.0,100.0,80.0,,7.0,0.8,4294.775,14603782.2875,341.0
6807,1001.0,21.0,1.0,100.0,80.0,,8.0,0.1375,4294.9125,14608077.2,341.0
6808,1001.0,21.0,1.0,100.0,80.0,,9.0,0.0375,4294.95,14612372.15,341.0
6809,1001.0,21.0,1.0,100.0,80.0,,10.0,0.675,4295.625,14616667.775,341.0
6810,1001.0,21.0,1.0,100.0,80.0,,11.0,0.4375,4296.0625,14620963.8375,341.0
6811,1001.0,21.0,1.0,100.0,80.0,,12.0,0.9625,4297.025,14625260.8625,341.0
6812,1001.0,21.0,1.0,100.0,80.0,,13.0,1.075,4298.1,14629558.9625,341.0
6813,1001.0,21.0,1.0,100.0,80.0,,14.0,0.1,4298.2,14633857.1625,341.0
6814,1001.0,21.0,1.0,100.0,80.0,,15.0,0.9625,4299.1625,14638156.325,341.0
6815,1001.0,21.0,1.0,100.0,80.0,,16.0,1.025,4300.1875,14642456.5125,341.0
6816,1001.0,21.0,1.0,100.0,80.0,,17.0,0.325,4300.5125,14646757.025,341.0
6817,1001.0,21.0,1.0,100.0,80.0,,18.0,1.0,4301.5125,14651058.5375,341.0
6818,1001.0,21.0,1.0,100.0,80.0,,19.0,0.475,4301.9875,14655360.525,341.0
6819,1001.0,21.0,1.0,100.0,80.0,,20.0,0.475,4302.4625,14659662.9875,341.0
6820,1001.0,21.0,1.0,100.0,80.0,,1.0,0.8375,4303.3,14663966.2875,342.0
6821,1001.0,21.0,1.0,100.0,80.0,,2.0,0.575,4303.875,14668270.1625,342.0
6822,1001.0,21.0,1.0,100.0,80.0,,3.0,1.1125,4304.9875,14672575.15,342.0
6823,1001.0,21.0,1.0,100.0,80.0,,4.0,0.8875,4305.875,14676881.025,342.0
6824,1001.0,21.0,1.0,100.0,80.0,,5.0,1.2125,4307.0875,14681188.1125,342.0
6825,1001.0,21.0,1.0,100.0,80.0,,6.0,0.6,4307.6875,14685495.8,342.0
6826,1001.0,21.0,1.0,100.0,80.0,,7.0,0.325,4308.0125,14689803.8125,342.0
6827,1001.0,21.0,1.0,100.0,80.0,,8.0,1.125,4309.1375,14694112.95,342.0
6828,1001.0,21.0,1.0,100.0,80.0,,9.0,0.875,4310.0125,14698422.9625,342.0
6829,1001.0,21.0,1.0,100.0,80.0,,10.0,0.7875,4310.8,14702733.7625,342.0
6830,1001.0,21.0,1.0,100.0,80.0,,11.0,1.175,4311.975,14707045.7375,342.0
6831,1001.0,21.0,1.0,100.0,80.0,,12.0,0.7125,4312.6875,14711358.425,342.0
6832,1001.0,21.0,1.0,100.0,80.0,,13.0,0.2,4312.8875,14715671.3125,342.0
6833,1001.0,21.0,1.0,100.0,80.0,,14.0,0.8125,4313.7,14719985.0125,342.0
6834,1001.0,21.0,1.0,100.0,80.0,,15.0,0.9875,4314.6875,14724299.7,342.0
6835,1001.0,21.0,1.0,100.0,80.0,,16.0,0.35,4315.0375,14728614.7375,342.0
6836,1001.0,21.0,1.0,100.0,80.0,,17.0,0.075,4315.1125,14732929.85,342.0
6837,1001.0,21.0,1.0,100.0,80.0,,18.0,0.6625,4315.775,14737245.625,342.0
6838,1001.0,21.0,1.0,100.0,80.0,,19.0,0.375,4316.15,14741561.775,342.0
6839,1001.0,21.0,1.0,100.0,80.0,,20.0,0.3625,4316.5125,14745878.2875,342.0
6840,1001.0,21.0,1.0,100.0,80.0,,1.0,0.675,4317.1875,14750195.475,343.0
6841,1001.0,21.0,1.0,100.0,80.0,,2.0,1.225,4318.4125,14754513.8875,343.0
6842,1001.0,21.0,1.0,100.0,80.0,,3.0,0.6125,4319.025,14758832.9125,343.0
6843,1001.0,21.0,1.0,100.0,80.0,,4.0,0.95,4319.975,14763152.8875,343.0
6844,1001.0,21.0,1.0,100.0,80.0,,5.0,0.275,4320.25,14767473.1375,343.0
6845,1001.0,21.0,1.0,100.0,80.0,,6.0,0.9375,4321.1875,14771794.325,343.0
6846,1001.0,21.0,1.0,100.0,80.0,,7.0,0.1125,4321.3,14776115.625,343.0
6847,1001.0,21.0,1.0,100.0,80.0,,8.0,1.0125,4322.3125,14780437.9375,343.0
6848,1001.0,21.0,1.0,100.0,80.0,,9.0,0.45,4322.7625,14784760.7,343.0
6849,1001.0,21.0,1.0,100.0,80.0,,10.0,0.95,4323.7125,14789084.4125,343.0
6850,1001.0,21.0,1.0,100.0,80.0,,11.0,0.225,4323.9375,14793408.35,343.0
6851,1001.0,21.0,1.0,100.0,80.0,,12.0,0.3125,4324.25,14797732.6,343.0
6852,1001.0,21.0,1.0,100.0,80.0,,13.0,0.625,4324.875,14802057.475,343.0
6853,1001.0,21.0,1.0,100.0,80.0,,14.0,0.5125,4325.3875,14806382.8625,343.0
6854,1001.0,21.0,1.0,100.0,80.0,,15.0,0.9875,4326.375,14810709.2375,343.0
6855,1001.0,21.0,1.0,100.0,80.0,,16.0,1.075,4327.45,14815036.6875,343.0
6856,1001.0,21.0,1.0,100.0,80.0,,17.0,0.275,4327.725,14819364.4125,343.0
6857,1001.0,21.0,1.0,100.0,80.0,,18.0,0.9875,4328.7125,14823693.125,343.0
6858,1001.0,21.0,1.0,100.0,80.0,,19.0,0.525,4329.2375,14828022.3625,343.0
6859,1001.0,21.0,1.0,100.0,80.0,,20.0,0.7625,4330.0,14832352.3625,343.0
6860,1001.0,21.0,1.0,100.0,80.0,,1.0,0.75,4330.75,14836683.1125,344.0
6861,1001.0,21.0,1.0,100.0,80.0,,2.0,1.0625,4331.8125,14841014.925,344.0
6862,1001.0,21.0,1.0,100.0,80.0,,3.0,1.0875,4332.9,14845347.825,344.0
6863,1001.0,21.0,1.0,100.0,80.0,,4.0,1.1,4334.0,14849681.825,344.0
6864,1001.0,21.0,1.0,100.0,80.0,,5.0,0.4,4334.4,14854016.225,344.0
6865,1001.0,21.0,1.0,100.0,80.0,,6.0,1.0625,4335.4625,14858351.6875,344.0
6866,1001.0,21.0,1.0,100.0,80.0,,7.0,0.5,4335.9625,14862687.65,344.0
6867,1001.0,21.0,1.0,100.0,80.0,,8.0,0.125,4336.0875,14867023.7375,344.0
6868,1001.0,21.0,1.0,100.0,80.0,,9.0,0.6,4336.6875,14871360.425,344.0
6869,1001.0,21.0,1.0,100.0,80.0,,10.0,1.2375,4337.925,14875698.35,344.0
6870,1001.0,21.0,1.0,100.0,80.0,,11.0,0.6,4338.525,14880036.875,344.0
6871,1001.0,21.0,1.0,100.0,80.0,,12.0,1.125,4339.65,14884376.525,344.0
6872,1001.0,21.0,1.0,100.0,80.0,,13.0,1.075,4340.725,14888717.25,344.0
6873,1001.0,21.0,1.0,100.0,80.0,,14.0,0.825,4341.55,14893058.8,344.0
6874,1001.0,21.0,1.0,100.0,80.0,,15.0,0.4125,4341.9625,14897400.7625,344.0
6875,1001.0,21.0,1.0,100.0,80.0,,16.0,1.2125,4343.175,14901743.9375,344.0
6876,1001.0,21.0,1.0,100.0,80.0,,17.0,0.4875,4343.6625,14906087.6,344.0
6877,1001.0,21.0,1.0,100.0,80.0,,18.0,1.1375,4344.8,14910432.4,344.0
6878,1001.0,21.0,1.0,100.0,80.0,,19.0,0.8625,4345.6625,14914778.0625,344.0
6879,1001.0,21.0,1.0,100.0,80.0,,20.0,0.425,4346.0875,14919124.15,344.0
6880,1001.0,21.0,1.0,100.0,80.0,,1.0,0.8,4346.8875,14923471.0375,345.0
6881,1001.0,21.0,1.0,100.0,80.0,,2.0,0.475,4347.3625,14927818.4,345.0
6882,1001.0,21.0,1.0,100.0,80.0,,3.0,1.175,4348.5375,14932166.9375,345.0
6883,1001.0,21.0,1.0,100.0,80.0,,4.0,0.4125,4348.95,14936515.8875,345.0
6884,1001.0,21.0,1.0,100.0,80.0,,5.0,0.8875,4349.8375,14940865.725,345.0
6885,1001.0,21.0,1.0,100.0,80.0,,6.0,0.875,4350.7125,14945216.4375,345.0
6886,1001.0,21.0,1.0,100.0,80.0,,7.0,0.55,4351.2625,14949567.7,345.0
6887,1001.0,21.0,1.0,100.0,80.0,,8.0,0.8625,4352.125,14953919.825,345.0
6888,1001.0,21.0,1.0,100.0,80.0,,9.0,1.125,4353.25,14958273.075,345.0
6889,1001.0,21.0,1.0,100.0,80.0,,10.0,0.85,4354.1,14962627.175,345.0
6890,1001.0,21.0,1.0,100.0,80.0,,11.0,0.1875,4354.2875,14966981.4625,345.0
6891,1001.0,21.0,1.0,100.0,80.0,,12.0,0.8125,4355.1,14971336.5625,345.0
6892,1001.0,21.0,1.0,100.0,80.0,,13.0,1.1625,4356.2625,14975692.825,345.0
6893,1001.0,21.0,1.0,100.0,80.0,,14.0,0.9,4357.1625,14980049.9875,345.0
6894,1001.0,21.0,1.0,100.0,80.0,,15.0,0.575,4357.7375,14984407.725,345.0
6895,1001.0,21.0,1.0,100.0,80.0,,16.0,0.375,4358.1125,14988765.8375,345.0
6896,1001.0,21.0,1.0,100.0,80.0,,17.0,0.0375,4358.15,14993123.9875,345.0
6897,1001.0,21.0,1.0,100.0,80.0,,18.0,1.225,4359.375,14997483.3625,345.0
6898,1001.0,21.0,1.0,100.0,80.0,,19.0,0.55,4359.925,15001843.2875,345.0
6899,1001.0,21.0,1.0,100.0,80.0,,20.0,0.3,4360.225,15006203.5125,345.0
6900,1001.0,21.0,1.0,100.0,80.0,,1.0,1.075,4361.3,15010564.8125,346.0
6901,1001.0,21.0,1.0,100.0,80.0,,2.0,0.8125,4362.1125,15014926.925,346.0
6902,1001.0,21.0,1.0,100.0,80.0,,3.0,0.375,4362.4875,15019289.4125,346.0
6903,1001.0,21.0,1.0,100.0,80.0,,4.0,0.4,4362.8875,15023652.3,346.0
6904,1001.0,21.0,1.0,100.0,80.0,,5.0,0.2875,4363.175,15028015.475,346.0
6905,1001.0,21.0,1.0,100.0,80.0,,6.0,0.5125,4363.6875,15032379.1625,346.0
6906,1001.0,21.0,1.0,100.0,80.0,,7.0,0.6625,4364.35,15036743.5125,346.0
6907,1001.0,21.0,1.0,100.0,80.0,,8.0,0.3625,4364.7125,15041108.225,346.0
6908,1001.0,21.0,1.0,100.0,80.0,,9.0,0.0875,4364.8,15045473.025,346.0
6909,1001.0,21.0,1.0,100.0,80.0,,10.0,0.925,4365.725,15049838.75,346.0
6910,1001.0,21.0,1.0,100.0,80.0,,11.0,0.4125,4366.1375,15054204.8875,346.0
6911,1001.0,21.0,1.0,100.0,80.0,,12.0,0.55,4366.6875,15058571.575,346.0
6912,1001.0,21.0,1.0,100.0,80.0,,13.0,1.0625,4367.75,15062939.325,346.0
6913,1001.0,21.0,1.0,100.0,80.0,,14.0,1.2125,4368.9625,15067308.2875,346.0
6914,1001.0,21.0,1.0,100.0,80.0,,15.0,0.6625,4369.625,15071677.9125,346.0
6915,1001.0,21.0,1.0,100.0,80.0,,16.0,0.3375,4369.9625,15076047.875,346.0
6916,1001.0,21.0,1.0,100.0,80.0,,17.0,0.3375,4370.3,15080418.175,346.0
6917,1001.0,21.0,1.0,100.0,80.0,,18.0,0.6625,4370.9625,15084789.1375,346.0
6918,1001.0,21.0,1.0,100.0,80.0,,19.0,0.7875,4371.75,15089160.8875,346.0
6919,1001.0,21.0,1.0,100.0,80.0,,20.0,0.2875,4372.0375,15093532.925,346.0
6920,1001.0,21.0,1.0,100.0,80.0,,1.0,0.4125,4372.45,15097905.375,347.0
6921,1001.0,21.0,1.0,100.0,80.0,,2.0,0.75,4373.2,15102278.575,347.0
6922,1001.0,21.0,1.0,100.0,80.0,,3.0,1.1125,4374.3125,15106652.8875,347.0
6923,1001.0,21.0,1.0,100.0,80.0,,4.0,1.1375,4375.45,15111028.3375,347.0
6924,1001.0,21.0,1.0,100.0,80.0,,5.0,0.725,4376.175,15115404.5125,347.0
6925,1001.0,21.0,1.0,100.0,80.0,,6.0,0.4875,4376.6625,15119781.175,347.0
6926,1001.0,21.0,1.0,100.0,80.0,,7.0,0.9,4377.5625,15124158.7375,347.0
6927,1001.0,21.0,1.0,100.0,80.0,,8.0,0.6125,4378.175,15128536.9125,347.0
6928,1001.0,21.0,1.0,100.0,80.0,,9.0,1.1875,4379.3625,15132916.275,347.0
6929,1001.0,21.0,1.0,100.0,80.0,,10.0,1.1,4380.4625,15137296.7375,347.0
6930,1001.0,21.0,1.0,100.0,80.0,,11.0,1.175,4381.6375,15141678.375,347.0
6931,1001.0,21.0,1.0,100.0,80.0,,12.0,0.7375,4382.375,15146060.75,347.0
6932,1001.0,21.0,1.0,100.0,80.0,,13.0,1.1,4383.475,15150444.225,347.0
6933,1001.0,21.0,1.0,100.0,80.0,,14.0,1.0625,4384.5375,15154828.7625,347.0
6934,1001.0,21.0,1.0,100.0,80.0,,15.0,0.35,4384.8875,15159213.65,347.0
6935,1001.0,21.0,1.0,100.0,80.0,,16.0,0.0875,4384.975,15163598.625,347.0
6936,1001.0,21.0,1.0,100.0,80.0,,17.0,0.225,4385.2,15167983.825,347.0
6937,1001.0,21.0,1.0,100.0,80.0,,18.0,0.0875,4385.2875,15172369.1125,347.0
6938,1001.0,21.0,1.0,100.0,80.0,,19.0,0.775,4386.0625,15176755.175,347.0
6939,1001.0,21.0,1.0,100.0,80.0,,20.0,0.55,4386.6125,15181141.7875,347.0
6940,1001.0,21.0,1.0,100.0,80.0,,1.0,1.075,4387.6875,15185529.475,348.0
6941,1001.0,21.0,1.0,100.0,80.0,,2.0,0.775,4388.4625,15189917.9375,348.0
6942,1001.0,21.0,1.0,100.0,80.0,,3.0,0.125,4388.5875,15194306.525,348.0
6943,1001.0,21.0,1.0,100.0,80.0,,4.0,0.15,4388.7375,15198695.2625,348.0
6944,1001.0,21.0,1.0,100.0,80.0,,5.0,0.5375,4389.275,15203084.5375,348.0
6945,1001.0,21.0,1.0,100.0,80.0,,6.0,0.0375,4389.3125,15207473.85,348.0
6946,1001.0,21.0,1.0,100.0,80.0,,7.0,0.9875,4390.3,15211864.15,348.0
6947,1001.0,21.0,1.0,100.0,80.0,,8.0,0.85,4391.15,15216255.3,348.0
6948,1001.0,21.0,1.0,100.0,80.0,,9.0,0.075,4391.225,15220646.525,348.0
6949,1001.0,21.0,1.0,100.0,80.0,,10.0,0.7125,4391.9375,15225038.4625,348.0
6950,1001.0,21.0,1.0,100.0,80.0,,11.0,0.75,4392.6875,15229431.15,348.0
6951,1001.0,21.0,1.0,100.0,80.0,,12.0,0.3,4392.9875,15233824.1375,348.0
6952,1001.0,21.0,1.0,100.0,80.0,,13.0,0.0125,4393.0,15238217.1375,348.0
6953,1001.0,21.0,1.0,100.0,80.0,,14.0,0.6125,4393.6125,15242610.75,348.0
6954,1001.0,21.0,1.0,100.0,80.0,,15.0,0.7875,4394.4,15247005.15,348.0
6955,1001.0,21.0,1.0,100.0,80.0,,16.0,0.8125,4395.2125,15251400.3625,348.0
6956,1001.0,21.0,1.0,100.0,80.0,,17.0,0.8125,4396.025,15255796.3875,348.0
6957,1001.0,21.0,1.0,100.0,80.0,,18.0,0.025,4396.05,15260192.4375,348.0
6958,1001.0,21.0,1.0,100.0,80.0,,19.0,0.7375,4396.7875,15264589.225,348.0
6959,1001.0,21.0,1.0,100.0,80.0,,20.0,0.725,4397.5125,15268986.7375,348.0
6960,1001.0,21.0,1.0,100.0,80.0,,1.0,0.7625,4398.275,15273385.0125,349.0
6961,1001.0,21.0,1.0,100.0,80.0,,2.0,0.4875,4398.7625,15277783.775,349.0
6962,1001.0,21.0,1.0,100.0,80.0,,3.0,0.3875,4399.15,15282182.925,349.0
6963,1001.0,21.0,1.0,100.0,80.0,,4.0,1.05,4400.2,15286583.125,349.0
6964,1001.0,21.0,1.0,100.0,80.0,,5.0,0.975,4401.175,15290984.3,349.0
6965,1001.0,21.0,1.0,100.0,80.0,,6.0,1.15,4402.325,15295386.625,349.0
6966,1001.0,21.0,1.0,100.0,80.0,,7.0,0.8125,4403.1375,15299789.7625,349.0
6967,1001.0,21.0,1.0,100.0,80.0,,8.0,0.3,4403.4375,15304193.2,349.0
6968,1001.0,21.0,1.0,100.0,80.0,,9.0,0.175,4403.6125,15308596.8125,349.0
6969,1001.0,21.0,1.0,100.0,80.0,,10.0,0.5625,4404.175,15313000.9875,349.0
6970,1001.0,21.0,1.0,100.0,80.0,,11.0,1.0,4405.175,15317406.1625,349.0
6971,1001.0,21.0,1.0,100.0,80.0,,12.0,0.575,4405.75,15321811.9125,349.0
6972,1001.0,21.0,1.0,100.0,80.0,,13.0,0.875,4406.625,15326218.5375,349.0
6973,1001.0,21.0,1.0,100.0,80.0,,14.0,0.425,4407.05,15330625.5875,349.0
6974,1001.0,21.0,1.0,100.0,80.0,,15.0,1.05,4408.1,15335033.6875,349.0
6975,1001.0,21.0,1.0,100.0,80.0,,16.0,1.0125,4409.1125,15339442.8,349.0
6976,1001.0,21.0,1.0,100.0,80.0,,17.0,0.2875,4409.4,15343852.2,349.0
6977,1001.0,21.0,1.0,100.0,80.0,,18.0,1.2,4410.6,15348262.8,349.0
6978,1001.0,21.0,1.0,100.0,80.0,,19.0,1.0,4411.6,15352674.4,349.0
6979,1001.0,21.0,1.0,100.0,80.0,,20.0,0.075,4411.675,15357086.075,349.0
6980,1001.0,21.0,1.0,100.0,80.0,,1.0,0.45,4412.125,15361498.2,350.0
6981,1001.0,21.0,1.0,100.0,80.0,,2.0,1.125,4413.25,15365911.45,350.0
6982,1001.0,21.0,1.0,100.0,80.0,,3.0,0.825,4414.075,15370325.525,350.0
6983,1001.0,21.0,1.0,100.0,80.0,,4.0,0.6,4414.675,15374740.2,350.0
6984,1001.0,21.0,1.0,100.0,80.0,,5.0,0.85,4415.525,15379155.725,350.0
6985,1001.0,21.0,1.0,100.0,80.0,,6.0,0.1625,4415.6875,15383571.4125,350.0
6986,1001.0,21.0,1.0,100.0,80.0,,7.0,1.125,4416.8125,15387988.225,350.0
6987,1001.0,21.0,1.0,100.0,80.0,,8.0,0.55,4417.3625,15392405.5875,350.0
6988,1001.0,21.0,1.0,100.0,80.0,,9.0,0.75,4418.1125,15396823.7,350.0
6989,1001.0,21.0,1.0,100.0,80.0,,10.0,0.3125,4418.425,15401242.125,350.0
6990,1001.0,21.0,1.0,100.0,80.0,,11.0,0.95,4419.375,15405661.5,350.0
6991,1001.0,21.0,1.0,100.0,80.0,,12.0,0.7,4420.075,15410081.575,350.0
6992,1001.0,21.0,1.0,100.0,80.0,,13.0,0.3625,4420.4375,15414502.0125,350.0
6993,1001.0,21.0,1.0,100.0,80.0,,14.0,0.7,4421.1375,15418923.15,350.0
6994,1001.0,21.0,1.0,100.0,80.0,,15.0,0.575,4421.7125,15423344.8625,350.0
6995,1001.0,21.0,1.0,100.0,80.0,,16.0,0.15,4421.8625,15427766.725,350.0
6996,1001.0,21.0,1.0,100.0,80.0,,17.0,0.6875,4422.55,15432189.275,350.0
6997,1001.0,21.0,1.0,100.0,80.0,,18.0,0.7125,4423.2625,15436612.5375,350.0
6998,1001.0,21.0,1.0,100.0,80.0,,19.0,0.9625,4424.225,15441036.7625,350.0
6999,1001.0,21.0,1.0,100.0,80.0,,20.0,0.5,4424.725,15445461.4875,350.0
7000,1001.0,21.0,1.0,100.0,80.0,,1.0,0.4125,4425.1375,15449886.625,351.0
7001,1001.0,21.0,1.0,100.0,80.0,,2.0,0.45,4425.5875,15454312.2125,351.0
7002,1001.0,21.0,1.0,100.0,80.0,,3.0,0.925,4426.5125,15458738.725,351.0
7003,1001.0,21.0,1.0,100.0,80.0,,4.0,0.9,4427.4125,15463166.1375,351.0
7004,1001.0,21.0,1.0,100.0,80.0,,5.0,0.425,4427.8375,15467593.975,351.0
7005,1001.0,21.0,1.0,100.0,80.0,,6.0,0.325,4428.1625,15472022.1375,351.0
7006,1001.0,21.0,1.0,100.0,80.0,,7.0,0.7875,4428.95,15476451.0875,351.0
7007,1001.0,21.0,1.0,100.0,80.0,,8.0,0.1875,4429.1375,15480880.225,351.0
7008,1001.0,21.0,1.0,100.0,80.0,,9.0,0.025,4429.1625,15485309.3875,351.0
7009,1001.0,21.0,1.0,100.0,80.0,,10.0,0.7625,4429.925,15489739.3125,351.0
7010,1001.0,21.0,1.0,100.0,80.0,,11.0,0.8,4430.725,15494170.0375,351.0
7011,1001.0,21.0,1.0,100.0,80.0,,12.0,0.3625,4431.0875,15498601.125,351.0
7012,1001.0,21.0,1.0,100.0,80.0,,13.0,0.4625,4431.55,15503032.675,351.0
7013,1001.0,21.0,1.0,100.0,80.0,,14.0,1.15,4432.7,15507465.375,351.0
7014,1001.0,21.0,1.0,100.0,80.0,,15.0,1.1625,4433.8625,15511899.2375,351.0
7015,1001.0,21.0,1.0,100.0,80.0,,16.0,0.625,4434.4875,15516333.725,351.0
7016,1001.0,21.0,1.0,100.0,80.0,,17.0,1.025,4435.5125,15520769.2375,351.0
7017,1001.0,21.0,1.0,100.0,80.0,,18.0,0.675,4436.1875,15525205.425,351.0
7018,1001.0,21.0,1.0,100.0,80.0,,19.0,1.1,4437.2875,15529642.7125,351.0
7019,1001.0,21.0,1.0,100.0,80.0,,20.0,1.025,4438.3125,15534081.025,351.0
7020,1001.0,21.0,1.0,100.0,80.0,,1.0,0.25,4438.5625,15538519.5875,352.0
7021,1001.0,21.0,1.0,100.0,80.0,,2.0,0.0625,4438.625,15542958.2125,352.0
7022,1001.0,21.0,1.0,100.0,80.0,,3.0,0.1875,4438.8125,15547397.025,352.0
7023,1001.0,21.0,1.0,100.0,80.0,,4.0,0.4,4439.2125,15551836.2375,352.0
7024,1001.0,21.0,1.0,100.0,80.0,,5.0,1.0625,4440.275,15556276.5125,352.0
7025,1001.0,21.0,1.0,100.0,80.0,,6.0,0.775,4441.05,15560717.5625,352.0
7026,1001.0,21.0,1.0,100.0,80.0,,7.0,1.1125,4442.1625,15565159.725,352.0
7027,1001.0,21.0,1.0,100.0,80.0,,8.0,0.0375,4442.2,15569601.925,352.0
7028,1001.0,21.0,1.0,100.0,80.0,,9.0,0.475,4442.675,15574044.6,352.0
7029,1001.0,21.0,1.0,100.0,80.0,,10.0,0.4375,4443.1125,15578487.7125,352.0
7030,1001.0,21.0,1.0,100.0,80.0,,11.0,0.975,4444.0875,15582931.8,352.0
7031,1001.0,21.0,1.0,100.0,80.0,,12.0,0.725,4444.8125,15587376.6125,352.0
7032,1001.0,21.0,1.0,100.0,80.0,,13.0,0.8,4445.6125,15591822.225,352.0
7033,1001.0,21.0,1.0,100.0,80.0,,14.0,0.85,4446.4625,15596268.6875,352.0
7034,1001.0,21.0,1.0,100.0,80.0,,15.0,0.8625,4447.325,15600716.0125,352.0
7035,1001.0,21.0,1.0,100.0,80.0,,16.0,0.175,4447.5,15605163.5125,352.0
7036,1001.0,21.0,1.0,100.0,80.0,,17.0,0.9625,4448.4625,15609611.975,352.0
7037,1001.0,21.0,1.0,100.0,80.0,,18.0,0.4875,4448.95,15614060.925,352.0
7038,1001.0,21.0,1.0,100.0,80.0,,19.0,0.3875,4449.3375,15618510.2625,352.0
7039,1001.0,21.0,1.0,100.0,80.0,,20.0,0.9125,4450.25,15622960.5125,352.0
7040,1001.0,21.0,1.0,100.0,80.0,,1.0,0.425,4450.675,15627411.1875,353.0
7041,1001.0,21.0,1.0,100.0,80.0,,2.0,0.725,4451.4,15631862.5875,353.0
7042,1001.0,21.0,1.0,100.0,80.0,,3.0,0.4375,4451.8375,15636314.425,353.0
7043,1001.0,21.0,1.0,100.0,80.0,,4.0,0.725,4452.5625,15640766.9875,353.0
7044,1001.0,21.0,1.0,100.0,80.0,,5.0,0.2375,4452.8,15645219.7875,353.0
7045,1001.0,21.0,1.0,100.0,80.0,,6.0,0.7,4453.5,15649673.2875,353.0
7046,1001.0,21.0,1.0,100.0,80.0,,7.0,1.1875,4454.6875,15654127.975,353.0
7047,1001.0,21.0,1.0,100.0,80.0,,8.0,0.25,4454.9375,15658582.9125,353.0
7048,1001.0,21.0,1.0,100.0,80.0,,9.0,0.9125,4455.85,15663038.7625,353.0
7049,1001.0,21.0,1.0,100.0,80.0,,10.0,0.25,4456.1,15667494.8625,353.0
7050,1001.0,21.0,1.0,100.0,80.0,,11.0,0.6,4456.7,15671951.5625,353.0
7051,1001.0,21.0,1.0,100.0,80.0,,12.0,0.65,4457.35,15676408.9125,353.0
7052,1001.0,21.0,1.0,100.0,80.0,,13.0,1.2,4458.55,15680867.4625,353.0
7053,1001.0,21.0,1.0,100.0,80.0,,14.0,0.275,4458.825,15685326.2875,353.0
7054,1001.0,21.0,1.0,100.0,80.0,,15.0,0.1875,4459.0125,15689785.3,353.0
7055,1001.0,21.0,1.0,100.0,80.0,,16.0,0.2375,4459.25,15694244.55,353.0
7056,1001.0,21.0,1.0,100.0,80.0,,17.0,0.8875,4460.1375,15698704.6875,353.0
7057,1001.0,21.0,1.0,100.0,80.0,,18.0,1.0875,4461.225,15703165.9125,353.0
7058,1001.0,21.0,1.0,100.0,80.0,,19.0,0.775,4462.0,15707627.9125,353.0
7059,1001.0,21.0,1.0,100.0,80.0,,20.0,0.2875,4462.2875,15712090.2,353.0
7060,1001.0,21.0,1.0,100.0,80.0,,1.0,0.75,4463.0375,15716553.2375,354.0
7061,1001.0,21.0,1.0,100.0,80.0,,2.0,0.45,4463.4875,15721016.725,354.0
7062,1001.0,21.0,1.0,100.0,80.0,,3.0,0.9125,4464.4,15725481.125,354.0
7063,1001.0,21.0,1.0,100.0,80.0,,4.0,0.4,4464.8,15729945.925,354.0
7064,1001.0,21.0,1.0,100.0,80.0,,5.0,0.2,4465.0,15734410.925,354.0
7065,1001.0,21.0,1.0,100.0,80.0,,6.0,0.5875,4465.5875,15738876.5125,354.0
7066,1001.0,21.0,1.0,100.0,80.0,,7.0,0.0875,4465.675,15743342.1875,354.0
7067,1001.0,21.0,1.0,100.0,80.0,,8.0,0.4125,4466.0875,15747808.275,354.0
7068,1001.0,21.0,1.0,100.0,80.0,,9.0,0.5125,4466.6,15752274.875,354.0
7069,1001.0,21.0,1.0,100.0,80.0,,10.0,1.225,4467.825,15756742.7,354.0
7070,1001.0,21.0,1.0,100.0,80.0,,11.0,0.325,4468.15,15761210.85,354.0
7071,1001.0,21.0,1.0,100.0,80.0,,12.0,0.575,4468.725,15765679.575,354.0
7072,1001.0,21.0,1.0,100.0,80.0,,13.0,0.9875,4469.7125,15770149.2875,354.0
7073,1001.0,21.0,1.0,100.0,80.0,,14.0,0.8375,4470.55,15774619.8375,354.0
7074,1001.0,21.0,1.0,100.0,80.0,,15.0,0.3125,4470.8625,15779090.7,354.0
7075,1001.0,21.0,1.0,100.0,80.0,,16.0,0.6375,4471.5,15783562.2,354.0
7076,1001.0,21.0,1.0,100.0,80.0,,17.0,0.3,4471.8,15788034.0,354.0
7077,1001.0,21.0,1.0,100.0,80.0,,18.0,0.9875,4472.7875,15792506.7875,354.0
7078,1001.0,21.0,1.0,100.0,80.0,,19.0,1.025,4473.8125,15796980.6,354.0
7079,1001.0,21.0,1.0,100.0,80.0,,20.0,1.1625,4474.975,15801455.575,354.0
7080,1001.0,21.0,1.0,100.0,80.0,,1.0,0.675,4475.65,15805931.225,355.0
7081,1001.0,21.0,1.0,100.0,80.0,,2.0,0.025,4475.675,15810406.9,355.0
7082,1001.0,21.0,1.0,100.0,80.0,,3.0,0.5875,4476.2625,15814883.1625,355.0
7083,1001.0,21.0,1.0,100.0,80.0,,4.0,0.975,4477.2375,15819360.4,355.0
7084,1001.0,21.0,1.0,100.0,80.0,,5.0,0.4875,4477.725,15823838.125,355.0
7085,1001.0,21.0,1.0,100.0,80.0,,6.0,1.025,4478.75,15828316.875,355.0
7086,1001.0,21.0,1.0,100.0,80.0,,7.0,0.425,4479.175,15832796.05,355.0
7087,1001.0,21.0,1.0,100.0,80.0,,8.0,1.1375,4480.3125,15837276.3625,355.0
7088,1001.0,21.0,1.0,100.0,80.0,,9.0,1.075,4481.3875,15841757.75,355.0
7089,1001.0,21.0,1.0,100.0,80.0,,10.0,0.2625,4481.65,15846239.4,355.0
7090,1001.0,21.0,1.0,100.0,80.0,,11.0,0.2125,4481.8625,15850721.2625,355.0
7091,1001.0,21.0,1.0,100.0,80.0,,12.0,0.475,4482.3375,15855203.6,355.0
7092,1001.0,21.0,1.0,100.0,80.0,,13.0,0.3375,4482.675,15859686.275,355.0
7093,1001.0,21.0,1.0,100.0,80.0,,14.0,0.65,4483.325,15864169.6,355.0
7094,1001.0,21.0,1.0,100.0,80.0,,15.0,1.0625,4484.3875,15868653.9875,355.0
7095,1001.0,21.0,1.0,100.0,80.0,,16.0,0.175,4484.5625,15873138.55,355.0
7096,1001.0,21.0,1.0,100.0,80.0,,17.0,0.675,4485.2375,15877623.7875,355.0
7097,1001.0,21.0,1.0,100.0,80.0,,18.0,1.0125,4486.25,15882110.0375,355.0
7098,1001.0,21.0,1.0,100.0,80.0,,19.0,0.425,4486.675,15886596.7125,355.0
7099,1001.0,21.0,1.0,100.0,80.0,,20.0,0.9875,4487.6625,15891084.375,355.0
7100,1001.0,21.0,1.0,100.0,80.0,,1.0,0.7125,4488.375,15895572.75,356.0
7101,1001.0,21.0,1.0,100.0,80.0,,2.0,1.125,4489.5,15900062.25,356.0
7102,1001.0,21.0,1.0,100.0,80.0,,3.0,0.4125,4489.9125,15904552.1625,356.0
7103,1001.0,21.0,1.0,100.0,80.0,,4.0,1.1875,4491.1,15909043.2625,356.0
7104,1001.0,21.0,1.0,100.0,80.0,,5.0,0.7625,4491.8625,15913535.125,356.0
7105,1001.0,21.0,1.0,100.0,80.0,,6.0,1.225,4493.0875,15918028.2125,356.0
7106,1001.0,21.0,1.0,100.0,80.0,,7.0,0.9875,4494.075,15922522.2875,356.0
7107,1001.0,21.0,1.0,100.0,80.0,,8.0,0.625,4494.7,15927016.9875,356.0
7108,1001.0,21.0,1.0,100.0,80.0,,9.0,0.625,4495.325,15931512.3125,356.0
7109,1001.0,21.0,1.0,100.0,80.0,,10.0,1.175,4496.5,15936008.8125,356.0
7110,1001.0,21.0,1.0,100.0,80.0,,11.0,0.325,4496.825,15940505.6375,356.0
7111,1001.0,21.0,1.0,100.0,80.0,,12.0,0.8,4497.625,15945003.2625,356.0
7112,1001.0,21.0,1.0,100.0,80.0,,13.0,0.6125,4498.2375,15949501.5,356.0
7113,1001.0,21.0,1.0,100.0,80.0,,14.0,0.3625,4498.6,15954000.1,356.0
7114,1001.0,21.0,1.0,100.0,80.0,,15.0,0.35,4498.95,15958499.05,356.0
7115,1001.0,21.0,1.0,100.0,80.0,,16.0,0.0625,4499.0125,15962998.0625,356.0
7116,1001.0,21.0,1.0,100.0,80.0,,17.0,0.375,4499.3875,15967497.45,356.0
7117,1001.0,21.0,1.0,100.0,80.0,,18.0,0.325,4499.7125,15971997.1625,356.0
7118,1001.0,21.0,1.0,100.0,80.0,,19.0,0.1625,4499.875,15976497.0375,356.0
7119,1001.0,21.0,1.0,100.0,80.0,,20.0,0.425,4500.3,15980997.3375,356.0
7120,1001.0,21.0,1.0,100.0,80.0,,1.0,0.775,4501.075,15985498.4125,357.0
7121,1001.0,21.0,1.0,100.0,80.0,,2.0,0.7125,4501.7875,15990000.2,357.0
7122,1001.0,21.0,1.0,100.0,80.0,,3.0,0.95,4502.7375,15994502.9375,357.0
7123,1001.0,21.0,1.0,100.0,80.0,,4.0,1.0,4503.7375,15999006.675,357.0
7124,1001.0,21.0,1.0,100.0,80.0,,5.0,0.975,4504.7125,16003511.3875,357.0
7125,1001.0,21.0,1.0,100.0,80.0,,6.0,0.85,4505.5625,16008016.95,357.0
7126,1001.0,21.0,1.0,100.0,80.0,,7.0,0.6875,4506.25,16012523.2,357.0
7127,1001.0,21.0,1.0,100.0,80.0,,8.0,0.7375,4506.9875,16017030.1875,357.0
7128,1001.0,21.0,1.0,100.0,80.0,,9.0,0.975,4507.9625,16021538.15,357.0
7129,1001.0,21.0,1.0,100.0,80.0,,10.0,0.775,4508.7375,16026046.8875,357.0
7130,1001.0,21.0,1.0,100.0,80.0,,11.0,1.0875,4509.825,16030556.7125,357.0
7131,1001.0,21.0,1.0,100.0,80.0,,12.0,0.025,4509.85,16035066.5625,357.0
7132,1001.0,21.0,1.0,100.0,80.0,,13.0,0.3875,4510.2375,16039576.8,357.0
7133,1001.0,21.0,1.0,100.0,80.0,,14.0,0.2875,4510.525,16044087.325,357.0
7134,1001.0,21.0,1.0,100.0,80.0,,15.0,0.0875,4510.6125,16048597.9375,357.0
7135,1001.0,21.0,1.0,100.0,80.0,,16.0,0.25,4510.8625,16053108.8,357.0
7136,1001.0,21.0,1.0,100.0,80.0,,17.0,0.05,4510.9125,16057619.7125,357.0
7137,1001.0,21.0,1.0,100.0,80.0,,18.0,0.9375,4511.85,16062131.5625,357.0
7138,1001.0,21.0,1.0,100.0,80.0,,19.0,1.2,4513.05,16066644.6125,357.0
7139,1001.0,21.0,1.0,100.0,80.0,,20.0,0.6125,4513.6625,16071158.275,357.0
7140,1001.0,21.0,1.0,100.0,80.0,,1.0,0.675,4514.3375,16075672.6125,358.0
7141,1001.0,21.0,1.0,100.0,80.0,,2.0,0.3125,4514.65,16080187.2625,358.0
7142,1001.0,21.0,1.0,100.0,80.0,,3.0,0.1,4514.75,16084702.0125,358.0
7143,1001.0,21.0,1.0,100.0,80.0,,4.0,1.0875,4515.8375,16089217.85,358.0
7144,1001.0,21.0,1.0,100.0,80.0,,5.0,0.8875,4516.725,16093734.575,358.0
7145,1001.0,21.0,1.0,100.0,80.0,,6.0,0.7375,4517.4625,16098252.0375,358.0
7146,1001.0,21.0,1.0,100.0,80.0,,7.0,0.5,4517.9625,16102770.0,358.0
7147,1001.0,21.0,1.0,100.0,80.0,,8.0,0.9375,4518.9,16107288.9,358.0
7148,1001.0,21.0,1.0,100.0,80.0,,9.0,0.2,4519.1,16111808.0,358.0
7149,1001.0,21.0,1.0,100.0,80.0,,10.0,0.975,4520.075,16116328.075,358.0
7150,1001.0,21.0,1.0,100.0,80.0,,11.0,0.45,4520.525,16120848.6,358.0
7151,1001.0,21.0,1.0,100.0,80.0,,12.0,0.1875,4520.7125,16125369.3125,358.0
7152,1001.0,21.0,1.0,100.0,80.0,,13.0,1.1625,4521.875,16129891.1875,358.0
7153,1001.0,21.0,1.0,100.0,80.0,,14.0,1.1375,4523.0125,16134414.2,358.0
7154,1001.0,21.0,1.0,100.0,80.0,,15.0,0.025,4523.0375,16138937.2375,358.0
7155,1001.0,21.0,1.0,100.0,80.0,,16.0,0.2875,4523.325,16143460.5625,358.0
7156,1001.0,21.0,1.0,100.0,80.0,,17.0,0.95,4524.275,16147984.8375,358.0
7157,1001.0,21.0,1.0,100.0,80.0,,18.0,0.7875,4525.0625,16152509.9,358.0
7158,1001.0,21.0,1.0,100.0,80.0,,19.0,0.8,4525.8625,16157035.7625,358.0
7159,1001.0,21.0,1.0,100.0,80.0,,20.0,0.95,4526.8125,16161562.575,358.0
7160,1001.0,21.0,1.0,100.0,80.0,,1.0,0.1875,4527.0,16166089.575,359.0
7161,1001.0,21.0,1.0,100.0,80.0,,2.0,0.975,4527.975,16170617.55,359.0
7162,1001.0,21.0,1.0,100.0,80.0,,3.0,1.1125,4529.0875,16175146.6375,359.0
7163,1001.0,21.0,1.0,100.0,80.0,,4.0,0.65,4529.7375,16179676.375,359.0
7164,1001.0,21.0,1.0,100.0,80.0,,5.0,1.0,4530.7375,16184207.1125,359.0
7165,1001.0,21.0,1.0,100.0,80.0,,6.0,1.0,4531.7375,16188738.85,359.0
7166,1001.0,21.0,1.0,100.0,80.0,,7.0,0.3375,4532.075,16193270.925,359.0
7167,1001.0,21.0,1.0,100.0,80.0,,8.0,0.85,4532.925,16197803.85,359.0
7168,1001.0,21.0,1.0,100.0,80.0,,9.0,0.825,4533.75,16202337.6,359.0
7169,1001.0,21.0,1.0,100.0,80.0,,10.0,1.025,4534.775,16206872.375,359.0
7170,1001.0,21.0,1.0,100.0,80.0,,11.0,0.9125,4535.6875,16211408.0625,359.0
7171,1001.0,21.0,1.0,100.0,80.0,,12.0,0.25,4535.9375,16215944.0,359.0
7172,1001.0,21.0,1.0,100.0,80.0,,13.0,1.0375,4536.975,16220480.975,359.0
7173,1001.0,21.0,1.0,100.0,80.0,,14.0,0.5875,4537.5625,16225018.5375,359.0
7174,1001.0,21.0,1.0,100.0,80.0,,15.0,1.175,4538.7375,16229557.275,359.0
7175,1001.0,21.0,1.0,100.0,80.0,,16.0,0.725,4539.4625,16234096.7375,359.0
7176,1001.0,21.0,1.0,100.0,80.0,,17.0,0.275,4539.7375,16238636.475,359.0
7177,1001.0,21.0,1.0,100.0,80.0,,18.0,0.625,4540.3625,16243176.8375,359.0
7178,1001.0,21.0,1.0,100.0,80.0,,19.0,0.6875,4541.05,16247717.8875,359.0
7179,1001.0,21.0,1.0,100.0,80.0,,20.0,0.2,4541.25,16252259.1375,359.0
7180,1001.0,21.0,1.0,100.0,80.0,,1.0,1.075,4542.325,16256801.4625,360.0
7181,1001.0,21.0,1.0,100.0,80.0,,2.0,0.1625,4542.4875,16261343.95,360.0
7182,1001.0,21.0,1.0,100.0,80.0,,3.0,0.9875,4543.475,16265887.425,360.0
7183,1001.0,21.0,1.0,100.0,80.0,,4.0,0.0875,4543.5625,16270430.9875,360.0
7184,1001.0,21.0,1.0,100.0,80.0,,5.0,0.7875,4544.35,16274975.3375,360.0
7185,1001.0,21.0,1.0,100.0,80.0,,6.0,0.55,4544.9,16279520.2375,360.0
7186,1001.0,21.0,1.0,100.0,80.0,,7.0,1.15,4546.05,16284066.2875,360.0
7187,1001.0,21.0,1.0,100.0,80.0,,8.0,0.1125,4546.1625,16288612.45,360.0
7188,1001.0,21.0,1.0,100.0,80.0,,9.0,0.325,4546.4875,16293158.9375,360.0
7189,1001.0,21.0,1.0,100.0,80.0,,10.0,0.975,4547.4625,16297706.4,360.0
7190,1001.0,21.0,1.0,100.0,80.0,,11.0,0.6625,4548.125,16302254.525,360.0
7191,1001.0,21.0,1.0,100.0,80.0,,12.0,0.925,4549.05,16306803.575,360.0
7192,1001.0,21.0,1.0,100.0,80.0,,13.0,0.5625,4549.6125,16311353.1875,360.0
7193,1001.0,21.0,1.0,100.0,80.0,,14.0,0.225,4549.8375,16315903.025,360.0
7194,1001.0,21.0,1.0,100.0,80.0,,15.0,1.1125,4550.95,16320453.975,360.0
7195,1001.0,21.0,1.0,100.0,80.0,,16.0,0.075,4551.025,16325005.0,360.0
7196,1001.0,21.0,1.0,100.0,80.0,,17.0,0.175,4551.2,16329556.2,360.0
7197,1001.0,21.0,1.0,100.0,80.0,,18.0,0.8625,4552.0625,16334108.2625,360.0
7198,1001.0,21.0,1.0,100.0,80.0,,19.0,0.1,4552.1625,16338660.425,360.0
7199,1001.0,21.0,1.0,100.0,80.0,,20.0,0.2625,4552.425,16343212.85,360.0
7200,1001.0,21.0,1.0,100.0,80.0,,1.0,0.5125,4552.9375,16347765.7875,361.0
7201,1001.0,21.0,1.0,100.0,80.0,,2.0,0.3875,4553.325,16352319.1125,361.0
7202,1001.0,21.0,1.0,100.0,80.0,,3.0,0.0125,4553.3375,16356872.45,361.0
7203,1001.0,21.0,1.0,100.0,80.0,,4.0,0.1625,4553.5,16361425.95,361.0
7204,1001.0,21.0,1.0,100.0,80.0,,5.0,0.6875,4554.1875,16365980.1375,361.0
7205,1001.0,21.0,1.0,100.0,80.0,,6.0,0.175,4554.3625,16370534.5,361.0
7206,1001.0,21.0,1.0,100.0,80.0,,7.0,1.2125,4555.575,16375090.075,361.0
7207,1001.0,21.0,1.0,100.0,80.0,,8.0,0.55,4556.125,16379646.2,361.0
7208,1001.0,21.0,1.0,100.0,80.0,,9.0,0.925,4557.05,16384203.25,361.0
7209,1001.0,21.0,1.0,100.0,80.0,,10.0,1.15,4558.2,16388761.45,361.0
7210,1001.0,21.0,1.0,100.0,80.0,,11.0,0.45,4558.65,16393320.1,361.0
7211,1001.0,21.0,1.0,100.0,80.0,,12.0,0.7125,4559.3625,16397879.4625,361.0
7212,1001.0,21.0,1.0,100.0,80.0,,13.0,0.85,4560.2125,16402439.675,361.0
7213,1001.0,21.0,1.0,100.0,80.0,,14.0,0.55,4560.7625,16407000.4375,361.0
7214,1001.0,21.0,1.0,100.0,80.0,,15.0,0.6375,4561.4,16411561.8375,361.0
7215,1001.0,21.0,1.0,100.0,80.0,,16.0,0.7125,4562.1125,16416123.95,361.0
7216,1001.0,21.0,1.0,100.0,80.0,,17.0,0.2,4562.3125,16420686.2625,361.0
7217,1001.0,21.0,1.0,100.0,80.0,,18.0,0.8,4563.1125,16425249.375,361.0
7218,1001.0,21.0,1.0,100.0,80.0,,19.0,0.0125,4563.125,16429812.5,361.0
7219,1001.0,21.0,1.0,100.0,80.0,,20.0,0.4625,4563.5875,16434376.0875,361.0
7220,1001.0,21.0,1.0,100.0,80.0,,1.0,0.5375,4564.125,16438940.2125,362.0
7221,1001.0,21.0,1.0,100.0,80.0,,2.0,0.375,4564.5,16443504.7125,362.0
7222,1001.0,21.0,1.0,100.0,80.0,,3.0,0.1125,4564.6125,16448069.325,362.0
7223,1001.0,21.0,1.0,100.0,80.0,,4.0,0.65,4565.2625,16452634.5875,362.0
7224,1001.0,21.0,1.0,100.0,80.0,,5.0,0.1625,4565.425,16457200.0125,362.0
7225,1001.0,21.0,1.0,100.0,80.0,,6.0,1.0625,4566.4875,16461766.5,362.0
7226,1001.0,21.0,1.0,100.0,80.0,,7.0,0.75,4567.2375,16466333.7375,362.0
7227,1001.0,21.0,1.0,100.0,80.0,,8.0,0.9,4568.1375,16470901.875,362.0
7228,1001.0,21.0,1.0,100.0,80.0,,9.0,0.2,4568.3375,16475470.2125,362.0
7229,1001.0,21.0,1.0,100.0,80.0,,10.0,0.4875,4568.825,16480039.0375,362.0
7230,1001.0,21.0,1.0,100.0,80.0,,11.0,0.5875,4569.4125,16484608.45,362.0
7231,1001.0,21.0,1.0,100.0,80.0,,12.0,0.8,4570.2125,16489178.6625,362.0
7232,1001.0,21.0,1.0,100.0,80.0,,13.0,0.4625,4570.675,16493749.3375,362.0
7233,1001.0,21.0,1.0,100.0,80.0,,14.0,1.1,4571.775,16498321.1125,362.0
7234,1001.0,21.0,1.0,100.0,80.0,,15.0,0.5875,4572.3625,16502893.475,362.0
7235,1001.0,21.0,1.0,100.0,80.0,,16.0,1.025,4573.3875,16507466.8625,362.0
7236,1001.0,21.0,1.0,100.0,80.0,,17.0,0.3875,4573.775,16512040.6375,362.0
7237,1001.0,21.0,1.0,100.0,80.0,,18.0,0.1625,4573.9375,16516614.575,362.0
7238,1001.0,21.0,1.0,100.0,80.0,,19.0,0.45,4574.3875,16521188.9625,362.0
7239,1001.0,21.0,1.0,100.0,80.0,,20.0,0.5625,4574.95,16525763.9125,362.0
7240,1001.0,21.0,1.0,100.0,80.0,,1.0,0.3125,4575.2625,16530339.175,363.0
7241,1001.0,21.0,1.0,100.0,80.0,,2.0,0.0125,4575.275,16534914.45,363.0
7242,1001.0,21.0,1.0,100.0,80.0,,3.0,0.35,4575.625,16539490.075,363.0
7243,1001.0,21.0,1.0,100.0,80.0,,4.0,1.0,4576.625,16544066.7,363.0
7244,1001.0,21.0,1.0,100.0,80.0,,5.0,0.2375,4576.8625,16548643.5625,363.0
7245,1001.0,21.0,1.0,100.0,80.0,,6.0,0.5125,4577.375,16553220.9375,363.0
7246,1001.0,21.0,1.0,100.0,80.0,,7.0,0.875,4578.25,16557799.1875,363.0
7247,1001.0,21.0,1.0,100.0,80.0,,8.0,0.8375,4579.0875,16562378.275,363.0
7248,1001.0,21.0,1.0,100.0,80.0,,9.0,1.075,4580.1625,16566958.4375,363.0
7249,1001.0,21.0,1.0,100.0,80.0,,10.0,0.4,4580.5625,16571539.0,363.0
7250,1001.0,21.0,1.0,100.0,80.0,,11.0,0.8125,4581.375,16576120.375,363.0
7251,1001.0,21.0,1.0,100.0,80.0,,12.0,0.35,4581.725,16580702.1,363.0
7252,1001.0,21.0,1.0,100.0,80.0,,13.0,0.95,4582.675,16585284.775,363.0
7253,1001.0,21.0,1.0,100.0,80.0,,14.0,0.0625,4582.7375,16589867.5125,363.0
7254,1001.0,21.0,1.0,100.0,80.0,,15.0,0.65,4583.3875,16594450.9,363.0
7255,1001.0,21.0,1.0,100.0,80.0,,16.0,0.3375,4583.725,16599034.625,363.0
7256,1001.0,21.0,1.0,100.0,80.0,,17.0,0.2875,4584.0125,16603618.6375,363.0
7257,1001.0,21.0,1.0,100.0,80.0,,18.0,0.9,4584.9125,16608203.55,363.0
7258,1001.0,21.0,1.0,100.0,80.0,,19.0,0.425,4585.3375,16612788.8875,363.0
7259,1001.0,21.0,1.0,100.0,80.0,,20.0,0.15,4585.4875,16617374.375,363.0
7260,1001.0,21.0,1.0,100.0,80.0,,1.0,0.1125,4585.6,16621959.975,364.0
7261,1001.0,21.0,1.0,100.0,80.0,,2.0,0.3375,4585.9375,16626545.9125,364.0
7262,1001.0,21.0,1.0,100.0,80.0,,3.0,0.65,4586.5875,16631132.5,364.0
7263,1001.0,21.0,1.0,100.0,80.0,,4.0,0.2375,4586.825,16635719.325,364.0
7264,1001.0,21.0,1.0,100.0,80.0,,5.0,0.5375,4587.3625,16640306.6875,364.0
7265,1001.0,21.0,1.0,100.0,80.0,,6.0,0.2875,4587.65,16644894.3375,364.0
7266,1001.0,21.0,1.0,100.0,80.0,,7.0,1.225,4588.875,16649483.2125,364.0
7267,1001.0,21.0,1.0,100.0,80.0,,8.0,0.75,4589.625,16654072.8375,364.0
7268,1001.0,21.0,1.0,100.0,80.0,,9.0,0.6375,4590.2625,16658663.1,364.0
7269,1001.0,21.0,1.0,100.0,80.0,,10.0,0.725,4590.9875,16663254.0875,364.0
7270,1001.0,21.0,1.0,100.0,80.0,,11.0,0.9875,4591.975,16667846.0625,364.0
7271,1001.0,21.0,1.0,100.0,80.0,,12.0,0.2125,4592.1875,16672438.25,364.0
7272,1001.0,21.0,1.0,100.0,80.0,,13.0,0.8,4592.9875,16677031.2375,364.0
7273,1001.0,21.0,1.0,100.0,80.0,,14.0,0.9625,4593.95,16681625.1875,364.0
7274,1001.0,21.0,1.0,100.0,80.0,,15.0,0.6,4594.55,16686219.7375,364.0
7275,1001.0,21.0,1.0,100.0,80.0,,16.0,1.05,4595.6,16690815.3375,364.0
7276,1001.0,21.0,1.0,100.0,80.0,,17.0,0.9375,4596.5375,16695411.875,364.0
7277,1001.0,21.0,1.0,100.0,80.0,,18.0,0.45,4596.9875,16700008.8625,364.0
7278,1001.0,21.0,1.0,100.0,80.0,,19.0,1.0375,4598.025,16704606.8875,364.0
7279,1001.0,21.0,1.0,100.0,80.0,,20.0,0.6625,4598.6875,16709205.575,364.0
7280,1001.0,21.0,1.0,100.0,80.0,,1.0,0.5875,4599.275,16713804.85,365.0
7281,1001.0,21.0,1.0,100.0,80.0,,2.0,0.625,4599.9,16718404.75,365.0
7282,1001.0,21.0,1.0,100.0,80.0,,3.0,0.6125,4600.5125,16723005.2625,365.0
7283,1001.0,21.0,1.0,100.0,80.0,,4.0,0.3875,4600.9,16727606.1625,365.0
7284,1001.0,21.0,1.0,100.0,80.0,,5.0,1.075,4601.975,16732208.1375,365.0
7285,1001.0,21.0,1.0,100.0,80.0,,6.0,0.375,4602.35,16736810.4875,365.0
7286,1001.0,21.0,1.0,100.0,80.0,,7.0,0.875,4603.225,16741413.7125,365.0
7287,1001.0,21.0,1.0,100.0,80.0,,8.0,0.55,4603.775,16746017.4875,365.0
7288,1001.0,21.0,1.0,100.0,80.0,,9.0,1.1375,4604.9125,16750622.4,365.0
7289,1001.0,21.0,1.0,100.0,80.0,,10.0,0.075,4604.9875,16755227.3875,365.0
7290,1001.0,21.0,1.0,100.0,80.0,,11.0,0.1625,4605.15,16759832.5375,365.0
7291,1001.0,21.0,1.0,100.0,80.0,,12.0,0.375,4605.525,16764438.0625,365.0
7292,1001.0,21.0,1.0,100.0,80.0,,13.0,0.725,4606.25,16769044.3125,365.0
7293,1001.0,21.0,1.0,100.0,80.0,,14.0,0.4125,4606.6625,16773650.975,365.0
7294,1001.0,21.0,1.0,100.0,80.0,,15.0,0.2,4606.8625,16778257.8375,365.0
7295,1001.0,21.0,1.0,100.0,80.0,,16.0,0.925,4607.7875,16782865.625,365.0
7296,1001.0,21.0,1.0,100.0,80.0,,17.0,0.9875,4608.775,16787474.4,365.0
7297,1001.0,21.0,1.0,100.0,80.0,,18.0,1.0875,4609.8625,16792084.2625,365.0
7298,1001.0,21.0,1.0,100.0,80.0,,19.0,0.8625,4610.725,16796694.9875,365.0
7299,1001.0,21.0,1.0,100.0,80.0,,20.0,1.1625,4611.8875,16801306.875,365.0
7300,1001.0,21.0,1.0,100.0,80.0,,1.0,0.225,4612.1125,16805918.9875,366.0
7301,1001.0,21.0,1.0,100.0,80.0,,2.0,0.3625,4612.475,16810531.4625,366.0
7302,1001.0,21.0,1.0,100.0,80.0,,3.0,0.375,4612.85,16815144.3125,366.0
7303,1001.0,21.0,1.0,100.0,80.0,,4.0,0.4625,4613.3125,16819757.625,366.0
7304,1001.0,21.0,1.0,100.0,80.0,,5.0,0.5625,4613.875,16824371.5,366.0
7305,1001.0,21.0,1.0,100.0,80.0,,6.0,1.175,4615.05,16828986.55,366.0
7306,1001.0,21.0,1.0,100.0,80.0,,7.0,1.1625,4616.2125,16833602.7625,366.0
7307,1001.0,21.0,1.0,100.0,80.0,,8.0,0.375,4616.5875,16838219.35,366.0
7308,1001.0,21.0,1.0,100.0,80.0,,9.0,0.4875,4617.075,16842836.425,366.0
7309,1001.0,21.0,1.0,100.0,80.0,,10.0,0.4125,4617.4875,16847453.9125,366.0
7310,1001.0,21.0,1.0,100.0,80.0,,11.0,0.5125,4618.0,16852071.9125,366.0
7311,1001.0,21.0,1.0,100.0,80.0,,12.0,0.0625,4618.0625,16856689.975,366.0
7312,1001.0,21.0,1.0,100.0,80.0,,13.0,0.675,4618.7375,16861308.7125,366.0
7313,1001.0,21.0,1.0,100.0,80.0,,14.0,0.85,4619.5875,16865928.3,366.0
7314,1001.0,21.0,1.0,100.0,80.0,,15.0,0.4125,4620.0,16870548.3,366.0
7315,1001.0,21.0,1.0,100.0,80.0,,16.0,0.975,4620.975,16875169.275,366.0
7316,1001.0,21.0,1.0,100.0,80.0,,17.0,0.325,4621.3,16879790.575,366.0
7317,1001.0,21.0,1.0,100.0,80.0,,18.0,0.525,4621.825,16884412.4,366.0
7318,1001.0,21.0,1.0,100.0,80.0,,19.0,0.25,4622.075,16889034.475,366.0
7319,1001.0,21.0,1.0,100.0,80.0,,20.0,0.1875,4622.2625,16893656.7375,366.0
7320,1001.0,21.0,1.0,100.0,80.0,,1.0,0.8,4623.0625,16898279.8,367.0
7321,1001.0,21.0,1.0,100.0,80.0,,2.0,0.4625,4623.525,16902903.325,367.0
7322,1001.0,21.0,1.0,100.0,80.0,,3.0,0.2875,4623.8125,16907527.1375,367.0
7323,1001.0,21.0,1.0,100.0,80.0,,4.0,0.2625,4624.075,16912151.2125,367.0
7324,1001.0,21.0,1.0,100.0,80.0,,5.0,0.5875,4624.6625,16916775.875,367.0
7325,1001.0,21.0,1.0,100.0,80.0,,6.0,1.075,4625.7375,16921401.6125,367.0
7326,1001.0,21.0,1.0,100.0,80.0,,7.0,0.7875,4626.525,16926028.1375,367.0
7327,1001.0,21.0,1.0,100.0,80.0,,8.0,1.0,4627.525,16930655.6625,367.0
7328,1001.0,21.0,1.0,100.0,80.0,,9.0,0.4,4627.925,16935283.5875,367.0
7329,1001.0,21.0,1.0,100.0,80.0,,10.0,0.575,4628.5,16939912.0875,367.0
7330,1001.0,21.0,1.0,100.0,80.0,,11.0,1.1875,4629.6875,16944541.775,367.0
7331,1001.0,21.0,1.0,100.0,80.0,,12.0,0.8875,4630.575,16949172.35,367.0
7332,1001.0,21.0,1.0,100.0,80.0,,13.0,0.5875,4631.1625,16953803.5125,367.0
7333,1001.0,21.0,1.0,100.0,80.0,,14.0,0.9125,4632.075,16958435.5875,367.0
7334,1001.0,21.0,1.0,100.0,80.0,,15.0,1.1875,4633.2625,16963068.85,367.0
7335,1001.0,21.0,1.0,100.0,80.0,,16.0,1.0875,4634.35,16967703.2,367.0
7336,1001.0,21.0,1.0,100.0,80.0,,17.0,1.225,4635.575,16972338.775,367.0
7337,1001.0,21.0,1.0,100.0,80.0,,18.0,0.05,4635.625,16976974.4,367.0
7338,1001.0,21.0,1.0,100.0,80.0,,19.0,1.15,4636.775,16981611.175,367.0
7339,1001.0,21.0,1.0,100.0,80.0,,20.0,0.7,4637.475,16986248.65,367.0
7340,1001.0,21.0,1.0,100.0,80.0,,1.0,0.9125,4638.3875,16990887.0375,368.0
7341,1001.0,21.0,1.0,100.0,80.0,,2.0,0.0875,4638.475,16995525.5125,368.0
7342,1001.0,21.0,1.0,100.0,80.0,,3.0,1.2125,4639.6875,17000165.2,368.0
7343,1001.0,21.0,1.0,100.0,80.0,,4.0,0.125,4639.8125,17004805.0125,368.0
7344,1001.0,21.0,1.0,100.0,80.0,,5.0,0.4,4640.2125,17009445.225,368.0
7345,1001.0,21.0,1.0,100.0,80.0,,6.0,0.55,4640.7625,17014085.9875,368.0
7346,1001.0,21.0,1.0,100.0,80.0,,7.0,0.8375,4641.6,17018727.5875,368.0
7347,1001.0,21.0,1.0,100.0,80.0,,8.0,0.2875,4641.8875,17023369.475,368.0
7348,1001.0,21.0,1.0,100.0,80.0,,9.0,0.45,4642.3375,17028011.8125,368.0
7349,1001.0,21.0,1.0,100.0,80.0,,10.0,0.7125,4643.05,17032654.8625,368.0
7350,1001.0,21.0,1.0,100.0,80.0,,11.0,0.2375,4643.2875,17037298.15,368.0
7351,1001.0,21.0,1.0,100.0,80.0,,12.0,0.2625,4643.55,17041941.7,368.0
7352,1001.0,21.0,1.0,100.0,80.0,,13.0,0.8625,4644.4125,17046586.1125,368.0
7353,1001.0,21.0,1.0,100.0,80.0,,14.0,1.2125,4645.625,17051231.7375,368.0
7354,1001.0,21.0,1.0,100.0,80.0,,15.0,0.4875,4646.1125,17055877.85,368.0
7355,1001.0,21.0,1.0,100.0,80.0,,16.0,0.9375,4647.05,17060524.9,368.0
7356,1001.0,21.0,1.0,100.0,80.0,,17.0,0.7625,4647.8125,17065172.7125,368.0
7357,1001.0,21.0,1.0,100.0,80.0,,18.0,0.525,4648.3375,17069821.05,368.0
7358,1001.0,21.0,1.0,100.0,80.0,,19.0,0.325,4648.6625,17074469.7125,368.0
7359,1001.0,21.0,1.0,100.0,80.0,,20.0,0.1375,4648.8,17079118.5125,368.0
7360,1001.0,21.0,1.0,100.0,80.0,,1.0,1.0,4649.8,17083768.3125,369.0
7361,1001.0,21.0,1.0,100.0,80.0,,2.0,0.0625,4649.8625,17088418.175,369.0
7362,1001.0,21.0,1.0,100.0,80.0,,3.0,0.5625,4650.425,17093068.6,369.0
7363,1001.0,21.0,1.0,100.0,80.0,,4.0,0.0125,4650.4375,17097719.0375,369.0
7364,1001.0,21.0,1.0,100.0,80.0,,5.0,0.9375,4651.375,17102370.4125,369.0
7365,1001.0,21.0,1.0,100.0,80.0,,6.0,1.0125,4652.3875,17107022.8,369.0
7366,1001.0,21.0,1.0,100.0,80.0,,7.0,0.3625,4652.75,17111675.55,369.0
7367,1001.0,21.0,1.0,100.0,80.0,,8.0,0.8,4653.55,17116329.1,369.0
7368,1001.0,21.0,1.0,100.0,80.0,,9.0,0.0375,4653.5875,17120982.6875,369.0
7369,1001.0,21.0,1.0,100.0,80.0,,10.0,0.95,4654.5375,17125637.225,369.0
7370,1001.0,21.0,1.0,100.0,80.0,,11.0,0.125,4654.6625,17130291.8875,369.0
7371,1001.0,21.0,1.0,100.0,80.0,,12.0,0.875,4655.5375,17134947.425,369.0
7372,1001.0,21.0,1.0,100.0,80.0,,13.0,0.3375,4655.875,17139603.3,369.0
7373,1001.0,21.0,1.0,100.0,80.0,,14.0,0.3875,4656.2625,17144259.5625,369.0
7374,1001.0,21.0,1.0,100.0,80.0,,15.0,1.2375,4657.5,17148917.0625,369.0
7375,1001.0,21.0,1.0,100.0,80.0,,16.0,0.8,4658.3,17153575.3625,369.0
7376,1001.0,21.0,1.0,100.0,80.0,,17.0,1.0375,4659.3375,17158234.7,369.0
7377,1001.0,21.0,1.0,100.0,80.0,,18.0,0.5375,4659.875,17162894.575,369.0
7378,1001.0,21.0,1.0,100.0,80.0,,19.0,1.075,4660.95,17167555.525,369.0
7379,1001.0,21.0,1.0,100.0,80.0,,20.0,0.9875,4661.9375,17172217.4625,369.0
7380,1001.0,21.0,1.0,100.0,80.0,,1.0,0.3,4662.2375,17176879.7,370.0
7381,1001.0,21.0,1.0,100.0,80.0,,2.0,0.2625,4662.5,17181542.2,370.0
7382,1001.0,21.0,1.0,100.0,80.0,,3.0,0.9375,4663.4375,17186205.6375,370.0
7383,1001.0,21.0,1.0,100.0,80.0,,4.0,0.9625,4664.4,17190870.0375,370.0
7384,1001.0,21.0,1.0,100.0,80.0,,5.0,0.6,4665.0,17195535.0375,370.0
7385,1001.0,21.0,1.0,100.0,80.0,,6.0,0.175,4665.175,17200200.2125,370.0
7386,1001.0,21.0,1.0,100.0,80.0,,7.0,0.7125,4665.8875,17204866.1,370.0
7387,1001.0,21.0,1.0,100.0,80.0,,8.0,0.725,4666.6125,17209532.7125,370.0
7388,1001.0,21.0,1.0,100.0,80.0,,9.0,0.45,4667.0625,17214199.775,370.0
7389,1001.0,21.0,1.0,100.0,80.0,,10.0,0.15,4667.2125,17218866.9875,370.0
7390,1001.0,21.0,1.0,100.0,80.0,,11.0,0.075,4667.2875,17223534.275,370.0
7391,1001.0,21.0,1.0,100.0,80.0,,12.0,1.125,4668.4125,17228202.6875,370.0
7392,1001.0,21.0,1.0,100.0,80.0,,13.0,0.525,4668.9375,17232871.625,370.0
7393,1001.0,21.0,1.0,100.0,80.0,,14.0,0.725,4669.6625,17237541.2875,370.0
7394,1001.0,21.0,1.0,100.0,80.0,,15.0,0.4875,4670.15,17242211.4375,370.0
7395,1001.0,21.0,1.0,100.0,80.0,,16.0,0.45,4670.6,17246882.0375,370.0
7396,1001.0,21.0,1.0,100.0,80.0,,17.0,0.025,4670.625,17251552.6625,370.0
7397,1001.0,21.0,1.0,100.0,80.0,,18.0,0.6,4671.225,17256223.8875,370.0
7398,1001.0,21.0,1.0,100.0,80.0,,19.0,0.1375,4671.3625,17260895.25,370.0
7399,1001.0,21.0,1.0,100.0,80.0,,20.0,0.725,4672.0875,17265567.3375,370.0
7400,1001.0,21.0,1.0,100.0,80.0,,1.0,0.3,4672.3875,17270239.725,371.0
7401,1001.0,21.0,1.0,100.0,80.0,,2.0,0.6375,4673.025,17274912.75,371.0
7402,1001.0,21.0,1.0,100.0,80.0,,3.0,0.9,4673.925,17279586.675,371.0
7403,1001.0,21.0,1.0,100.0,80.0,,4.0,0.2625,4674.1875,17284260.8625,371.0
7404,1001.0,21.0,1.0,100.0,80.0,,5.0,0.7875,4674.975,17288935.8375,371.0
7405,1001.0,21.0,1.0,100.0,80.0,,6.0,0.5375,4675.5125,17293611.35,371.0
7406,1001.0,21.0,1.0,100.0,80.0,,7.0,0.3875,4675.9,17298287.25,371.0
7407,1001.0,21.0,1.0,100.0,80.0,,8.0,0.4375,4676.3375,17302963.5875,371.0
7408,1001.0,21.0,1.0,100.0,80.0,,9.0,0.45,4676.7875,17307640.375,371.0
7409,1001.0,21.0,1.0,100.0,80.0,,10.0,0.125,4676.9125,17312317.2875,371.0
7410,1001.0,21.0,1.0,100.0,80.0,,11.0,0.2375,4677.15,17316994.4375,371.0
7411,1001.0,21.0,1.0,100.0,80.0,,12.0,0.975,4678.125,17321672.5625,371.0
7412,1001.0,21.0,1.0,100.0,80.0,,13.0,0.875,4679.0,17326351.5625,371.0
7413,1001.0,21.0,1.0,100.0,80.0,,14.0,0.9375,4679.9375,17331031.5,371.0
7414,1001.0,21.0,1.0,100.0,80.0,,15.0,1.0875,4681.025,17335712.525,371.0
7415,1001.0,21.0,1.0,100.0,80.0,,16.0,0.0375,4681.0625,17340393.5875,371.0
7416,1001.0,21.0,1.0,100.0,80.0,,17.0,0.5875,4681.65,17345075.2375,371.0
7417,1001.0,21.0,1.0,100.0,80.0,,18.0,0.975,4682.625,17349757.8625,371.0
7418,1001.0,21.0,1.0,100.0,80.0,,19.0,0.3375,4682.9625,17354440.825,371.0
7419,1001.0,21.0,1.0,100.0,80.0,,20.0,0.2875,4683.25,17359124.075,371.0
7420,1001.0,21.0,1.0,100.0,80.0,,1.0,0.4625,4683.7125,17363807.7875,372.0
7421,1001.0,21.0,1.0,100.0,80.0,,2.0,0.05,4683.7625,17368491.55,372.0
7422,1001.0,21.0,1.0,100.0,80.0,,3.0,0.85,4684.6125,17373176.1625,372.0
7423,1001.0,21.0,1.0,100.0,80.0,,4.0,0.2625,4684.875,17377861.0375,372.0
7424,1001.0,21.0,1.0,100.0,80.0,,5.0,0.8375,4685.7125,17382546.75,372.0
7425,1001.0,21.0,1.0,100.0,80.0,,6.0,0.4125,4686.125,17387232.875,372.0
7426,1001.0,21.0,1.0,100.0,80.0,,7.0,1.2125,4687.3375,17391920.2125,372.0
7427,1001.0,21.0,1.0,100.0,80.0,,8.0,0.125,4687.4625,17396607.675,372.0
7428,1001.0,21.0,1.0,100.0,80.0,,9.0,0.175,4687.6375,17401295.3125,372.0
7429,1001.0,21.0,1.0,100.0,80.0,,10.0,0.7375,4688.375,17405983.6875,372.0
7430,1001.0,21.0,1.0,100.0,80.0,,11.0,0.2375,4688.6125,17410672.3,372.0
7431,1001.0,21.0,1.0,100.0,80.0,,12.0,0.7,4689.3125,17415361.6125,372.0
7432,1001.0,21.0,1.0,100.0,80.0,,13.0,0.9125,4690.225,17420051.8375,372.0
7433,1001.0,21.0,1.0,100.0,80.0,,14.0,0.8625,4691.0875,17424742.925,372.0
7434,1001.0,21.0,1.0,100.0,80.0,,15.0,1.175,4692.2625,17429435.1875,372.0
7435,1001.0,21.0,1.0,100.0,80.0,,16.0,0.775,4693.0375,17434128.225,372.0
7436,1001.0,21.0,1.0,100.0,80.0,,17.0,0.5875,4693.625,17438821.85,372.0
7437,1001.0,21.0,1.0,100.0,80.0,,18.0,0.4625,4694.0875,17443515.9375,372.0
7438,1001.0,21.0,1.0,100.0,80.0,,19.0,1.175,4695.2625,17448211.2,372.0
7439,1001.0,21.0,1.0,100.0,80.0,,20.0,0.7,4695.9625,17452907.1625,372.0
7440,1001.0,21.0,1.0,100.0,80.0,,1.0,0.9875,4696.95,17457604.1125,373.0
7441,1001.0,21.0,1.0,100.0,80.0,,2.0,0.0375,4696.9875,17462301.1,373.0
7442,1001.0,21.0,1.0,100.0,80.0,,3.0,0.8125,4697.8,17466998.9,373.0
7443,1001.0,21.0,1.0,100.0,80.0,,4.0,0.6375,4698.4375,17471697.3375,373.0
7444,1001.0,21.0,1.0,100.0,80.0,,5.0,0.4,4698.8375,17476396.175,373.0
7445,1001.0,21.0,1.0,100.0,80.0,,6.0,0.2125,4699.05,17481095.225,373.0
7446,1001.0,21.0,1.0,100.0,80.0,,7.0,0.2,4699.25,17485794.475,373.0
7447,1001.0,21.0,1.0,100.0,80.0,,8.0,0.275,4699.525,17490494.0,373.0
7448,1001.0,21.0,1.0,100.0,80.0,,9.0,1.2375,4700.7625,17495194.7625,373.0
7449,1001.0,21.0,1.0,100.0,80.0,,10.0,0.05,4700.8125,17499895.575,373.0
7450,1001.0,21.0,1.0,100.0,80.0,,11.0,1.1375,4701.95,17504597.525,373.0
7451,1001.0,21.0,1.0,100.0,80.0,,12.0,1.0625,4703.0125,17509300.5375,373.0
7452,1001.0,21.0,1.0,100.0,80.0,,13.0,0.7875,4703.8,17514004.3375,373.0
7453,1001.0,21.0,1.0,100.0,80.0,,14.0,0.9375,4704.7375,17518709.075,373.0
7454,1001.0,21.0,1.0,100.0,80.0,,15.0,0.9,4705.6375,17523414.7125,373.0
7455,1001.0,21.0,1.0,100.0,80.0,,16.0,0.4,4706.0375,17528120.75,373.0
7456,1001.0,21.0,1.0,100.0,80.0,,17.0,0.85,4706.8875,17532827.6375,373.0
7457,1001.0,21.0,1.0,100.0,80.0,,18.0,0.6875,4707.575,17537535.2125,373.0
7458,1001.0,21.0,1.0,100.0,80.0,,19.0,1.15,4708.725,17542243.9375,373.0
7459,1001.0,21.0,1.0,100.0,80.0,,20.0,0.8625,4709.5875,17546953.525,373.0
7460,1001.0,21.0,1.0,100.0,80.0,,1.0,0.4125,4710.0,17551663.525,374.0
7461,1001.0,21.0,1.0,100.0,80.0,,2.0,1.1125,4711.1125,17556374.6375,374.0
7462,1001.0,21.0,1.0,100.0,80.0,,3.0,0.1875,4711.3,17561085.9375,374.0
7463,1001.0,21.0,1.0,100.0,80.0,,4.0,0.1,4711.4,17565797.3375,374.0
7464,1001.0,21.0,1.0,100.0,80.0,,5.0,1.2125,4712.6125,17570509.95,374.0
7465,1001.0,21.0,1.0,100.0,80.0,,6.0,0.625,4713.2375,17575223.1875,374.0
7466,1001.0,21.0,1.0,100.0,80.0,,7.0,0.375,4713.6125,17579936.8,374.0
7467,1001.0,21.0,1.0,100.0,80.0,,8.0,0.2125,4713.825,17584650.625,374.0
7468,1001.0,21.0,1.0,100.0,80.0,,9.0,1.1625,4714.9875,17589365.6125,374.0
7469,1001.0,21.0,1.0,100.0,80.0,,10.0,0.75,4715.7375,17594081.35,374.0
7470,1001.0,21.0,1.0,100.0,80.0,,11.0,0.425,4716.1625,17598797.5125,374.0
7471,1001.0,21.0,1.0,100.0,80.0,,12.0,0.3125,4716.475,17603513.9875,374.0
7472,1001.0,21.0,1.0,100.0,80.0,,13.0,0.6,4717.075,17608231.0625,374.0
7473,1001.0,21.0,1.0,100.0,80.0,,14.0,1.175,4718.25,17612949.3125,374.0
7474,1001.0,21.0,1.0,100.0,80.0,,15.0,0.7625,4719.0125,17617668.325,374.0
7475,1001.0,21.0,1.0,100.0,80.0,,16.0,1.075,4720.0875,17622388.4125,374.0
7476,1001.0,21.0,1.0,100.0,80.0,,17.0,0.0125,4720.1,17627108.5125,374.0
7477,1001.0,21.0,1.0,100.0,80.0,,18.0,0.3625,4720.4625,17631828.975,374.0
7478,1001.0,21.0,1.0,100.0,80.0,,19.0,0.5,4720.9625,17636549.9375,374.0
7479,1001.0,21.0,1.0,100.0,80.0,,20.0,0.7,4721.6625,17641271.6,374.0
7480,1001.0,21.0,1.0,100.0,80.0,,1.0,0.7625,4722.425,17645994.025,375.0
7481,1001.0,21.0,1.0,100.0,80.0,,2.0,0.575,4723.0,17650717.025,375.0
7482,1001.0,21.0,1.0,100.0,80.0,,3.0,0.0625,4723.0625,17655440.0875,375.0
7483,1001.0,21.0,1.0,100.0,80.0,,4.0,0.75,4723.8125,17660163.9,375.0
7484,1001.0,21.0,1.0,100.0,80.0,,5.0,0.575,4724.3875,17664888.2875,375.0
7485,1001.0,21.0,1.0,100.0,80.0,,6.0,1.05,4725.4375,17669613.725,375.0
7486,1001.0,21.0,1.0,100.0,80.0,,7.0,0.825,4726.2625,17674339.9875,375.0
7487,1001.0,21.0,1.0,100.0,80.0,,8.0,0.0375,4726.3,17679066.2875,375.0
7488,1001.0,21.0,1.0,100.0,80.0,,9.0,0.8625,4727.1625,17683793.45,375.0
7489,1001.0,21.0,1.0,100.0,80.0,,10.0,0.6625,4727.825,17688521.275,375.0
7490,1001.0,21.0,1.0,100.0,80.0,,11.0,0.85,4728.675,17693249.95,375.0
7491,1001.0,21.0,1.0,100.0,80.0,,12.0,0.9,4729.575,17697979.525,375.0
7492,1001.0,21.0,1.0,100.0,80.0,,13.0,1.0125,4730.5875,17702710.1125,375.0
7493,1001.0,21.0,1.0,100.0,80.0,,14.0,1.1,4731.6875,17707441.8,375.0
7494,1001.0,21.0,1.0,100.0,80.0,,15.0,0.7,4732.3875,17712174.1875,375.0
7495,1001.0,21.0,1.0,100.0,80.0,,16.0,0.05,4732.4375,17716906.625,375.0
7496,1001.0,21.0,1.0,100.0,80.0,,17.0,0.225,4732.6625,17721639.2875,375.0
7497,1001.0,21.0,1.0,100.0,80.0,,18.0,1.2,4733.8625,17726373.15,375.0
7498,1001.0,21.0,1.0,100.0,80.0,,19.0,0.3,4734.1625,17731107.3125,375.0
7499,1001.0,21.0,1.0,100.0,80.0,,20.0,0.2,4734.3625,17735841.675,375.0
7500,1001.0,21.0,1.0,100.0,80.0,,1.0,1.0625,4735.425,17740577.1,376.0
7501,1001.0,21.0,1.0,100.0,80.0,,2.0,0.1625,4735.5875,17745312.6875,376.0
7502,1001.0,21.0,1.0,100.0,80.0,,3.0,0.3125,4735.9,17750048.5875,376.0
7503,1001.0,21.0,1.0,100.0,80.0,,4.0,0.4875,4736.3875,17754784.975,376.0
7504,1001.0,21.0,1.0,100.0,80.0,,5.0,0.8,4737.1875,17759522.1625,376.0
7505,1001.0,21.0,1.0,100.0,80.0,,6.0,0.15,4737.3375,17764259.5,376.0
7506,1001.0,21.0,1.0,100.0,80.0,,7.0,1.1625,4738.5,17768998.0,376.0
7507,1001.0,21.0,1.0,100.0,80.0,,8.0,0.9,4739.4,17773737.4,376.0
7508,1001.0,21.0,1.0,100.0,80.0,,9.0,0.6125,4740.0125,17778477.4125,376.0
7509,1001.0,21.0,1.0,100.0,80.0,,10.0,0.7375,4740.75,17783218.1625,376.0
7510,1001.0,21.0,1.0,100.0,80.0,,11.0,1.05,4741.8,17787959.9625,376.0
7511,1001.0,21.0,1.0,100.0,80.0,,12.0,0.475,4742.275,17792702.2375,376.0
7512,1001.0,21.0,1.0,100.0,80.0,,13.0,0.0375,4742.3125,17797444.55,376.0
7513,1001.0,21.0,1.0,100.0,80.0,,14.0,0.275,4742.5875,17802187.1375,376.0
7514,1001.0,21.0,1.0,100.0,80.0,,15.0,1.175,4743.7625,17806930.9,376.0
7515,1001.0,21.0,1.0,100.0,80.0,,16.0,0.7625,4744.525,17811675.425,376.0
7516,1001.0,21.0,1.0,100.0,80.0,,17.0,0.275,4744.8,17816420.225,376.0
7517,1001.0,21.0,1.0,100.0,80.0,,18.0,0.675,4745.475,17821165.7,376.0
7518,1001.0,21.0,1.0,100.0,80.0,,19.0,0.675,4746.15,17825911.85,376.0
7519,1001.0,21.0,1.0,100.0,80.0,,20.0,0.3625,4746.5125,17830658.3625,376.0
7520,1001.0,21.0,1.0,100.0,80.0,,1.0,0.375,4746.8875,17835405.25,377.0
7521,1001.0,21.0,1.0,100.0,80.0,,2.0,1.075,4747.9625,17840153.2125,377.0
7522,1001.0,21.0,1.0,100.0,80.0,,3.0,0.2,4748.1625,17844901.375,377.0
7523,1001.0,21.0,1.0,100.0,80.0,,4.0,1.0625,4749.225,17849650.6,377.0
7524,1001.0,21.0,1.0,100.0,80.0,,5.0,0.85,4750.075,17854400.675,377.0
7525,1001.0,21.0,1.0,100.0,80.0,,6.0,0.1375,4750.2125,17859150.8875,377.0
7526,1001.0,21.0,1.0,100.0,80.0,,7.0,0.4625,4750.675,17863901.5625,377.0
7527,1001.0,21.0,1.0,100.0,80.0,,8.0,0.7375,4751.4125,17868652.975,377.0
7528,1001.0,21.0,1.0,100.0,80.0,,9.0,0.7125,4752.125,17873405.1,377.0
7529,1001.0,21.0,1.0,100.0,80.0,,10.0,0.4875,4752.6125,17878157.7125,377.0
7530,1001.0,21.0,1.0,100.0,80.0,,11.0,0.725,4753.3375,17882911.05,377.0
7531,1001.0,21.0,1.0,100.0,80.0,,12.0,0.6375,4753.975,17887665.025,377.0
7532,1001.0,21.0,1.0,100.0,80.0,,13.0,1.0,4754.975,17892420.0,377.0
7533,1001.0,21.0,1.0,100.0,80.0,,14.0,0.5,4755.475,17897175.475,377.0
7534,1001.0,21.0,1.0,100.0,80.0,,15.0,0.2,4755.675,17901931.15,377.0
7535,1001.0,21.0,1.0,100.0,80.0,,16.0,1.0375,4756.7125,17906687.8625,377.0
7536,1001.0,21.0,1.0,100.0,80.0,,17.0,0.525,4757.2375,17911445.1,377.0
7537,1001.0,21.0,1.0,100.0,80.0,,18.0,0.875,4758.1125,17916203.2125,377.0
7538,1001.0,21.0,1.0,100.0,80.0,,19.0,0.0875,4758.2,17920961.4125,377.0
7539,1001.0,21.0,1.0,100.0,80.0,,20.0,0.9125,4759.1125,17925720.525,377.0
7540,1001.0,21.0,1.0,100.0,80.0,,1.0,0.1875,4759.3,17930479.825,378.0
7541,1001.0,21.0,1.0,100.0,80.0,,2.0,0.1,4759.4,17935239.225,378.0
7542,1001.0,21.0,1.0,100.0,80.0,,3.0,1.075,4760.475,17939999.7,378.0
7543,1001.0,21.0,1.0,100.0,80.0,,4.0,1.1125,4761.5875,17944761.2875,378.0
7544,1001.0,21.0,1.0,100.0,80.0,,5.0,0.725,4762.3125,17949523.6,378.0
7545,1001.0,21.0,1.0,100.0,80.0,,6.0,0.85,4763.1625,17954286.7625,378.0
7546,1001.0,21.0,1.0,100.0,80.0,,7.0,0.675,4763.8375,17959050.6,378.0
7547,1001.0,21.0,1.0,100.0,80.0,,8.0,0.9625,4764.8,17963815.4,378.0
7548,1001.0,21.0,1.0,100.0,80.0,,9.0,0.375,4765.175,17968580.575,378.0
7549,1001.0,21.0,1.0,100.0,80.0,,10.0,0.8,4765.975,17973346.55,378.0
7550,1001.0,21.0,1.0,100.0,80.0,,11.0,0.075,4766.05,17978112.6,378.0
7551,1001.0,21.0,1.0,100.0,80.0,,12.0,0.875,4766.925,17982879.525,378.0
7552,1001.0,21.0,1.0,100.0,80.0,,13.0,0.125,4767.05,17987646.575,378.0
7553,1001.0,21.0,1.0,100.0,80.0,,14.0,0.8125,4767.8625,17992414.4375,378.0
7554,1001.0,21.0,1.0,100.0,80.0,,15.0,0.1375,4768.0,17997182.4375,378.0
7555,1001.0,21.0,1.0,100.0,80.0,,16.0,0.475,4768.475,18001950.9125,378.0
7556,1001.0,21.0,1.0,100.0,80.0,,17.0,0.15,4768.625,18006719.5375,378.0
7557,1001.0,21.0,1.0,100.0,80.0,,18.0,1.0625,4769.6875,18011489.225,378.0
7558,1001.0,21.0,1.0,100.0,80.0,,19.0,1.1,4770.7875,18016260.0125,378.0
7559,1001.0,21.0,1.0,100.0,80.0,,20.0,1.1875,4771.975,18021031.9875,378.0
7560,1001.0,21.0,1.0,100.0,80.0,,1.0,1.175,4773.15,18025805.1375,379.0
7561,1001.0,21.0,1.0,100.0,80.0,,2.0,0.6625,4773.8125,18030578.95,379.0
7562,1001.0,21.0,1.0,100.0,80.0,,3.0,0.075,4773.8875,18035352.8375,379.0
7563,1001.0,21.0,1.0,100.0,80.0,,4.0,0.7375,4774.625,18040127.4625,379.0
7564,1001.0,21.0,1.0,100.0,80.0,,5.0,1.2125,4775.8375,18044903.3,379.0
7565,1001.0,21.0,1.0,100.0,80.0,,6.0,0.775,4776.6125,18049679.9125,379.0
7566,1001.0,21.0,1.0,100.0,80.0,,7.0,0.35,4776.9625,18054456.875,379.0
7567,1001.0,21.0,1.0,100.0,80.0,,8.0,1.1625,4778.125,18059235.0,379.0
7568,1001.0,21.0,1.0,100.0,80.0,,9.0,0.1625,4778.2875,18064013.2875,379.0
7569,1001.0,21.0,1.0,100.0,80.0,,10.0,0.975,4779.2625,18068792.55,379.0
7570,1001.0,21.0,1.0,100.0,80.0,,11.0,0.8,4780.0625,18073572.6125,379.0
7571,1001.0,21.0,1.0,100.0,80.0,,12.0,0.275,4780.3375,18078352.95,379.0
7572,1001.0,21.0,1.0,100.0,80.0,,13.0,1.05,4781.3875,18083134.3375,379.0
7573,1001.0,21.0,1.0,100.0,80.0,,14.0,0.4625,4781.85,18087916.1875,379.0
7574,1001.0,21.0,1.0,100.0,80.0,,15.0,0.2125,4782.0625,18092698.25,379.0
7575,1001.0,21.0,1.0,100.0,80.0,,16.0,0.6625,4782.725,18097480.975,379.0
7576,1001.0,21.0,1.0,100.0,80.0,,17.0,0.4625,4783.1875,18102264.1625,379.0
7577,1001.0,21.0,1.0,100.0,80.0,,18.0,0.3,4783.4875,18107047.65,379.0
7578,1001.0,21.0,1.0,100.0,80.0,,19.0,0.45,4783.9375,18111831.5875,379.0
7579,1001.0,21.0,1.0,100.0,80.0,,20.0,0.2875,4784.225,18116615.8125,379.0
7580,1001.0,21.0,1.0,100.0,80.0,,1.0,0.5125,4784.7375,18121400.55,380.0
7581,1001.0,21.0,1.0,100.0,80.0,,2.0,0.8875,4785.625,18126186.175,380.0
7582,1001.0,21.0,1.0,100.0,80.0,,3.0,0.125,4785.75,18130971.925,380.0
7583,1001.0,21.0,1.0,100.0,80.0,,4.0,0.25,4786.0,18135757.925,380.0
7584,1001.0,21.0,1.0,100.0,80.0,,5.0,0.75,4786.75,18140544.675,380.0
7585,1001.0,21.0,1.0,100.0,80.0,,6.0,0.6625,4787.4125,18145332.0875,380.0
7586,1001.0,21.0,1.0,100.0,80.0,,7.0,0.2375,4787.65,18150119.7375,380.0
7587,1001.0,21.0,1.0,100.0,80.0,,8.0,0.1875,4787.8375,18154907.575,380.0
7588,1001.0,21.0,1.0,100.0,80.0,,9.0,0.1125,4787.95,18159695.525,380.0
7589,1001.0,21.0,1.0,100.0,80.0,,10.0,0.1,4788.05,18164483.575,380.0
7590,1001.0,21.0,1.0,100.0,80.0,,11.0,0.825,4788.875,18169272.45,380.0
7591,1001.0,21.0,1.0,100.0,80.0,,12.0,1.025,4789.9,18174062.35,380.0
7592,1001.0,21.0,1.0,100.0,80.0,,13.0,0.4,4790.3,18178852.65,380.0
7593,1001.0,21.0,1.0,100.0,80.0,,14.0,0.2625,4790.5625,18183643.2125,380.0
7594,1001.0,21.0,1.0,100.0,80.0,,15.0,0.1875,4790.75,18188433.9625,380.0
7595,1001.0,21.0,1.0,100.0,80.0,,16.0,0.6,4791.35,18193225.3125,380.0
7596,1001.0,21.0,1.0,100.0,80.0,,17.0,0.55,4791.9,18198017.2125,380.0
7597,1001.0,21.0,1.0,100.0,80.0,,18.0,0.25,4792.15,18202809.3625,380.0
7598,1001.0,21.0,1.0,100.0,80.0,,19.0,0.45,4792.6,18207601.9625,380.0
7599,1001.0,21.0,1.0,100.0,80.0,,20.0,1.025,4793.625,18212395.5875,380.0
7600,1001.0,21.0,1.0,100.0,80.0,,1.0,0.9,4794.525,18217190.1125,381.0
7601,1001.0,21.0,1.0,100.0,80.0,,2.0,0.4375,4794.9625,18221985.075,381.0
7602,1001.0,21.0,1.0,100.0,80.0,,3.0,0.9625,4795.925,18226781.0,381.0
7603,1001.0,21.0,1.0,100.0,80.0,,4.0,0.0375,4795.9625,18231576.9625,381.0
7604,1001.0,21.0,1.0,100.0,80.0,,5.0,0.2625,4796.225,18236373.1875,381.0
7605,1001.0,21.0,1.0,100.0,80.0,,6.0,1.1875,4797.4125,18241170.6,381.0
7606,1001.0,21.0,1.0,100.0,80.0,,7.0,1.1875,4798.6,18245969.2,381.0
7607,1001.0,21.0,1.0,100.0,80.0,,8.0,0.2625,4798.8625,18250768.0625,381.0
7608,1001.0,21.0,1.0,100.0,80.0,,9.0,1.1875,4800.05,18255568.1125,381.0
7609,1001.0,21.0,1.0,100.0,80.0,,10.0,0.1375,4800.1875,18260368.3,381.0
7610,1001.0,21.0,1.0,100.0,80.0,,11.0,0.2375,4800.425,18265168.725,381.0
7611,1001.0,21.0,1.0,100.0,80.0,,12.0,0.4125,4800.8375,18269969.5625,381.0
7612,1001.0,21.0,1.0,100.0,80.0,,13.0,0.275,4801.1125,18274770.675,381.0
7613,1001.0,21.0,1.0,100.0,80.0,,14.0,0.225,4801.3375,18279572.0125,381.0
7614,1001.0,21.0,1.0,100.0,80.0,,15.0,0.7,4802.0375,18284374.05,381.0
7615,1001.0,21.0,1.0,100.0,80.0,,16.0,0.4875,4802.525,18289176.575,381.0
7616,1001.0,21.0,1.0,100.0,80.0,,17.0,0.9375,4803.4625,18293980.0375,381.0
7617,1001.0,21.0,1.0,100.0,80.0,,18.0,0.8875,4804.35,18298784.3875,381.0
7618,1001.0,21.0,1.0,100.0,80.0,,19.0,1.0125,4805.3625,18303589.75,381.0
7619,1001.0,21.0,1.0,100.0,80.0,,20.0,0.35,4805.7125,18308395.4625,381.0
7620,1001.0,21.0,1.0,100.0,80.0,,1.0,1.1625,4806.875,18313202.3375,382.0
7621,1001.0,21.0,1.0,100.0,80.0,,2.0,0.6125,4807.4875,18318009.825,382.0
7622,1001.0,21.0,1.0,100.0,80.0,,3.0,0.4625,4807.95,18322817.775,382.0
7623,1001.0,21.0,1.0,100.0,80.0,,4.0,1.175,4809.125,18327626.9,382.0
7624,1001.0,21.0,1.0,100.0,80.0,,5.0,0.5125,4809.6375,18332436.5375,382.0
7625,1001.0,21.0,1.0,100.0,80.0,,6.0,0.2625,4809.9,18337246.4375,382.0
7626,1001.0,21.0,1.0,100.0,80.0,,7.0,0.4625,4810.3625,18342056.8,382.0
7627,1001.0,21.0,1.0,100.0,80.0,,8.0,0.925,4811.2875,18346868.0875,382.0
7628,1001.0,21.0,1.0,100.0,80.0,,9.0,1.0625,4812.35,18351680.4375,382.0
7629,1001.0,21.0,1.0,100.0,80.0,,10.0,0.5875,4812.9375,18356493.375,382.0
7630,1001.0,21.0,1.0,100.0,80.0,,11.0,0.8625,4813.8,18361307.175,382.0
7631,1001.0,21.0,1.0,100.0,80.0,,12.0,0.2875,4814.0875,18366121.2625,382.0
7632,1001.0,21.0,1.0,100.0,80.0,,13.0,0.225,4814.3125,18370935.575,382.0
7633,1001.0,21.0,1.0,100.0,80.0,,14.0,0.1,4814.4125,18375749.9875,382.0
7634,1001.0,21.0,1.0,100.0,80.0,,15.0,0.1,4814.5125,18380564.5,382.0
7635,1001.0,21.0,1.0,100.0,80.0,,16.0,0.2625,4814.775,18385379.275,382.0
7636,1001.0,21.0,1.0,100.0,80.0,,17.0,1.1375,4815.9125,18390195.1875,382.0
7637,1001.0,21.0,1.0,100.0,80.0,,18.0,0.85,4816.7625,18395011.95,382.0
7638,1001.0,21.0,1.0,100.0,80.0,,19.0,0.7,4817.4625,18399829.4125,382.0
7639,1001.0,21.0,1.0,100.0,80.0,,20.0,0.0875,4817.55,18404646.9625,382.0
7640,1001.0,21.0,1.0,100.0,80.0,,1.0,0.2375,4817.7875,18409464.75,383.0
7641,1001.0,21.0,1.0,100.0,80.0,,2.0,0.6125,4818.4,18414283.15,383.0
7642,1001.0,21.0,1.0,100.0,80.0,,3.0,0.15,4818.55,18419101.7,383.0
7643,1001.0,21.0,1.0,100.0,80.0,,4.0,0.65,4819.2,18423920.9,383.0
7644,1001.0,21.0,1.0,100.0,80.0,,5.0,0.9625,4820.1625,18428741.0625,383.0
7645,1001.0,21.0,1.0,100.0,80.0,,6.0,1.1,4821.2625,18433562.325,383.0
7646,1001.0,21.0,1.0,100.0,80.0,,7.0,0.3625,4821.625,18438383.95,383.0
7647,1001.0,21.0,1.0,100.0,80.0,,8.0,0.7,4822.325,18443206.275,383.0
7648,1001.0,21.0,1.0,100.0,80.0,,9.0,0.3875,4822.7125,18448028.9875,383.0
7649,1001.0,21.0,1.0,100.0,80.0,,10.0,0.95,4823.6625,18452852.65,383.0
7650,1001.0,21.0,1.0,100.0,80.0,,11.0,0.3375,4824.0,18457676.65,383.0
7651,1001.0,21.0,1.0,100.0,80.0,,12.0,0.55,4824.55,18462501.2,383.0
7652,1001.0,21.0,1.0,100.0,80.0,,13.0,0.7875,4825.3375,18467326.5375,383.0
7653,1001.0,21.0,1.0,100.0,80.0,,14.0,1.0375,4826.375,18472152.9125,383.0
7654,1001.0,21.0,1.0,100.0,80.0,,15.0,1.2375,4827.6125,18476980.525,383.0
7655,1001.0,21.0,1.0,100.0,80.0,,16.0,0.4,4828.0125,18481808.5375,383.0
7656,1001.0,21.0,1.0,100.0,80.0,,17.0,0.125,4828.1375,18486636.675,383.0
7657,1001.0,21.0,1.0,100.0,80.0,,18.0,1.05,4829.1875,18491465.8625,383.0
7658,1001.0,21.0,1.0,100.0,80.0,,19.0,0.35,4829.5375,18496295.4,383.0
7659,1001.0,21.0,1.0,100.0,80.0,,20.0,0.325,4829.8625,18501125.2625,383.0
7660,1001.0,21.0,1.0,100.0,80.0,,1.0,0.175,4830.0375,18505955.3,384.0
7661,1001.0,21.0,1.0,100.0,80.0,,2.0,0.725,4830.7625,18510786.0625,384.0
7662,1001.0,21.0,1.0,100.0,80.0,,3.0,0.1625,4830.925,18515616.9875,384.0
7663,1001.0,21.0,1.0,100.0,80.0,,4.0,0.325,4831.25,18520448.2375,384.0
7664,1001.0,21.0,1.0,100.0,80.0,,5.0,0.9375,4832.1875,18525280.425,384.0
7665,1001.0,21.0,1.0,100.0,80.0,,6.0,0.425,4832.6125,18530113.0375,384.0
7666,1001.0,21.0,1.0,100.0,80.0,,7.0,1.075,4833.6875,18534946.725,384.0
7667,1001.0,21.0,1.0,100.0,80.0,,8.0,0.8125,4834.5,18539781.225,384.0
7668,1001.0,21.0,1.0,100.0,80.0,,9.0,1.225,4835.725,18544616.95,384.0
7669,1001.0,21.0,1.0,100.0,80.0,,10.0,0.8,4836.525,18549453.475,384.0
7670,1001.0,21.0,1.0,100.0,80.0,,11.0,0.025,4836.55,18554290.025,384.0
7671,1001.0,21.0,1.0,100.0,80.0,,12.0,1.1875,4837.7375,18559127.7625,384.0
7672,1001.0,21.0,1.0,100.0,80.0,,13.0,0.1,4837.8375,18563965.6,384.0
7673,1001.0,21.0,1.0,100.0,80.0,,14.0,0.475,4838.3125,18568803.9125,384.0
7674,1001.0,21.0,1.0,100.0,80.0,,15.0,0.725,4839.0375,18573642.95,384.0
7675,1001.0,21.0,1.0,100.0,80.0,,16.0,0.7875,4839.825,18578482.775,384.0
7676,1001.0,21.0,1.0,100.0,80.0,,17.0,0.9125,4840.7375,18583323.5125,384.0
7677,1001.0,21.0,1.0,100.0,80.0,,18.0,0.9625,4841.7,18588165.2125,384.0
7678,1001.0,21.0,1.0,100.0,80.0,,19.0,0.825,4842.525,18593007.7375,384.0
7679,1001.0,21.0,1.0,100.0,80.0,,20.0,0.8125,4843.3375,18597851.075,384.0
7680,1001.0,21.0,1.0,100.0,80.0,,1.0,0.3,4843.6375,18602694.7125,385.0
7681,1001.0,21.0,1.0,100.0,80.0,,2.0,0.025,4843.6625,18607538.375,385.0
7682,1001.0,21.0,1.0,100.0,80.0,,3.0,0.6875,4844.35,18612382.725,385.0
7683,1001.0,21.0,1.0,100.0,80.0,,4.0,1.1125,4845.4625,18617228.1875,385.0
7684,1001.0,21.0,1.0,100.0,80.0,,5.0,0.8125,4846.275,18622074.4625,385.0
7685,1001.0,21.0,1.0,100.0,80.0,,6.0,0.65,4846.925,18626921.3875,385.0
7686,1001.0,21.0,1.0,100.0,80.0,,7.0,0.5,4847.425,18631768.8125,385.0
7687,1001.0,21.0,1.0,100.0,80.0,,8.0,0.6125,4848.0375,18636616.85,385.0
7688,1001.0,21.0,1.0,100.0,80.0,,9.0,0.375,4848.4125,18641465.2625,385.0
7689,1001.0,21.0,1.0,100.0,80.0,,10.0,0.975,4849.3875,18646314.65,385.0
7690,1001.0,21.0,1.0,100.0,80.0,,11.0,0.6,4849.9875,18651164.6375,385.0
7691,1001.0,21.0,1.0,100.0,80.0,,12.0,0.5375,4850.525,18656015.1625,385.0
7692,1001.0,21.0,1.0,100.0,80.0,,13.0,0.9875,4851.5125,18660866.675,385.0
7693,1001.0,21.0,1.0,100.0,80.0,,14.0,1.0125,4852.525,18665719.2,385.0
7694,1001.0,21.0,1.0,100.0,80.0,,15.0,0.8625,4853.3875,18670572.5875,385.0
7695,1001.0,21.0,1.0,100.0,80.0,,16.0,1.125,4854.5125,18675427.1,385.0
7696,1001.0,21.0,1.0,100.0,80.0,,17.0,0.3,4854.8125,18680281.9125,385.0
7697,1001.0,21.0,1.0,100.0,80.0,,18.0,0.95,4855.7625,18685137.675,385.0
7698,1001.0,21.0,1.0,100.0,80.0,,19.0,0.425,4856.1875,18689993.8625,385.0
7699,1001.0,21.0,1.0,100.0,80.0,,20.0,1.0125,4857.2,18694851.0625,385.0
7700,1001.0,21.0,1.0,100.0,80.0,,1.0,1.0625,4858.2625,18699709.325,386.0
7701,1001.0,21.0,1.0,100.0,80.0,,2.0,0.2,4858.4625,18704567.7875,386.0
7702,1001.0,21.0,1.0,100.0,80.0,,3.0,0.15,4858.6125,18709426.4,386.0
7703,1001.0,21.0,1.0,100.0,80.0,,4.0,0.225,4858.8375,18714285.2375,386.0
7704,1001.0,21.0,1.0,100.0,80.0,,5.0,0.8625,4859.7,18719144.9375,386.0
7705,1001.0,21.0,1.0,100.0,80.0,,6.0,0.525,4860.225,18724005.1625,386.0
7706,1001.0,21.0,1.0,100.0,80.0,,7.0,0.3,4860.525,18728865.6875,386.0
7707,1001.0,21.0,1.0,100.0,80.0,,8.0,0.0625,4860.5875,18733726.275,386.0
7708,1001.0,21.0,1.0,100.0,80.0,,9.0,0.5,4861.0875,18738587.3625,386.0
7709,1001.0,21.0,1.0,100.0,80.0,,10.0,0.35,4861.4375,18743448.8,386.0
7710,1001.0,21.0,1.0,100.0,80.0,,11.0,0.775,4862.2125,18748311.0125,386.0
7711,1001.0,21.0,1.0,100.0,80.0,,12.0,0.975,4863.1875,18753174.2,386.0
7712,1001.0,21.0,1.0,100.0,80.0,,13.0,0.9125,4864.1,18758038.3,386.0
7713,1001.0,21.0,1.0,100.0,80.0,,14.0,0.5125,4864.6125,18762902.9125,386.0
7714,1001.0,21.0,1.0,100.0,80.0,,15.0,0.55,4865.1625,18767768.075,386.0
7715,1001.0,21.0,1.0,100.0,80.0,,16.0,0.0625,4865.225,18772633.3,386.0
7716,1001.0,21.0,1.0,100.0,80.0,,17.0,1.0625,4866.2875,18777499.5875,386.0
7717,1001.0,21.0,1.0,100.0,80.0,,18.0,1.0875,4867.375,18782366.9625,386.0
7718,1001.0,21.0,1.0,100.0,80.0,,19.0,0.675,4868.05,18787235.0125,386.0
7719,1001.0,21.0,1.0,100.0,80.0,,20.0,0.075,4868.125,18792103.1375,386.0
7720,1001.0,21.0,1.0,100.0,80.0,,1.0,0.4625,4868.5875,18796971.725,387.0
7721,1001.0,21.0,1.0,100.0,80.0,,2.0,0.5375,4869.125,18801840.85,387.0
7722,1001.0,21.0,1.0,100.0,80.0,,3.0,0.15,4869.275,18806710.125,387.0
7723,1001.0,21.0,1.0,100.0,80.0,,4.0,0.3875,4869.6625,18811579.7875,387.0
7724,1001.0,21.0,1.0,100.0,80.0,,5.0,0.5,4870.1625,18816449.95,387.0
7725,1001.0,21.0,1.0,100.0,80.0,,6.0,0.3625,4870.525,18821320.475,387.0
7726,1001.0,21.0,1.0,100.0,80.0,,7.0,0.4375,4870.9625,18826191.4375,387.0
7727,1001.0,21.0,1.0,100.0,80.0,,8.0,1.0875,4872.05,18831063.4875,387.0
7728,1001.0,21.0,1.0,100.0,80.0,,9.0,0.975,4873.025,18835936.5125,387.0
7729,1001.0,21.0,1.0,100.0,80.0,,10.0,1.1875,4874.2125,18840810.725,387.0
7730,1001.0,21.0,1.0,100.0,80.0,,11.0,0.3875,4874.6,18845685.325,387.0
7731,1001.0,21.0,1.0,100.0,80.0,,12.0,0.8875,4875.4875,18850560.8125,387.0
7732,1001.0,21.0,1.0,100.0,80.0,,13.0,0.9,4876.3875,18855437.2,387.0
7733,1001.0,21.0,1.0,100.0,80.0,,14.0,0.475,4876.8625,18860314.0625,387.0
7734,1001.0,21.0,1.0,100.0,80.0,,15.0,0.15,4877.0125,18865191.075,387.0
7735,1001.0,21.0,1.0,100.0,80.0,,16.0,1.0375,4878.05,18870069.125,387.0
7736,1001.0,21.0,1.0,100.0,80.0,,17.0,0.3625,4878.4125,18874947.5375,387.0
7737,1001.0,21.0,1.0,100.0,80.0,,18.0,0.1375,4878.55,18879826.0875,387.0
7738,1001.0,21.0,1.0,100.0,80.0,,19.0,0.7125,4879.2625,18884705.35,387.0
7739,1001.0,21.0,1.0,100.0,80.0,,20.0,0.45,4879.7125,18889585.0625,387.0
7740,1001.0,21.0,1.0,100.0,80.0,,1.0,0.7625,4880.475,18894465.5375,388.0
7741,1001.0,21.0,1.0,100.0,80.0,,2.0,0.4625,4880.9375,18899346.475,388.0
7742,1001.0,21.0,1.0,100.0,80.0,,3.0,1.025,4881.9625,18904228.4375,388.0
7743,1001.0,21.0,1.0,100.0,80.0,,4.0,1.075,4883.0375,18909111.475,388.0
7744,1001.0,21.0,1.0,100.0,80.0,,5.0,0.6125,4883.65,18913995.125,388.0
7745,1001.0,21.0,1.0,100.0,80.0,,6.0,0.8,4884.45,18918879.575,388.0
7746,1001.0,21.0,1.0,100.0,80.0,,7.0,0.725,4885.175,18923764.75,388.0
7747,1001.0,21.0,1.0,100.0,80.0,,8.0,0.55,4885.725,18928650.475,388.0
7748,1001.0,21.0,1.0,100.0,80.0,,9.0,1.1375,4886.8625,18933537.3375,388.0
7749,1001.0,21.0,1.0,100.0,80.0,,10.0,1.0875,4887.95,18938425.2875,388.0
7750,1001.0,21.0,1.0,100.0,80.0,,11.0,1.1125,4889.0625,18943314.35,388.0
7751,1001.0,21.0,1.0,100.0,80.0,,12.0,0.6625,4889.725,18948204.075,388.0
7752,1001.0,21.0,1.0,100.0,80.0,,13.0,0.3125,4890.0375,18953094.1125,388.0
7753,1001.0,21.0,1.0,100.0,80.0,,14.0,0.4875,4890.525,18957984.6375,388.0
7754,1001.0,21.0,1.0,100.0,80.0,,15.0,0.0125,4890.5375,18962875.175,388.0
7755,1001.0,21.0,1.0,100.0,80.0,,16.0,1.025,4891.5625,18967766.7375,388.0
7756,1001.0,21.0,1.0,100.0,80.0,,17.0,0.1875,4891.75,18972658.4875,388.0
7757,1001.0,21.0,1.0,100.0,80.0,,18.0,1.2125,4892.9625,18977551.45,388.0
7758,1001.0,21.0,1.0,100.0,80.0,,19.0,0.5875,4893.55,18982445.0,388.0
7759,1001.0,21.0,1.0,100.0,80.0,,20.0,0.625,4894.175,18987339.175,388.0
7760,1001.0,21.0,1.0,100.0,80.0,,1.0,1.15,4895.325,18992234.5,389.0
7761,1001.0,21.0,1.0,100.0,80.0,,2.0,0.475,4895.8,18997130.3,389.0
7762,1001.0,21.0,1.0,100.0,80.0,,3.0,1.175,4896.975,19002027.275,389.0
7763,1001.0,21.0,1.0,100.0,80.0,,4.0,1.1,4898.075,19006925.35,389.0
7764,1001.0,21.0,1.0,100.0,80.0,,5.0,0.5375,4898.6125,19011823.9625,389.0
7765,1001.0,21.0,1.0,100.0,80.0,,6.0,1.075,4899.6875,19016723.65,389.0
7766,1001.0,21.0,1.0,100.0,80.0,,7.0,0.9375,4900.625,19021624.275,389.0
7767,1001.0,21.0,1.0,100.0,80.0,,8.0,0.4375,4901.0625,19026525.3375,389.0
7768,1001.0,21.0,1.0,100.0,80.0,,9.0,0.6,4901.6625,19031427.0,389.0
7769,1001.0,21.0,1.0,100.0,80.0,,10.0,0.9625,4902.625,19036329.625,389.0
7770,1001.0,21.0,1.0,100.0,80.0,,11.0,0.3375,4902.9625,19041232.5875,389.0
7771,1001.0,21.0,1.0,100.0,80.0,,12.0,1.2375,4904.2,19046136.7875,389.0
7772,1001.0,21.0,1.0,100.0,80.0,,13.0,0.4875,4904.6875,19051041.475,389.0
7773,1001.0,21.0,1.0,100.0,80.0,,14.0,0.775,4905.4625,19055946.9375,389.0
7774,1001.0,21.0,1.0,100.0,80.0,,15.0,1.1625,4906.625,19060853.5625,389.0
7775,1001.0,21.0,1.0,100.0,80.0,,16.0,1.1,4907.725,19065761.2875,389.0
7776,1001.0,21.0,1.0,100.0,80.0,,17.0,0.95,4908.675,19070669.9625,389.0
7777,1001.0,21.0,1.0,100.0,80.0,,18.0,0.7375,4909.4125,19075579.375,389.0
7778,1001.0,21.0,1.0,100.0,80.0,,19.0,0.525,4909.9375,19080489.3125,389.0
7779,1001.0,21.0,1.0,100.0,80.0,,20.0,1.1,4911.0375,19085400.35,389.0
7780,1001.0,21.0,1.0,100.0,80.0,,1.0,0.625,4911.6625,19090312.0125,390.0
7781,1001.0,21.0,1.0,100.0,80.0,,2.0,1.0875,4912.75,19095224.7625,390.0
7782,1001.0,21.0,1.0,100.0,80.0,,3.0,0.375,4913.125,19100137.8875,390.0
7783,1001.0,21.0,1.0,100.0,80.0,,4.0,0.8875,4914.0125,19105051.9,390.0
7784,1001.0,21.0,1.0,100.0,80.0,,5.0,0.2375,4914.25,19109966.15,390.0
7785,1001.0,21.0,1.0,100.0,80.0,,6.0,0.45,4914.7,19114880.85,390.0
7786,1001.0,21.0,1.0,100.0,80.0,,7.0,0.3875,4915.0875,19119795.9375,390.0
7787,1001.0,21.0,1.0,100.0,80.0,,8.0,0.3625,4915.45,19124711.3875,390.0
7788,1001.0,21.0,1.0,100.0,80.0,,9.0,0.525,4915.975,19129627.3625,390.0
7789,1001.0,21.0,1.0,100.0,80.0,,10.0,1.15,4917.125,19134544.4875,390.0
7790,1001.0,21.0,1.0,100.0,80.0,,11.0,0.2875,4917.4125,19139461.9,390.0
7791,1001.0,21.0,1.0,100.0,80.0,,12.0,0.15,4917.5625,19144379.4625,390.0
7792,1001.0,21.0,1.0,100.0,80.0,,13.0,0.525,4918.0875,19149297.55,390.0
7793,1001.0,21.0,1.0,100.0,80.0,,14.0,0.15,4918.2375,19154215.7875,390.0
7794,1001.0,21.0,1.0,100.0,80.0,,15.0,0.525,4918.7625,19159134.55,390.0
7795,1001.0,21.0,1.0,100.0,80.0,,16.0,0.4375,4919.2,19164053.75,390.0
7796,1001.0,21.0,1.0,100.0,80.0,,17.0,0.25,4919.45,19168973.2,390.0
7797,1001.0,21.0,1.0,100.0,80.0,,18.0,0.275,4919.725,19173892.925,390.0
7798,1001.0,21.0,1.0,100.0,80.0,,19.0,0.075,4919.8,19178812.725,390.0
7799,1001.0,21.0,1.0,100.0,80.0,,20.0,0.175,4919.975,19183732.7,390.0
7800,1001.0,21.0,1.0,100.0,80.0,,1.0,0.3125,4920.2875,19188652.9875,391.0
7801,1001.0,21.0,1.0,100.0,80.0,,2.0,0.6,4920.8875,19193573.875,391.0
7802,1001.0,21.0,1.0,100.0,80.0,,3.0,0.225,4921.1125,19198494.9875,391.0
7803,1001.0,21.0,1.0,100.0,80.0,,4.0,1.2,4922.3125,19203417.3,391.0
7804,1001.0,21.0,1.0,100.0,80.0,,5.0,0.7875,4923.1,19208340.4,391.0
7805,1001.0,21.0,1.0,100.0,80.0,,6.0,0.8,4923.9,19213264.3,391.0
7806,1001.0,21.0,1.0,100.0,80.0,,7.0,0.8,4924.7,19218189.0,391.0
7807,1001.0,21.0,1.0,100.0,80.0,,8.0,0.05,4924.75,19223113.75,391.0
7808,1001.0,21.0,1.0,100.0,80.0,,9.0,0.35,4925.1,19228038.85,391.0
7809,1001.0,21.0,1.0,100.0,80.0,,10.0,0.9125,4926.0125,19232964.8625,391.0
7810,1001.0,21.0,1.0,100.0,80.0,,11.0,0.1125,4926.125,19237890.9875,391.0
7811,1001.0,21.0,1.0,100.0,80.0,,12.0,1.1625,4927.2875,19242818.275,391.0
7812,1001.0,21.0,1.0,100.0,80.0,,13.0,0.7,4927.9875,19247746.2625,391.0
7813,1001.0,21.0,1.0,100.0,80.0,,14.0,0.3125,4928.3,19252674.5625,391.0
7814,1001.0,21.0,1.0,100.0,80.0,,15.0,0.7,4929.0,19257603.5625,391.0
7815,1001.0,21.0,1.0,100.0,80.0,,16.0,0.9625,4929.9625,19262533.525,391.0
7816,1001.0,21.0,1.0,100.0,80.0,,17.0,0.4625,4930.425,19267463.95,391.0
7817,1001.0,21.0,1.0,100.0,80.0,,18.0,1.1875,4931.6125,19272395.5625,391.0
7818,1001.0,21.0,1.0,100.0,80.0,,19.0,0.475,4932.0875,19277327.65,391.0
7819,1001.0,21.0,1.0,100.0,80.0,,20.0,0.5375,4932.625,19282260.275,391.0
7820,1001.0,21.0,1.0,100.0,80.0,,1.0,1.1375,4933.7625,19287194.0375,392.0
7821,1001.0,21.0,1.0,100.0,80.0,,2.0,0.0375,4933.8,19292127.8375,392.0
7822,1001.0,21.0,1.0,100.0,80.0,,3.0,0.6,4934.4,19297062.2375,392.0
7823,1001.0,21.0,1.0,100.0,80.0,,4.0,1.15,4935.55,19301997.7875,392.0
7824,1001.0,21.0,1.0,100.0,80.0,,5.0,0.2,4935.75,19306933.5375,392.0
7825,1001.0,21.0,1.0,100.0,80.0,,6.0,1.0875,4936.8375,19311870.375,392.0
7826,1001.0,21.0,1.0,100.0,80.0,,7.0,0.0125,4936.85,19316807.225,392.0
7827,1001.0,21.0,1.0,100.0,80.0,,8.0,0.225,4937.075,19321744.3,392.0
7828,1001.0,21.0,1.0,100.0,80.0,,9.0,0.2375,4937.3125,19326681.6125,392.0
7829,1001.0,21.0,1.0,100.0,80.0,,10.0,0.95,4938.2625,19331619.875,392.0
7830,1001.0,21.0,1.0,100.0,80.0,,11.0,0.0875,4938.35,19336558.225,392.0
7831,1001.0,21.0,1.0,100.0,80.0,,12.0,0.675,4939.025,19341497.25,392.0
7832,1001.0,21.0,1.0,100.0,80.0,,13.0,0.2125,4939.2375,19346436.4875,392.0
7833,1001.0,21.0,1.0,100.0,80.0,,14.0,0.1375,4939.375,19351375.8625,392.0
7834,1001.0,21.0,1.0,100.0,80.0,,15.0,1.0,4940.375,19356316.2375,392.0
7835,1001.0,21.0,1.0,100.0,80.0,,16.0,0.5,4940.875,19361257.1125,392.0
7836,1001.0,21.0,1.0,100.0,80.0,,17.0,1.2375,4942.1125,19366199.225,392.0
7837,1001.0,21.0,1.0,100.0,80.0,,18.0,0.2625,4942.375,19371141.6,392.0
7838,1001.0,21.0,1.0,100.0,80.0,,19.0,0.875,4943.25,19376084.85,392.0
7839,1001.0,21.0,1.0,100.0,80.0,,20.0,0.425,4943.675,19381028.525,392.0
7840,1001.0,21.0,1.0,100.0,80.0,,1.0,0.9875,4944.6625,19385973.1875,393.0
7841,1001.0,21.0,1.0,100.0,80.0,,2.0,0.2375,4944.9,19390918.0875,393.0
7842,1001.0,21.0,1.0,100.0,80.0,,3.0,0.7875,4945.6875,19395863.775,393.0
7843,1001.0,21.0,1.0,100.0,80.0,,4.0,0.675,4946.3625,19400810.1375,393.0
7844,1001.0,21.0,1.0,100.0,80.0,,5.0,1.0125,4947.375,19405757.5125,393.0
7845,1001.0,21.0,1.0,100.0,80.0,,6.0,0.925,4948.3,19410705.8125,393.0
7846,1001.0,21.0,1.0,100.0,80.0,,7.0,0.6625,4948.9625,19415654.775,393.0
7847,1001.0,21.0,1.0,100.0,80.0,,8.0,0.1375,4949.1,19420603.875,393.0
7848,1001.0,21.0,1.0,100.0,80.0,,9.0,1.1375,4950.2375,19425554.1125,393.0
7849,1001.0,21.0,1.0,100.0,80.0,,10.0,0.2125,4950.45,19430504.5625,393.0
7850,1001.0,21.0,1.0,100.0,80.0,,11.0,1.15,4951.6,19435456.1625,393.0
7851,1001.0,21.0,1.0,100.0,80.0,,12.0,1.1375,4952.7375,19440408.9,393.0
7852,1001.0,21.0,1.0,100.0,80.0,,13.0,1.175,4953.9125,19445362.8125,393.0
7853,1001.0,21.0,1.0,100.0,80.0,,14.0,0.3875,4954.3,19450317.1125,393.0
7854,1001.0,21.0,1.0,100.0,80.0,,15.0,0.6875,4954.9875,19455272.1,393.0
7855,1001.0,21.0,1.0,100.0,80.0,,16.0,0.675,4955.6625,19460227.7625,393.0
7856,1001.0,21.0,1.0,100.0,80.0,,17.0,0.9375,4956.6,19465184.3625,393.0
7857,1001.0,21.0,1.0,100.0,80.0,,18.0,0.175,4956.775,19470141.1375,393.0
7858,1001.0,21.0,1.0,100.0,80.0,,19.0,0.5375,4957.3125,19475098.45,393.0
7859,1001.0,21.0,1.0,100.0,80.0,,20.0,1.2375,4958.55,19480057.0,393.0
7860,1001.0,21.0,1.0,100.0,80.0,,1.0,0.1875,4958.7375,19485015.7375,394.0
7861,1001.0,21.0,1.0,100.0,80.0,,2.0,0.275,4959.0125,19489974.75,394.0
7862,1001.0,21.0,1.0,100.0,80.0,,3.0,0.5625,4959.575,19494934.325,394.0
7863,1001.0,21.0,1.0,100.0,80.0,,4.0,0.0875,4959.6625,19499893.9875,394.0
7864,1001.0,21.0,1.0,100.0,80.0,,5.0,0.6625,4960.325,19504854.3125,394.0
7865,1001.0,21.0,1.0,100.0,80.0,,6.0,0.6125,4960.9375,19509815.25,394.0
7866,1001.0,21.0,1.0,100.0,80.0,,7.0,1.2,4962.1375,19514777.3875,394.0
7867,1001.0,21.0,1.0,100.0,80.0,,8.0,1.05,4963.1875,19519740.575,394.0
7868,1001.0,21.0,1.0,100.0,80.0,,9.0,0.5125,4963.7,19524704.275,394.0
7869,1001.0,21.0,1.0,100.0,80.0,,10.0,1.125,4964.825,19529669.1,394.0
7870,1001.0,21.0,1.0,100.0,80.0,,11.0,0.55,4965.375,19534634.475,394.0
7871,1001.0,21.0,1.0,100.0,80.0,,12.0,0.375,4965.75,19539600.225,394.0
7872,1001.0,21.0,1.0,100.0,80.0,,13.0,0.275,4966.025,19544566.25,394.0
7873,1001.0,21.0,1.0,100.0,80.0,,14.0,0.825,4966.85,19549533.1,394.0
7874,1001.0,21.0,1.0,100.0,80.0,,15.0,0.575,4967.425,19554500.525,394.0
7875,1001.0,21.0,1.0,100.0,80.0,,16.0,0.9375,4968.3625,19559468.8875,394.0
7876,1001.0,21.0,1.0,100.0,80.0,,17.0,1.1375,4969.5,19564438.3875,394.0
7877,1001.0,21.0,1.0,100.0,80.0,,18.0,1.1875,4970.6875,19569409.075,394.0
7878,1001.0,21.0,1.0,100.0,80.0,,19.0,0.5625,4971.25,19574380.325,394.0
7879,1001.0,21.0,1.0,100.0,80.0,,20.0,0.7875,4972.0375,19579352.3625,394.0
7880,1001.0,21.0,1.0,100.0,80.0,,1.0,0.9875,4973.025,19584325.3875,395.0
7881,1001.0,21.0,1.0,100.0,80.0,,2.0,0.7875,4973.8125,19589299.2,395.0
7882,1001.0,21.0,1.0,100.0,80.0,,3.0,0.275,4974.0875,19594273.2875,395.0
7883,1001.0,21.0,1.0,100.0,80.0,,4.0,1.075,4975.1625,19599248.45,395.0
7884,1001.0,21.0,1.0,100.0,80.0,,5.0,0.7875,4975.95,19604224.4,395.0
7885,1001.0,21.0,1.0,100.0,80.0,,6.0,0.9125,4976.8625,19609201.2625,395.0
7886,1001.0,21.0,1.0,100.0,80.0,,7.0,0.6125,4977.475,19614178.7375,395.0
7887,1001.0,21.0,1.0,100.0,80.0,,8.0,0.6125,4978.0875,19619156.825,395.0
7888,1001.0,21.0,1.0,100.0,80.0,,9.0,0.1125,4978.2,19624135.025,395.0
7889,1001.0,21.0,1.0,100.0,80.0,,10.0,0.5,4978.7,19629113.725,395.0
7890,1001.0,21.0,1.0,100.0,80.0,,11.0,0.65,4979.35,19634093.075,395.0
7891,1001.0,21.0,1.0,100.0,80.0,,12.0,1.075,4980.425,19639073.5,395.0
7892,1001.0,21.0,1.0,100.0,80.0,,13.0,1.1375,4981.5625,19644055.0625,395.0
7893,1001.0,21.0,1.0,100.0,80.0,,14.0,0.875,4982.4375,19649037.5,395.0
7894,1001.0,21.0,1.0,100.0,80.0,,15.0,0.8625,4983.3,19654020.8,395.0
7895,1001.0,21.0,1.0,100.0,80.0,,16.0,0.6125,4983.9125,19659004.7125,395.0
7896,1001.0,21.0,1.0,100.0,80.0,,17.0,0.375,4984.2875,19663989.0,395.0
7897,1001.0,21.0,1.0,100.0,80.0,,18.0,1.1125,4985.4,19668974.4,395.0
7898,1001.0,21.0,1.0,100.0,80.0,,19.0,0.0375,4985.4375,19673959.8375,395.0
7899,1001.0,21.0,1.0,100.0,80.0,,20.0,0.4625,4985.9,19678945.7375,395.0
7900,1001.0,21.0,1.0,100.0,80.0,,1.0,0.425,4986.325,19683932.0625,396.0
7901,1001.0,21.0,1.0,100.0,80.0,,2.0,0.025,4986.35,19688918.4125,396.0
7902,1001.0,21.0,1.0,100.0,80.0,,3.0,0.2625,4986.6125,19693905.025,396.0
7903,1001.0,21.0,1.0,100.0,80.0,,4.0,0.05,4986.6625,19698891.6875,396.0
7904,1001.0,21.0,1.0,100.0,80.0,,5.0,0.35,4987.0125,19703878.7,396.0
7905,1001.0,21.0,1.0,100.0,80.0,,6.0,0.275,4987.2875,19708865.9875,396.0
7906,1001.0,21.0,1.0,100.0,80.0,,7.0,0.9,4988.1875,19713854.175,396.0
7907,1001.0,21.0,1.0,100.0,80.0,,8.0,1.225,4989.4125,19718843.5875,396.0
7908,1001.0,21.0,1.0,100.0,80.0,,9.0,0.075,4989.4875,19723833.075,396.0
7909,1001.0,21.0,1.0,100.0,80.0,,10.0,0.8625,4990.35,19728823.425,396.0
7910,1001.0,21.0,1.0,100.0,80.0,,11.0,0.55,4990.9,19733814.325,396.0
7911,1001.0,21.0,1.0,100.0,80.0,,12.0,1.125,4992.025,19738806.35,396.0
7912,1001.0,21.0,1.0,100.0,80.0,,13.0,1.225,4993.25,19743799.6,396.0
7913,1001.0,21.0,1.0,100.0,80.0,,14.0,0.1125,4993.3625,19748792.9625,396.0
7914,1001.0,21.0,1.0,100.0,80.0,,15.0,0.8125,4994.175,19753787.1375,396.0
7915,1001.0,21.0,1.0,100.0,80.0,,16.0,1.2125,4995.3875,19758782.525,396.0
7916,1001.0,21.0,1.0,100.0,80.0,,17.0,0.575,4995.9625,19763778.4875,396.0
7917,1001.0,21.0,1.0,100.0,80.0,,18.0,0.2125,4996.175,19768774.6625,396.0
7918,1001.0,21.0,1.0,100.0,80.0,,19.0,0.675,4996.85,19773771.5125,396.0
7919,1001.0,21.0,1.0,100.0,80.0,,20.0,0.8375,4997.6875,19778769.2,396.0
7920,1001.0,21.0,1.0,100.0,80.0,,1.0,0.025,4997.7125,19783766.9125,397.0
7921,1001.0,21.0,1.0,100.0,80.0,,2.0,0.525,4998.2375,19788765.15,397.0
7922,1001.0,21.0,1.0,100.0,80.0,,3.0,0.775,4999.0125,19793764.1625,397.0
7923,1001.0,21.0,1.0,100.0,80.0,,4.0,0.7375,4999.75,19798763.9125,397.0
7924,1001.0,21.0,1.0,100.0,80.0,,5.0,0.8,5000.55,19803764.4625,397.0
7925,1001.0,21.0,1.0,100.0,80.0,,6.0,0.45,5001.0,19808765.4625,397.0
7926,1001.0,21.0,1.0,100.0,80.0,,7.0,0.8625,5001.8625,19813767.325,397.0
7927,1001.0,21.0,1.0,100.0,80.0,,8.0,0.3,5002.1625,19818769.4875,397.0
7928,1001.0,21.0,1.0,100.0,80.0,,9.0,0.975,5003.1375,19823772.625,397.0
7929,1001.0,21.0,1.0,100.0,80.0,,10.0,0.5875,5003.725,19828776.35,397.0
7930,1001.0,21.0,1.0,100.0,80.0,,11.0,0.1625,5003.8875,19833780.2375,397.0
7931,1001.0,21.0,1.0,100.0,80.0,,12.0,0.5625,5004.45,19838784.6875,397.0
7932,1001.0,21.0,1.0,100.0,80.0,,13.0,0.675,5005.125,19843789.8125,397.0
7933,1001.0,21.0,1.0,100.0,80.0,,14.0,0.3875,5005.5125,19848795.325,397.0
7934,1001.0,21.0,1.0,100.0,80.0,,15.0,0.4125,5005.925,19853801.25,397.0
7935,1001.0,21.0,1.0,100.0,80.0,,16.0,0.4125,5006.3375,19858807.5875,397.0
7936,1001.0,21.0,1.0,100.0,80.0,,17.0,0.2875,5006.625,19863814.2125,397.0
7937,1001.0,21.0,1.0,100.0,80.0,,18.0,1.0875,5007.7125,19868821.925,397.0
7938,1001.0,21.0,1.0,100.0,80.0,,19.0,0.6875,5008.4,19873830.325,397.0
7939,1001.0,21.0,1.0,100.0,80.0,,20.0,0.5875,5008.9875,19878839.3125,397.0
7940,1001.0,21.0,1.0,100.0,80.0,,1.0,0.4375,5009.425,19883848.7375,398.0
7941,1001.0,21.0,1.0,100.0,80.0,,2.0,0.4625,5009.8875,19888858.625,398.0
7942,1001.0,21.0,1.0,100.0,80.0,,3.0,0.175,5010.0625,19893868.6875,398.0
7943,1001.0,21.0,1.0,100.0,80.0,,4.0,0.1875,5010.25,19898878.9375,398.0
7944,1001.0,21.0,1.0,100.0,80.0,,5.0,1.225,5011.475,19903890.4125,398.0
7945,1001.0,21.0,1.0,100.0,80.0,,6.0,0.9,5012.375,19908902.7875,398.0
7946,1001.0,21.0,1.0,100.0,80.0,,7.0,0.175,5012.55,19913915.3375,398.0
7947,1001.0,21.0,1.0,100.0,80.0,,8.0,1.0875,5013.6375,19918928.975,398.0
7948,1001.0,21.0,1.0,100.0,80.0,,9.0,0.1875,5013.825,19923942.8,398.0
7949,1001.0,21.0,1.0,100.0,80.0,,10.0,0.65,5014.475,19928957.275,398.0
7950,1001.0,21.0,1.0,100.0,80.0,,11.0,0.575,5015.05,19933972.325,398.0
7951,1001.0,21.0,1.0,100.0,80.0,,12.0,0.175,5015.225,19938987.55,398.0
7952,1001.0,21.0,1.0,100.0,80.0,,13.0,0.9,5016.125,19944003.675,398.0
7953,1001.0,21.0,1.0,100.0,80.0,,14.0,0.025,5016.15,19949019.825,398.0
7954,1001.0,21.0,1.0,100.0,80.0,,15.0,0.55,5016.7,19954036.525,398.0
7955,1001.0,21.0,1.0,100.0,80.0,,16.0,0.6875,5017.3875,19959053.9125,398.0
7956,1001.0,21.0,1.0,100.0,80.0,,17.0,0.3375,5017.725,19964071.6375,398.0
7957,1001.0,21.0,1.0,100.0,80.0,,18.0,1.1125,5018.8375,19969090.475,398.0
7958,1001.0,21.0,1.0,100.0,80.0,,19.0,0.7,5019.5375,19974110.0125,398.0
7959,1001.0,21.0,1.0,100.0,80.0,,20.0,1.225,5020.7625,19979130.775,398.0
7960,1001.0,21.0,1.0,100.0,80.0,,1.0,1.0875,5021.85,19984152.625,399.0
7961,1001.0,21.0,1.0,100.0,80.0,,2.0,1.2125,5023.0625,19989175.6875,399.0
7962,1001.0,21.0,1.0,100.0,80.0,,3.0,0.575,5023.6375,19994199.325,399.0
7963,1001.0,21.0,1.0,100.0,80.0,,4.0,1.0,5024.6375,19999223.9625,399.0
7964,1001.0,21.0,1.0,100.0,80.0,,5.0,0.5375,5025.175,20004249.1375,399.0
7965,1001.0,21.0,1.0,100.0,80.0,,6.0,0.275,5025.45,20009274.5875,399.0
7966,1001.0,21.0,1.0,100.0,80.0,,7.0,0.1875,5025.6375,20014300.225,399.0
7967,1001.0,21.0,1.0,100.0,80.0,,8.0,0.9875,5026.625,20019326.85,399.0
7968,1001.0,21.0,1.0,100.0,80.0,,9.0,0.55,5027.175,20024354.025,399.0
7969,1001.0,21.0,1.0,100.0,80.0,,10.0,0.925,5028.1,20029382.125,399.0
7970,1001.0,21.0,1.0,100.0,80.0,,11.0,1.0125,5029.1125,20034411.2375,399.0
7971,1001.0,21.0,1.0,100.0,80.0,,12.0,0.5125,5029.625,20039440.8625,399.0
7972,1001.0,21.0,1.0,100.0,80.0,,13.0,0.4375,5030.0625,20044470.925,399.0
7973,1001.0,21.0,1.0,100.0,80.0,,14.0,0.4125,5030.475,20049501.4,399.0
7974,1001.0,21.0,1.0,100.0,80.0,,15.0,0.6,5031.075,20054532.475,399.0
7975,1001.0,21.0,1.0,100.0,80.0,,16.0,0.4125,5031.4875,20059563.9625,399.0
7976,1001.0,21.0,1.0,100.0,80.0,,17.0,0.975,5032.4625,20064596.425,399.0
7977,1001.0,21.0,1.0,100.0,80.0,,18.0,0.25,5032.7125,20069629.1375,399.0
7978,1001.0,21.0,1.0,100.0,80.0,,19.0,1.125,5033.8375,20074662.975,399.0
7979,1001.0,21.0,1.0,100.0,80.0,,20.0,0.7625,5034.6,20079697.575,399.0
7980,1001.0,21.0,1.0,100.0,80.0,,1.0,0.825,5035.425,20084733.0,400.0
7981,1001.0,21.0,1.0,100.0,80.0,,2.0,1.15,5036.575,20089769.575,400.0
7982,1001.0,21.0,1.0,100.0,80.0,,3.0,0.35,5036.925,20094806.5,400.0
7983,1001.0,21.0,1.0,100.0,80.0,,4.0,1.0875,5038.0125,20099844.5125,400.0
7984,1001.0,21.0,1.0,100.0,80.0,,5.0,0.75,5038.7625,20104883.275,400.0
7985,1001.0,21.0,1.0,100.0,80.0,,6.0,1.0,5039.7625,20109923.0375,400.0
7986,1001.0,21.0,1.0,100.0,80.0,,7.0,0.3,5040.0625,20114963.1,400.0
7987,1001.0,21.0,1.0,100.0,80.0,,8.0,0.6625,5040.725,20120003.825,400.0
7988,1001.0,21.0,1.0,100.0,80.0,,9.0,0.7625,5041.4875,20125045.3125,400.0
7989,1001.0,21.0,1.0,100.0,80.0,,10.0,0.4625,5041.95,20130087.2625,400.0
7990,1001.0,21.0,1.0,100.0,80.0,,11.0,0.8875,5042.8375,20135130.1,400.0
7991,1001.0,21.0,1.0,100.0,80.0,,12.0,0.3625,5043.2,20140173.3,400.0
7992,1001.0,21.0,1.0,100.0,80.0,,13.0,1.0625,5044.2625,20145217.5625,400.0
7993,1001.0,21.0,1.0,100.0,80.0,,14.0,1.2375,5045.5,20150263.0625,400.0
7994,1001.0,21.0,1.0,100.0,80.0,,15.0,0.6875,5046.1875,20155309.25,400.0
7995,1001.0,21.0,1.0,100.0,80.0,,16.0,1.125,5047.3125,20160356.5625,400.0
7996,1001.0,21.0,1.0,100.0,80.0,,17.0,0.65,5047.9625,20165404.525,400.0
7997,1001.0,21.0,1.0,100.0,80.0,,18.0,0.6,5048.5625,20170453.0875,400.0
7998,1001.0,21.0,1.0,100.0,80.0,,19.0,0.7875,5049.35,20175502.4375,400.0
7999,1001.0,21.0,1.0,100.0,80.0,,20.0,0.9625,5050.3125,20180552.75,400.0
8000,1001.0,21.0,1.0,100.0,80.0,,1.0,0.1125,5050.425,20185603.175,401.0
8001,1001.0,21.0,1.0,100.0,80.0,,2.0,0.9875,5051.4125,20190654.5875,401.0
8002,1001.0,21.0,1.0,100.0,80.0,,3.0,0.9,5052.3125,20195706.9,401.0
8003,1001.0,21.0,1.0,100.0,80.0,,4.0,0.075,5052.3875,20200759.2875,401.0
8004,1001.0,21.0,1.0,100.0,80.0,,5.0,1.0875,5053.475,20205812.7625,401.0
8005,1001.0,21.0,1.0,100.0,80.0,,6.0,0.225,5053.7,20210866.4625,401.0
8006,1001.0,21.0,1.0,100.0,80.0,,7.0,0.4,5054.1,20215920.5625,401.0
8007,1001.0,21.0,1.0,100.0,80.0,,8.0,0.425,5054.525,20220975.0875,401.0
8008,1001.0,21.0,1.0,100.0,80.0,,9.0,0.3125,5054.8375,20226029.925,401.0
8009,1001.0,21.0,1.0,100.0,80.0,,10.0,1.1,5055.9375,20231085.8625,401.0
8010,1001.0,21.0,1.0,100.0,80.0,,11.0,1.1625,5057.1,20236142.9625,401.0
8011,1001.0,21.0,1.0,100.0,80.0,,12.0,0.8375,5057.9375,20241200.9,401.0
8012,1001.0,21.0,1.0,100.0,80.0,,13.0,0.2125,5058.15,20246259.05,401.0
8013,1001.0,21.0,1.0,100.0,80.0,,14.0,0.075,5058.225,20251317.275,401.0
8014,1001.0,21.0,1.0,100.0,80.0,,15.0,0.4125,5058.6375,20256375.9125,401.0
8015,1001.0,21.0,1.0,100.0,80.0,,16.0,0.875,5059.5125,20261435.425,401.0
8016,1001.0,21.0,1.0,100.0,80.0,,17.0,0.05,5059.5625,20266494.9875,401.0
8017,1001.0,21.0,1.0,100.0,80.0,,18.0,0.5125,5060.075,20271555.0625,401.0
8018,1001.0,21.0,1.0,100.0,80.0,,19.0,0.9,5060.975,20276616.0375,401.0
8019,1001.0,21.0,1.0,100.0,80.0,,20.0,1.0625,5062.0375,20281678.075,401.0
8020,1001.0,21.0,1.0,100.0,80.0,,1.0,0.35,5062.3875,20286740.4625,402.0
8021,1001.0,21.0,1.0,100.0,80.0,,2.0,0.05,5062.4375,20291802.9,402.0
8022,1001.0,21.0,1.0,100.0,80.0,,3.0,1.0875,5063.525,20296866.425,402.0
8023,1001.0,21.0,1.0,100.0,80.0,,4.0,1.175,5064.7,20301931.125,402.0
8024,1001.0,21.0,1.0,100.0,80.0,,5.0,0.725,5065.425,20306996.55,402.0
8025,1001.0,21.0,1.0,100.0,80.0,,6.0,0.1875,5065.6125,20312062.1625,402.0
8026,1001.0,21.0,1.0,100.0,80.0,,7.0,0.8125,5066.425,20317128.5875,402.0
8027,1001.0,21.0,1.0,100.0,80.0,,8.0,0.65,5067.075,20322195.6625,402.0
8028,1001.0,21.0,1.0,100.0,80.0,,9.0,0.575,5067.65,20327263.3125,402.0
8029,1001.0,21.0,1.0,100.0,80.0,,10.0,0.9125,5068.5625,20332331.875,402.0
8030,1001.0,21.0,1.0,100.0,80.0,,11.0,0.175,5068.7375,20337400.6125,402.0
8031,1001.0,21.0,1.0,100.0,80.0,,12.0,0.7375,5069.475,20342470.0875,402.0
8032,1001.0,21.0,1.0,100.0,80.0,,13.0,0.15,5069.625,20347539.7125,402.0
8033,1001.0,21.0,1.0,100.0,80.0,,14.0,0.575,5070.2,20352609.9125,402.0
8034,1001.0,21.0,1.0,100.0,80.0,,15.0,0.4625,5070.6625,20357680.575,402.0
8035,1001.0,21.0,1.0,100.0,80.0,,16.0,1.1375,5071.8,20362752.375,402.0
8036,1001.0,21.0,1.0,100.0,80.0,,17.0,1.0625,5072.8625,20367825.2375,402.0
8037,1001.0,21.0,1.0,100.0,80.0,,18.0,0.275,5073.1375,20372898.375,402.0
8038,1001.0,21.0,1.0,100.0,80.0,,19.0,0.475,5073.6125,20377971.9875,402.0
8039,1001.0,21.0,1.0,100.0,80.0,,20.0,0.3125,5073.925,20383045.9125,402.0
8040,1001.0,21.0,1.0,100.0,80.0,,1.0,0.875,5074.8,20388120.7125,403.0
8041,1001.0,21.0,1.0,100.0,80.0,,2.0,0.85,5075.65,20393196.3625,403.0
8042,1001.0,21.0,1.0,100.0,80.0,,3.0,0.2875,5075.9375,20398272.3,403.0
8043,1001.0,21.0,1.0,100.0,80.0,,4.0,1.025,5076.9625,20403349.2625,403.0
8044,1001.0,21.0,1.0,100.0,80.0,,5.0,1.0125,5077.975,20408427.2375,403.0
8045,1001.0,21.0,1.0,100.0,80.0,,6.0,1.05,5079.025,20413506.2625,403.0
8046,1001.0,21.0,1.0,100.0,80.0,,7.0,0.4375,5079.4625,20418585.725,403.0
8047,1001.0,21.0,1.0,100.0,80.0,,8.0,0.7375,5080.2,20423665.925,403.0
8048,1001.0,21.0,1.0,100.0,80.0,,9.0,0.575,5080.775,20428746.7,403.0
8049,1001.0,21.0,1.0,100.0,80.0,,10.0,0.025,5080.8,20433827.5,403.0
8050,1001.0,21.0,1.0,100.0,80.0,,11.0,0.575,5081.375,20438908.875,403.0
8051,1001.0,21.0,1.0,100.0,80.0,,12.0,1.125,5082.5,20443991.375,403.0
8052,1001.0,21.0,1.0,100.0,80.0,,13.0,1.075,5083.575,20449074.95,403.0
8053,1001.0,21.0,1.0,100.0,80.0,,14.0,0.8375,5084.4125,20454159.3625,403.0
8054,1001.0,21.0,1.0,100.0,80.0,,15.0,0.725,5085.1375,20459244.5,403.0
8055,1001.0,21.0,1.0,100.0,80.0,,16.0,1.05,5086.1875,20464330.6875,403.0
8056,1001.0,21.0,1.0,100.0,80.0,,17.0,0.425,5086.6125,20469417.3,403.0
8057,1001.0,21.0,1.0,100.0,80.0,,18.0,0.8375,5087.45,20474504.75,403.0
8058,1001.0,21.0,1.0,100.0,80.0,,19.0,0.7125,5088.1625,20479592.9125,403.0
8059,1001.0,21.0,1.0,100.0,80.0,,20.0,0.9125,5089.075,20484681.9875,403.0
8060,1001.0,21.0,1.0,100.0,80.0,,1.0,0.3,5089.375,20489771.3625,404.0
8061,1001.0,21.0,1.0,100.0,80.0,,2.0,0.875,5090.25,20494861.6125,404.0
8062,1001.0,21.0,1.0,100.0,80.0,,3.0,0.05,5090.3,20499951.9125,404.0
8063,1001.0,21.0,1.0,100.0,80.0,,4.0,0.075,5090.375,20505042.2875,404.0
8064,1001.0,21.0,1.0,100.0,80.0,,5.0,1.1625,5091.5375,20510133.825,404.0
8065,1001.0,21.0,1.0,100.0,80.0,,6.0,0.65,5092.1875,20515226.0125,404.0
8066,1001.0,21.0,1.0,100.0,80.0,,7.0,0.7375,5092.925,20520318.9375,404.0
8067,1001.0,21.0,1.0,100.0,80.0,,8.0,1.05,5093.975,20525412.9125,404.0
8068,1001.0,21.0,1.0,100.0,80.0,,9.0,0.775,5094.75,20530507.6625,404.0
8069,1001.0,21.0,1.0,100.0,80.0,,10.0,0.7875,5095.5375,20535603.2,404.0
8070,1001.0,21.0,1.0,100.0,80.0,,11.0,0.7,5096.2375,20540699.4375,404.0
8071,1001.0,21.0,1.0,100.0,80.0,,12.0,0.325,5096.5625,20545796.0,404.0
8072,1001.0,21.0,1.0,100.0,80.0,,13.0,0.45,5097.0125,20550893.0125,404.0
8073,1001.0,21.0,1.0,100.0,80.0,,14.0,1.0625,5098.075,20555991.0875,404.0
8074,1001.0,21.0,1.0,100.0,80.0,,15.0,0.925,5099.0,20561090.0875,404.0
8075,1001.0,21.0,1.0,100.0,80.0,,16.0,0.5875,5099.5875,20566189.675,404.0
8076,1001.0,21.0,1.0,100.0,80.0,,17.0,0.5125,5100.1,20571289.775,404.0
8077,1001.0,21.0,1.0,100.0,80.0,,18.0,1.2375,5101.3375,20576391.1125,404.0
8078,1001.0,21.0,1.0,100.0,80.0,,19.0,0.0375,5101.375,20581492.4875,404.0
8079,1001.0,21.0,1.0,100.0,80.0,,20.0,0.95,5102.325,20586594.8125,404.0
8080,1001.0,21.0,1.0,100.0,80.0,,1.0,0.6625,5102.9875,20591697.8,405.0
8081,1001.0,21.0,1.0,100.0,80.0,,2.0,0.375,5103.3625,20596801.1625,405.0
8082,1001.0,21.0,1.0,100.0,80.0,,3.0,0.2625,5103.625,20601904.7875,405.0
8083,1001.0,21.0,1.0,100.0,80.0,,4.0,0.05,5103.675,20607008.4625,405.0
8084,1001.0,21.0,1.0,100.0,80.0,,5.0,0.1625,5103.8375,20612112.3,405.0
8085,1001.0,21.0,1.0,100.0,80.0,,6.0,1.2,5105.0375,20617217.3375,405.0
8086,1001.0,21.0,1.0,100.0,80.0,,7.0,0.2,5105.2375,20622322.575,405.0
8087,1001.0,21.0,1.0,100.0,80.0,,8.0,0.65,5105.8875,20627428.4625,405.0
8088,1001.0,21.0,1.0,100.0,80.0,,9.0,0.975,5106.8625,20632535.325,405.0
8089,1001.0,21.0,1.0,100.0,80.0,,10.0,0.8375,5107.7,20637643.025,405.0
8090,1001.0,21.0,1.0,100.0,80.0,,11.0,1.1125,5108.8125,20642751.8375,405.0
8091,1001.0,21.0,1.0,100.0,80.0,,12.0,0.425,5109.2375,20647861.075,405.0
8092,1001.0,21.0,1.0,100.0,80.0,,13.0,0.75,5109.9875,20652971.0625,405.0
8093,1001.0,21.0,1.0,100.0,80.0,,14.0,0.4625,5110.45,20658081.5125,405.0
8094,1001.0,21.0,1.0,100.0,80.0,,15.0,0.35,5110.8,20663192.3125,405.0
8095,1001.0,21.0,1.0,100.0,80.0,,16.0,0.5,5111.3,20668303.6125,405.0
8096,1001.0,21.0,1.0,100.0,80.0,,17.0,0.85,5112.15,20673415.7625,405.0
8097,1001.0,21.0,1.0,100.0,80.0,,18.0,0.5875,5112.7375,20678528.5,405.0
8098,1001.0,21.0,1.0,100.0,80.0,,19.0,0.4,5113.1375,20683641.6375,405.0
8099,1001.0,21.0,1.0,100.0,80.0,,20.0,0.0625,5113.2,20688754.8375,405.0
8100,1001.0,21.0,1.0,100.0,80.0,,1.0,0.65,5113.85,20693868.6875,406.0
8101,1001.0,21.0,1.0,100.0,80.0,,2.0,1.175,5115.025,20698983.7125,406.0
8102,1001.0,21.0,1.0,100.0,80.0,,3.0,0.075,5115.1,20704098.8125,406.0
8103,1001.0,21.0,1.0,100.0,80.0,,4.0,1.1875,5116.2875,20709215.1,406.0
8104,1001.0,21.0,1.0,100.0,80.0,,5.0,0.575,5116.8625,20714331.9625,406.0
8105,1001.0,21.0,1.0,100.0,80.0,,6.0,0.45,5117.3125,20719449.275,406.0
8106,1001.0,21.0,1.0,100.0,80.0,,7.0,1.1625,5118.475,20724567.75,406.0
8107,1001.0,21.0,1.0,100.0,80.0,,8.0,0.4,5118.875,20729686.625,406.0
8108,1001.0,21.0,1.0,100.0,80.0,,9.0,1.025,5119.9,20734806.525,406.0
8109,1001.0,21.0,1.0,100.0,80.0,,10.0,0.1375,5120.0375,20739926.5625,406.0
8110,1001.0,21.0,1.0,100.0,80.0,,11.0,0.75,5120.7875,20745047.35,406.0
8111,1001.0,21.0,1.0,100.0,80.0,,12.0,1.1,5121.8875,20750169.2375,406.0
8112,1001.0,21.0,1.0,100.0,80.0,,13.0,1.125,5123.0125,20755292.25,406.0
8113,1001.0,21.0,1.0,100.0,80.0,,14.0,0.9125,5123.925,20760416.175,406.0
8114,1001.0,21.0,1.0,100.0,80.0,,15.0,0.475,5124.4,20765540.575,406.0
8115,1001.0,21.0,1.0,100.0,80.0,,16.0,0.5875,5124.9875,20770665.5625,406.0
8116,1001.0,21.0,1.0,100.0,80.0,,17.0,0.225,5125.2125,20775790.775,406.0
8117,1001.0,21.0,1.0,100.0,80.0,,18.0,0.05,5125.2625,20780916.0375,406.0
8118,1001.0,21.0,1.0,100.0,80.0,,19.0,0.0625,5125.325,20786041.3625,406.0
8119,1001.0,21.0,1.0,100.0,80.0,,20.0,1.125,5126.45,20791167.8125,406.0
8120,1001.0,21.0,1.0,100.0,80.0,,1.0,1.0625,5127.5125,20796295.325,407.0
8121,1001.0,21.0,1.0,100.0,80.0,,2.0,1.1625,5128.675,20801424.0,407.0
8122,1001.0,21.0,1.0,100.0,80.0,,3.0,1.0,5129.675,20806553.675,407.0
8123,1001.0,21.0,1.0,100.0,80.0,,4.0,1.1375,5130.8125,20811684.4875,407.0
8124,1001.0,21.0,1.0,100.0,80.0,,5.0,0.7,5131.5125,20816816.0,407.0
8125,1001.0,21.0,1.0,100.0,80.0,,6.0,0.025,5131.5375,20821947.5375,407.0
8126,1001.0,21.0,1.0,100.0,80.0,,7.0,0.175,5131.7125,20827079.25,407.0
8127,1001.0,21.0,1.0,100.0,80.0,,8.0,0.575,5132.2875,20832211.5375,407.0
8128,1001.0,21.0,1.0,100.0,80.0,,9.0,0.2375,5132.525,20837344.0625,407.0
8129,1001.0,21.0,1.0,100.0,80.0,,10.0,0.5,5133.025,20842477.0875,407.0
8130,1001.0,21.0,1.0,100.0,80.0,,11.0,0.7125,5133.7375,20847610.825,407.0
8131,1001.0,21.0,1.0,100.0,80.0,,12.0,0.3875,5134.125,20852744.95,407.0
8132,1001.0,21.0,1.0,100.0,80.0,,13.0,0.25,5134.375,20857879.325,407.0
8133,1001.0,21.0,1.0,100.0,80.0,,14.0,0.45,5134.825,20863014.15,407.0
8134,1001.0,21.0,1.0,100.0,80.0,,15.0,1.1,5135.925,20868150.075,407.0
8135,1001.0,21.0,1.0,100.0,80.0,,16.0,1.0125,5136.9375,20873287.0125,407.0
8136,1001.0,21.0,1.0,100.0,80.0,,17.0,0.4875,5137.425,20878424.4375,407.0
8137,1001.0,21.0,1.0,100.0,80.0,,18.0,0.125,5137.55,20883561.9875,407.0
8138,1001.0,21.0,1.0,100.0,80.0,,19.0,1.1875,5138.7375,20888700.725,407.0
8139,1001.0,21.0,1.0,100.0,80.0,,20.0,1.2,5139.9375,20893840.6625,407.0
8140,1001.0,21.0,1.0,100.0,80.0,,1.0,0.5,5140.4375,20898981.1,408.0
8141,1001.0,21.0,1.0,100.0,80.0,,2.0,0.25,5140.6875,20904121.7875,408.0
8142,1001.0,21.0,1.0,100.0,80.0,,3.0,0.4625,5141.15,20909262.9375,408.0
8143,1001.0,21.0,1.0,100.0,80.0,,4.0,0.125,5141.275,20914404.2125,408.0
8144,1001.0,21.0,1.0,100.0,80.0,,5.0,0.7375,5142.0125,20919546.225,408.0
8145,1001.0,21.0,1.0,100.0,80.0,,6.0,0.5875,5142.6,20924688.825,408.0
8146,1001.0,21.0,1.0,100.0,80.0,,7.0,0.4125,5143.0125,20929831.8375,408.0
8147,1001.0,21.0,1.0,100.0,80.0,,8.0,1.1875,5144.2,20934976.0375,408.0
8148,1001.0,21.0,1.0,100.0,80.0,,9.0,0.35,5144.55,20940120.5875,408.0
8149,1001.0,21.0,1.0,100.0,80.0,,10.0,0.6125,5145.1625,20945265.75,408.0
8150,1001.0,21.0,1.0,100.0,80.0,,11.0,0.4375,5145.6,20950411.35,408.0
8151,1001.0,21.0,1.0,100.0,80.0,,12.0,1.1875,5146.7875,20955558.1375,408.0
8152,1001.0,21.0,1.0,100.0,80.0,,13.0,1.05,5147.8375,20960705.975,408.0
8153,1001.0,21.0,1.0,100.0,80.0,,14.0,0.65,5148.4875,20965854.4625,408.0
8154,1001.0,21.0,1.0,100.0,80.0,,15.0,0.4625,5148.95,20971003.4125,408.0
8155,1001.0,21.0,1.0,100.0,80.0,,16.0,1.1625,5150.1125,20976153.525,408.0
8156,1001.0,21.0,1.0,100.0,80.0,,17.0,1.1375,5151.25,20981304.775,408.0
8157,1001.0,21.0,1.0,100.0,80.0,,18.0,0.0625,5151.3125,20986456.0875,408.0
8158,1001.0,21.0,1.0,100.0,80.0,,19.0,0.4125,5151.725,20991607.8125,408.0
8159,1001.0,21.0,1.0,100.0,80.0,,20.0,1.175,5152.9,20996760.7125,408.0
8160,1001.0,21.0,1.0,100.0,80.0,,1.0,0.5125,5153.4125,21001914.125,409.0
8161,1001.0,21.0,1.0,100.0,80.0,,2.0,0.8,5154.2125,21007068.3375,409.0
8162,1001.0,21.0,1.0,100.0,80.0,,3.0,0.7375,5154.95,21012223.2875,409.0
8163,1001.0,21.0,1.0,100.0,80.0,,4.0,0.9125,5155.8625,21017379.15,409.0
8164,1001.0,21.0,1.0,100.0,80.0,,5.0,0.5625,5156.425,21022535.575,409.0
8165,1001.0,21.0,1.0,100.0,80.0,,6.0,0.375,5156.8,21027692.375,409.0
8166,1001.0,21.0,1.0,100.0,80.0,,7.0,0.5375,5157.3375,21032849.7125,409.0
8167,1001.0,21.0,1.0,100.0,80.0,,8.0,0.9875,5158.325,21038008.0375,409.0
8168,1001.0,21.0,1.0,100.0,80.0,,9.0,0.35,5158.675,21043166.7125,409.0
8169,1001.0,21.0,1.0,100.0,80.0,,10.0,0.4125,5159.0875,21048325.8,409.0
8170,1001.0,21.0,1.0,100.0,80.0,,11.0,0.3375,5159.425,21053485.225,409.0
8171,1001.0,21.0,1.0,100.0,80.0,,12.0,0.2125,5159.6375,21058644.8625,409.0
8172,1001.0,21.0,1.0,100.0,80.0,,13.0,0.375,5160.0125,21063804.875,409.0
8173,1001.0,21.0,1.0,100.0,80.0,,14.0,1.0875,5161.1,21068965.975,409.0
8174,1001.0,21.0,1.0,100.0,80.0,,15.0,0.6625,5161.7625,21074127.7375,409.0
8175,1001.0,21.0,1.0,100.0,80.0,,16.0,0.0625,5161.825,21079289.5625,409.0
8176,1001.0,21.0,1.0,100.0,80.0,,17.0,0.0125,5161.8375,21084451.4,409.0
8177,1001.0,21.0,1.0,100.0,80.0,,18.0,1.1875,5163.025,21089614.425,409.0
8178,1001.0,21.0,1.0,100.0,80.0,,19.0,1.025,5164.05,21094778.475,409.0
8179,1001.0,21.0,1.0,100.0,80.0,,20.0,1.225,5165.275,21099943.75,409.0
8180,1001.0,21.0,1.0,100.0,80.0,,1.0,0.6625,5165.9375,21105109.6875,410.0
8181,1001.0,21.0,1.0,100.0,80.0,,2.0,0.975,5166.9125,21110276.6,410.0
8182,1001.0,21.0,1.0,100.0,80.0,,3.0,0.1,5167.0125,21115443.6125,410.0
8183,1001.0,21.0,1.0,100.0,80.0,,4.0,0.3125,5167.325,21120610.9375,410.0
8184,1001.0,21.0,1.0,100.0,80.0,,5.0,0.5625,5167.8875,21125778.825,410.0
8185,1001.0,21.0,1.0,100.0,80.0,,6.0,0.1,5167.9875,21130946.8125,410.0
8186,1001.0,21.0,1.0,100.0,80.0,,7.0,1.025,5169.0125,21136115.825,410.0
8187,1001.0,21.0,1.0,100.0,80.0,,8.0,1.175,5170.1875,21141286.0125,410.0
8188,1001.0,21.0,1.0,100.0,80.0,,9.0,0.9625,5171.15,21146457.1625,410.0
8189,1001.0,21.0,1.0,100.0,80.0,,10.0,0.2125,5171.3625,21151628.525,410.0
8190,1001.0,21.0,1.0,100.0,80.0,,11.0,0.9125,5172.275,21156800.8,410.0
8191,1001.0,21.0,1.0,100.0,80.0,,12.0,0.2875,5172.5625,21161973.3625,410.0
8192,1001.0,21.0,1.0,100.0,80.0,,13.0,1.225,5173.7875,21167147.15,410.0
8193,1001.0,21.0,1.0,100.0,80.0,,14.0,0.85,5174.6375,21172321.7875,410.0
8194,1001.0,21.0,1.0,100.0,80.0,,15.0,0.6875,5175.325,21177497.1125,410.0
8195,1001.0,21.0,1.0,100.0,80.0,,16.0,0.625,5175.95,21182673.0625,410.0
8196,1001.0,21.0,1.0,100.0,80.0,,17.0,1.1875,5177.1375,21187850.2,410.0
8197,1001.0,21.0,1.0,100.0,80.0,,18.0,1.125,5178.2625,21193028.4625,410.0
8198,1001.0,21.0,1.0,100.0,80.0,,19.0,0.0375,5178.3,21198206.7625,410.0
8199,1001.0,21.0,1.0,100.0,80.0,,20.0,0.6875,5178.9875,21203385.75,410.0
8200,1001.0,21.0,1.0,100.0,80.0,,1.0,0.7625,5179.75,21208565.5,411.0
8201,1001.0,21.0,1.0,100.0,80.0,,2.0,1.0875,5180.8375,21213746.3375,411.0
8202,1001.0,21.0,1.0,100.0,80.0,,3.0,0.075,5180.9125,21218927.25,411.0
8203,1001.0,21.0,1.0,100.0,80.0,,4.0,0.0375,5180.95,21224108.2,411.0
8204,1001.0,21.0,1.0,100.0,80.0,,5.0,0.5375,5181.4875,21229289.6875,411.0
8205,1001.0,21.0,1.0,100.0,80.0,,6.0,1.0375,5182.525,21234472.2125,411.0
8206,1001.0,21.0,1.0,100.0,80.0,,7.0,1.175,5183.7,21239655.9125,411.0
8207,1001.0,21.0,1.0,100.0,80.0,,8.0,0.825,5184.525,21244840.4375,411.0
8208,1001.0,21.0,1.0,100.0,80.0,,9.0,0.1125,5184.6375,21250025.075,411.0
8209,1001.0,21.0,1.0,100.0,80.0,,10.0,1.1125,5185.75,21255210.825,411.0
8210,1001.0,21.0,1.0,100.0,80.0,,11.0,1.0625,5186.8125,21260397.6375,411.0
8211,1001.0,21.0,1.0,100.0,80.0,,12.0,1.175,5187.9875,21265585.625,411.0
8212,1001.0,21.0,1.0,100.0,80.0,,13.0,0.9625,5188.95,21270774.575,411.0
8213,1001.0,21.0,1.0,100.0,80.0,,14.0,0.275,5189.225,21275963.8,411.0
8214,1001.0,21.0,1.0,100.0,80.0,,15.0,0.4,5189.625,21281153.425,411.0
8215,1001.0,21.0,1.0,100.0,80.0,,16.0,0.6125,5190.2375,21286343.6625,411.0
8216,1001.0,21.0,1.0,100.0,80.0,,17.0,0.6375,5190.875,21291534.5375,411.0
8217,1001.0,21.0,1.0,100.0,80.0,,18.0,0.875,5191.75,21296726.2875,411.0
8218,1001.0,21.0,1.0,100.0,80.0,,19.0,1.025,5192.775,21301919.0625,411.0
8219,1001.0,21.0,1.0,100.0,80.0,,20.0,0.7,5193.475,21307112.5375,411.0
8220,1001.0,21.0,1.0,100.0,80.0,,1.0,0.9625,5194.4375,21312306.975,412.0
8221,1001.0,21.0,1.0,100.0,80.0,,2.0,0.05,5194.4875,21317501.4625,412.0
8222,1001.0,21.0,1.0,100.0,80.0,,3.0,0.4625,5194.95,21322696.4125,412.0
8223,1001.0,21.0,1.0,100.0,80.0,,4.0,0.9,5195.85,21327892.2625,412.0
8224,1001.0,21.0,1.0,100.0,80.0,,5.0,1.2125,5197.0625,21333089.325,412.0
8225,1001.0,21.0,1.0,100.0,80.0,,6.0,1.025,5198.0875,21338287.4125,412.0
8226,1001.0,21.0,1.0,100.0,80.0,,7.0,0.9125,5199.0,21343486.4125,412.0
8227,1001.0,21.0,1.0,100.0,80.0,,8.0,0.4125,5199.4125,21348685.825,412.0
8228,1001.0,21.0,1.0,100.0,80.0,,9.0,0.0625,5199.475,21353885.3,412.0
8229,1001.0,21.0,1.0,100.0,80.0,,10.0,1.125,5200.6,21359085.9,412.0
8230,1001.0,21.0,1.0,100.0,80.0,,11.0,0.5375,5201.1375,21364287.0375,412.0
8231,1001.0,21.0,1.0,100.0,80.0,,12.0,0.4125,5201.55,21369488.5875,412.0
8232,1001.0,21.0,1.0,100.0,80.0,,13.0,0.8375,5202.3875,21374690.975,412.0
8233,1001.0,21.0,1.0,100.0,80.0,,14.0,1.1125,5203.5,21379894.475,412.0
8234,1001.0,21.0,1.0,100.0,80.0,,15.0,0.125,5203.625,21385098.1,412.0
8235,1001.0,21.0,1.0,100.0,80.0,,16.0,0.5,5204.125,21390302.225,412.0
8236,1001.0,21.0,1.0,100.0,80.0,,17.0,0.8,5204.925,21395507.15,412.0
8237,1001.0,21.0,1.0,100.0,80.0,,18.0,0.1,5205.025,21400712.175,412.0
8238,1001.0,21.0,1.0,100.0,80.0,,19.0,0.3125,5205.3375,21405917.5125,412.0
8239,1001.0,21.0,1.0,100.0,80.0,,20.0,1.2125,5206.55,21411124.0625,412.0
8240,1001.0,21.0,1.0,100.0,80.0,,1.0,0.9875,5207.5375,21416331.6,413.0
8241,1001.0,21.0,1.0,100.0,80.0,,2.0,0.675,5208.2125,21421539.8125,413.0
8242,1001.0,21.0,1.0,100.0,80.0,,3.0,0.9625,5209.175,21426748.9875,413.0
8243,1001.0,21.0,1.0,100.0,80.0,,4.0,0.85,5210.025,21431959.0125,413.0
8244,1001.0,21.0,1.0,100.0,80.0,,5.0,1.0125,5211.0375,21437170.05,413.0
8245,1001.0,21.0,1.0,100.0,80.0,,6.0,0.8,5211.8375,21442381.8875,413.0
8246,1001.0,21.0,1.0,100.0,80.0,,7.0,0.7,5212.5375,21447594.425,413.0
8247,1001.0,21.0,1.0,100.0,80.0,,8.0,0.925,5213.4625,21452807.8875,413.0
8248,1001.0,21.0,1.0,100.0,80.0,,9.0,0.4,5213.8625,21458021.75,413.0
8249,1001.0,21.0,1.0,100.0,80.0,,10.0,0.1625,5214.025,21463235.775,413.0
8250,1001.0,21.0,1.0,100.0,80.0,,11.0,0.3875,5214.4125,21468450.1875,413.0
8251,1001.0,21.0,1.0,100.0,80.0,,12.0,0.125,5214.5375,21473664.725,413.0
8252,1001.0,21.0,1.0,100.0,80.0,,13.0,0.6,5215.1375,21478879.8625,413.0
8253,1001.0,21.0,1.0,100.0,80.0,,14.0,0.5875,5215.725,21484095.5875,413.0
8254,1001.0,21.0,1.0,100.0,80.0,,15.0,0.3375,5216.0625,21489311.65,413.0
8255,1001.0,21.0,1.0,100.0,80.0,,16.0,1.2,5217.2625,21494528.9125,413.0
8256,1001.0,21.0,1.0,100.0,80.0,,17.0,0.175,5217.4375,21499746.35,413.0
8257,1001.0,21.0,1.0,100.0,80.0,,18.0,0.1625,5217.6,21504963.95,413.0
8258,1001.0,21.0,1.0,100.0,80.0,,19.0,0.6375,5218.2375,21510182.1875,413.0
8259,1001.0,21.0,1.0,100.0,80.0,,20.0,0.225,5218.4625,21515400.65,413.0
8260,1001.0,21.0,1.0,100.0,80.0,,1.0,0.4375,5218.9,21520619.55,414.0
8261,1001.0,21.0,1.0,100.0,80.0,,2.0,0.8875,5219.7875,21525839.3375,414.0
8262,1001.0,21.0,1.0,100.0,80.0,,3.0,1.125,5220.9125,21531060.25,414.0
8263,1001.0,21.0,1.0,100.0,80.0,,4.0,0.1375,5221.05,21536281.3,414.0
8264,1001.0,21.0,1.0,100.0,80.0,,5.0,0.85,5221.9,21541503.2,414.0
8265,1001.0,21.0,1.0,100.0,80.0,,6.0,1.2375,5223.1375,21546726.3375,414.0
8266,1001.0,21.0,1.0,100.0,80.0,,7.0,0.525,5223.6625,21551950.0,414.0
8267,1001.0,21.0,1.0,100.0,80.0,,8.0,1.225,5224.8875,21557174.8875,414.0
8268,1001.0,21.0,1.0,100.0,80.0,,9.0,0.8,5225.6875,21562400.575,414.0
8269,1001.0,21.0,1.0,100.0,80.0,,10.0,0.0875,5225.775,21567626.35,414.0
8270,1001.0,21.0,1.0,100.0,80.0,,11.0,1.025,5226.8,21572853.15,414.0
8271,1001.0,21.0,1.0,100.0,80.0,,12.0,0.325,5227.125,21578080.275,414.0
8272,1001.0,21.0,1.0,100.0,80.0,,13.0,0.9125,5228.0375,21583308.3125,414.0
8273,1001.0,21.0,1.0,100.0,80.0,,14.0,1.225,5229.2625,21588537.575,414.0
8274,1001.0,21.0,1.0,100.0,80.0,,15.0,1.2125,5230.475,21593768.05,414.0
8275,1001.0,21.0,1.0,100.0,80.0,,16.0,1.0875,5231.5625,21598999.6125,414.0
8276,1001.0,21.0,1.0,100.0,80.0,,17.0,1.05,5232.6125,21604232.225,414.0
8277,1001.0,21.0,1.0,100.0,80.0,,18.0,0.95,5233.5625,21609465.7875,414.0
8278,1001.0,21.0,1.0,100.0,80.0,,19.0,0.3,5233.8625,21614699.65,414.0
8279,1001.0,21.0,1.0,100.0,80.0,,20.0,0.8375,5234.7,21619934.35,414.0
8280,1001.0,21.0,1.0,100.0,80.0,,1.0,0.2625,5234.9625,21625169.3125,415.0
8281,1001.0,21.0,1.0,100.0,80.0,,2.0,0.65,5235.6125,21630404.925,415.0
8282,1001.0,21.0,1.0,100.0,80.0,,3.0,0.1125,5235.725,21635640.65,415.0
8283,1001.0,21.0,1.0,100.0,80.0,,4.0,0.0875,5235.8125,21640876.4625,415.0
8284,1001.0,21.0,1.0,100.0,80.0,,5.0,0.925,5236.7375,21646113.2,415.0
8285,1001.0,21.0,1.0,100.0,80.0,,6.0,0.8125,5237.55,21651350.75,415.0
8286,1001.0,21.0,1.0,100.0,80.0,,7.0,0.1375,5237.6875,21656588.4375,415.0
8287,1001.0,21.0,1.0,100.0,80.0,,8.0,0.1,5237.7875,21661826.225,415.0
8288,1001.0,21.0,1.0,100.0,80.0,,9.0,0.175,5237.9625,21667064.1875,415.0
8289,1001.0,21.0,1.0,100.0,80.0,,10.0,0.8625,5238.825,21672303.0125,415.0
8290,1001.0,21.0,1.0,100.0,80.0,,11.0,0.9,5239.725,21677542.7375,415.0
8291,1001.0,21.0,1.0,100.0,80.0,,12.0,0.975,5240.7,21682783.4375,415.0
8292,1001.0,21.0,1.0,100.0,80.0,,13.0,0.0125,5240.7125,21688024.15,415.0
8293,1001.0,21.0,1.0,100.0,80.0,,14.0,0.2625,5240.975,21693265.125,415.0
8294,1001.0,21.0,1.0,100.0,80.0,,15.0,0.2,5241.175,21698506.3,415.0
8295,1001.0,21.0,1.0,100.0,80.0,,16.0,1.0875,5242.2625,21703748.5625,415.0
8296,1001.0,21.0,1.0,100.0,80.0,,17.0,0.3625,5242.625,21708991.1875,415.0
8297,1001.0,21.0,1.0,100.0,80.0,,18.0,0.9875,5243.6125,21714234.8,415.0
8298,1001.0,21.0,1.0,100.0,80.0,,19.0,0.125,5243.7375,21719478.5375,415.0
8299,1001.0,21.0,1.0,100.0,80.0,,20.0,0.5125,5244.25,21724722.7875,415.0
8300,1001.0,21.0,1.0,100.0,80.0,,1.0,0.175,5244.425,21729967.2125,416.0
8301,1001.0,21.0,1.0,100.0,80.0,,2.0,0.325,5244.75,21735211.9625,416.0
8302,1001.0,21.0,1.0,100.0,80.0,,3.0,0.85,5245.6,21740457.5625,416.0
8303,1001.0,21.0,1.0,100.0,80.0,,4.0,0.3,5245.9,21745703.4625,416.0
8304,1001.0,21.0,1.0,100.0,80.0,,5.0,1.225,5247.125,21750950.5875,416.0
8305,1001.0,21.0,1.0,100.0,80.0,,6.0,0.8875,5248.0125,21756198.6,416.0
8306,1001.0,21.0,1.0,100.0,80.0,,7.0,0.7875,5248.8,21761447.4,416.0
8307,1001.0,21.0,1.0,100.0,80.0,,8.0,0.3625,5249.1625,21766696.5625,416.0
8308,1001.0,21.0,1.0,100.0,80.0,,9.0,0.55,5249.7125,21771946.275,416.0
8309,1001.0,21.0,1.0,100.0,80.0,,10.0,0.075,5249.7875,21777196.0625,416.0
8310,1001.0,21.0,1.0,100.0,80.0,,11.0,0.325,5250.1125,21782446.175,416.0
8311,1001.0,21.0,1.0,100.0,80.0,,12.0,0.2,5250.3125,21787696.4875,416.0
8312,1001.0,21.0,1.0,100.0,80.0,,13.0,0.975,5251.2875,21792947.775,416.0
8313,1001.0,21.0,1.0,100.0,80.0,,14.0,0.4,5251.6875,21798199.4625,416.0
8314,1001.0,21.0,1.0,100.0,80.0,,15.0,0.8,5252.4875,21803451.95,416.0
8315,1001.0,21.0,1.0,100.0,80.0,,16.0,0.0625,5252.55,21808704.5,416.0
8316,1001.0,21.0,1.0,100.0,80.0,,17.0,0.1375,5252.6875,21813957.1875,416.0
8317,1001.0,21.0,1.0,100.0,80.0,,18.0,1.0125,5253.7,21819210.8875,416.0
8318,1001.0,21.0,1.0,100.0,80.0,,19.0,1.15,5254.85,21824465.7375,416.0
8319,1001.0,21.0,1.0,100.0,80.0,,20.0,0.55,5255.4,21829721.1375,416.0
8320,1001.0,21.0,1.0,100.0,80.0,,1.0,0.4625,5255.8625,21834977.0,417.0
8321,1001.0,21.0,1.0,100.0,80.0,,2.0,0.2125,5256.075,21840233.075,417.0
8322,1001.0,21.0,1.0,100.0,80.0,,3.0,0.45,5256.525,21845489.6,417.0
8323,1001.0,21.0,1.0,100.0,80.0,,4.0,0.0125,5256.5375,21850746.1375,417.0
8324,1001.0,21.0,1.0,100.0,80.0,,5.0,0.15,5256.6875,21856002.825,417.0
8325,1001.0,21.0,1.0,100.0,80.0,,6.0,0.65,5257.3375,21861260.1625,417.0
8326,1001.0,21.0,1.0,100.0,80.0,,7.0,1.2375,5258.575,21866518.7375,417.0
8327,1001.0,21.0,1.0,100.0,80.0,,8.0,0.125,5258.7,21871777.4375,417.0
8328,1001.0,21.0,1.0,100.0,80.0,,9.0,0.7375,5259.4375,21877036.875,417.0
8329,1001.0,21.0,1.0,100.0,80.0,,10.0,0.775,5260.2125,21882297.0875,417.0
8330,1001.0,21.0,1.0,100.0,80.0,,11.0,0.3875,5260.6,21887557.6875,417.0
8331,1001.0,21.0,1.0,100.0,80.0,,12.0,1.0125,5261.6125,21892819.3,417.0
8332,1001.0,21.0,1.0,100.0,80.0,,13.0,0.6375,5262.25,21898081.55,417.0
8333,1001.0,21.0,1.0,100.0,80.0,,14.0,0.6,5262.85,21903344.4,417.0
8334,1001.0,21.0,1.0,100.0,80.0,,15.0,0.5125,5263.3625,21908607.7625,417.0
8335,1001.0,21.0,1.0,100.0,80.0,,16.0,0.025,5263.3875,21913871.15,417.0
8336,1001.0,21.0,1.0,100.0,80.0,,17.0,0.5375,5263.925,21919135.075,417.0
8337,1001.0,21.0,1.0,100.0,80.0,,18.0,0.2875,5264.2125,21924399.2875,417.0
8338,1001.0,21.0,1.0,100.0,80.0,,19.0,1.15,5265.3625,21929664.65,417.0
8339,1001.0,21.0,1.0,100.0,80.0,,20.0,0.8875,5266.25,21934930.9,417.0
8340,1001.0,21.0,1.0,100.0,80.0,,1.0,0.2625,5266.5125,21940197.4125,418.0
8341,1001.0,21.0,1.0,100.0,80.0,,2.0,1.075,5267.5875,21945465.0,418.0
8342,1001.0,21.0,1.0,100.0,80.0,,3.0,0.275,5267.8625,21950732.8625,418.0
8343,1001.0,21.0,1.0,100.0,80.0,,4.0,0.725,5268.5875,21956001.45,418.0
8344,1001.0,21.0,1.0,100.0,80.0,,5.0,0.3875,5268.975,21961270.425,418.0
8345,1001.0,21.0,1.0,100.0,80.0,,6.0,1.05,5270.025,21966540.45,418.0
8346,1001.0,21.0,1.0,100.0,80.0,,7.0,0.8125,5270.8375,21971811.2875,418.0
8347,1001.0,21.0,1.0,100.0,80.0,,8.0,0.6625,5271.5,21977082.7875,418.0
8348,1001.0,21.0,1.0,100.0,80.0,,9.0,0.1375,5271.6375,21982354.425,418.0
8349,1001.0,21.0,1.0,100.0,80.0,,10.0,1.2,5272.8375,21987627.2625,418.0
8350,1001.0,21.0,1.0,100.0,80.0,,11.0,0.95,5273.7875,21992901.05,418.0
8351,1001.0,21.0,1.0,100.0,80.0,,12.0,0.975,5274.7625,21998175.8125,418.0
8352,1001.0,21.0,1.0,100.0,80.0,,13.0,1.025,5275.7875,22003451.6,418.0
8353,1001.0,21.0,1.0,100.0,80.0,,14.0,0.975,5276.7625,22008728.3625,418.0
8354,1001.0,21.0,1.0,100.0,80.0,,15.0,1.0125,5277.775,22014006.1375,418.0
8355,1001.0,21.0,1.0,100.0,80.0,,16.0,0.6,5278.375,22019284.5125,418.0
8356,1001.0,21.0,1.0,100.0,80.0,,17.0,0.825,5279.2,22024563.7125,418.0
8357,1001.0,21.0,1.0,100.0,80.0,,18.0,0.9125,5280.1125,22029843.825,418.0
8358,1001.0,21.0,1.0,100.0,80.0,,19.0,0.625,5280.7375,22035124.5625,418.0
8359,1001.0,21.0,1.0,100.0,80.0,,20.0,1.0375,5281.775,22040406.3375,418.0
8360,1001.0,21.0,1.0,100.0,80.0,,1.0,0.4125,5282.1875,22045688.525,419.0
8361,1001.0,21.0,1.0,100.0,80.0,,2.0,0.375,5282.5625,22050971.0875,419.0
8362,1001.0,21.0,1.0,100.0,80.0,,3.0,1.1625,5283.725,22056254.8125,419.0
8363,1001.0,21.0,1.0,100.0,80.0,,4.0,0.8625,5284.5875,22061539.4,419.0
8364,1001.0,21.0,1.0,100.0,80.0,,5.0,1.1125,5285.7,22066825.1,419.0
8365,1001.0,21.0,1.0,100.0,80.0,,6.0,1.225,5286.925,22072112.025,419.0
8366,1001.0,21.0,1.0,100.0,80.0,,7.0,0.2875,5287.2125,22077399.2375,419.0
8367,1001.0,21.0,1.0,100.0,80.0,,8.0,0.7375,5287.95,22082687.1875,419.0
8368,1001.0,21.0,1.0,100.0,80.0,,9.0,0.275,5288.225,22087975.4125,419.0
8369,1001.0,21.0,1.0,100.0,80.0,,10.0,0.8375,5289.0625,22093264.475,419.0
8370,1001.0,21.0,1.0,100.0,80.0,,11.0,0.3625,5289.425,22098553.9,419.0
8371,1001.0,21.0,1.0,100.0,80.0,,12.0,1.025,5290.45,22103844.35,419.0
8372,1001.0,21.0,1.0,100.0,80.0,,13.0,1.2,5291.65,22109136.0,419.0
8373,1001.0,21.0,1.0,100.0,80.0,,14.0,0.0375,5291.6875,22114427.6875,419.0
8374,1001.0,21.0,1.0,100.0,80.0,,15.0,0.75,5292.4375,22119720.125,419.0
8375,1001.0,21.0,1.0,100.0,80.0,,16.0,0.0375,5292.475,22125012.6,419.0
8376,1001.0,21.0,1.0,100.0,80.0,,17.0,0.2875,5292.7625,22130305.3625,419.0
8377,1001.0,21.0,1.0,100.0,80.0,,18.0,0.3,5293.0625,22135598.425,419.0
8378,1001.0,21.0,1.0,100.0,80.0,,19.0,1.15,5294.2125,22140892.6375,419.0
8379,1001.0,21.0,1.0,100.0,80.0,,20.0,0.775,5294.9875,22146187.625,419.0
8380,1001.0,21.0,1.0,100.0,80.0,,1.0,1.125,5296.1125,22151483.7375,420.0
8381,1001.0,21.0,1.0,100.0,80.0,,2.0,0.775,5296.8875,22156780.625,420.0
8382,1001.0,21.0,1.0,100.0,80.0,,3.0,0.5375,5297.425,22162078.05,420.0
8383,1001.0,21.0,1.0,100.0,80.0,,4.0,0.3125,5297.7375,22167375.7875,420.0
8384,1001.0,21.0,1.0,100.0,80.0,,5.0,0.25,5297.9875,22172673.775,420.0
8385,1001.0,21.0,1.0,100.0,80.0,,6.0,0.8,5298.7875,22177972.5625,420.0
8386,1001.0,21.0,1.0,100.0,80.0,,7.0,1.0875,5299.875,22183272.4375,420.0
8387,1001.0,21.0,1.0,100.0,80.0,,8.0,0.975,5300.85,22188573.2875,420.0
8388,1001.0,21.0,1.0,100.0,80.0,,9.0,0.05,5300.9,22193874.1875,420.0
8389,1001.0,21.0,1.0,100.0,80.0,,10.0,0.4625,5301.3625,22199175.55,420.0
8390,1001.0,21.0,1.0,100.0,80.0,,11.0,0.2,5301.5625,22204477.1125,420.0
8391,1001.0,21.0,1.0,100.0,80.0,,12.0,1.025,5302.5875,22209779.7,420.0
8392,1001.0,21.0,1.0,100.0,80.0,,13.0,0.7125,5303.3,22215083.0,420.0
8393,1001.0,21.0,1.0,100.0,80.0,,14.0,0.3125,5303.6125,22220386.6125,420.0
8394,1001.0,21.0,1.0,100.0,80.0,,15.0,0.8125,5304.425,22225691.0375,420.0
8395,1001.0,21.0,1.0,100.0,80.0,,16.0,1.1625,5305.5875,22230996.625,420.0
8396,1001.0,21.0,1.0,100.0,80.0,,17.0,0.075,5305.6625,22236302.2875,420.0
8397,1001.0,21.0,1.0,100.0,80.0,,18.0,1.2125,5306.875,22241609.1625,420.0
8398,1001.0,21.0,1.0,100.0,80.0,,19.0,1.15,5308.025,22246917.1875,420.0
8399,1001.0,21.0,1.0,100.0,80.0,,20.0,0.25,5308.275,22252225.4625,420.0
8400,1001.0,21.0,1.0,100.0,80.0,,1.0,0.3625,5308.6375,22257534.1,421.0
8401,1001.0,21.0,1.0,100.0,80.0,,2.0,0.925,5309.5625,22262843.6625,421.0
8402,1001.0,21.0,1.0,100.0,80.0,,3.0,1.225,5310.7875,22268154.45,421.0
8403,1001.0,21.0,1.0,100.0,80.0,,4.0,0.7375,5311.525,22273465.975,421.0
8404,1001.0,21.0,1.0,100.0,80.0,,5.0,1.2,5312.725,22278778.7,421.0
8405,1001.0,21.0,1.0,100.0,80.0,,6.0,0.8875,5313.6125,22284092.3125,421.0
8406,1001.0,21.0,1.0,100.0,80.0,,7.0,0.8,5314.4125,22289406.725,421.0
8407,1001.0,21.0,1.0,100.0,80.0,,8.0,1.0,5315.4125,22294722.1375,421.0
8408,1001.0,21.0,1.0,100.0,80.0,,9.0,0.425,5315.8375,22300037.975,421.0
8409,1001.0,21.0,1.0,100.0,80.0,,10.0,0.9125,5316.75,22305354.725,421.0
8410,1001.0,21.0,1.0,100.0,80.0,,11.0,1.1625,5317.9125,22310672.6375,421.0
8411,1001.0,21.0,1.0,100.0,80.0,,12.0,1.0625,5318.975,22315991.6125,421.0
8412,1001.0,21.0,1.0,100.0,80.0,,13.0,0.6,5319.575,22321311.1875,421.0
8413,1001.0,21.0,1.0,100.0,80.0,,14.0,0.05,5319.625,22326630.8125,421.0
8414,1001.0,21.0,1.0,100.0,80.0,,15.0,0.1875,5319.8125,22331950.625,421.0
8415,1001.0,21.0,1.0,100.0,80.0,,16.0,0.7625,5320.575,22337271.2,421.0
8416,1001.0,21.0,1.0,100.0,80.0,,17.0,1.175,5321.75,22342592.95,421.0
8417,1001.0,21.0,1.0,100.0,80.0,,18.0,1.0875,5322.8375,22347915.7875,421.0
8418,1001.0,21.0,1.0,100.0,80.0,,19.0,0.8625,5323.7,22353239.4875,421.0
8419,1001.0,21.0,1.0,100.0,80.0,,20.0,0.7125,5324.4125,22358563.9,421.0
8420,1001.0,21.0,1.0,100.0,80.0,,1.0,0.4125,5324.825,22363888.725,422.0
8421,1001.0,21.0,1.0,100.0,80.0,,2.0,0.25,5325.075,22369213.8,422.0
8422,1001.0,21.0,1.0,100.0,80.0,,3.0,0.5375,5325.6125,22374539.4125,422.0
8423,1001.0,21.0,1.0,100.0,80.0,,4.0,0.0625,5325.675,22379865.0875,422.0
8424,1001.0,21.0,1.0,100.0,80.0,,5.0,1.2,5326.875,22385191.9625,422.0
8425,1001.0,21.0,1.0,100.0,80.0,,6.0,0.0375,5326.9125,22390518.875,422.0
8426,1001.0,21.0,1.0,100.0,80.0,,7.0,1.05,5327.9625,22395846.8375,422.0
8427,1001.0,21.0,1.0,100.0,80.0,,8.0,0.95,5328.9125,22401175.75,422.0
8428,1001.0,21.0,1.0,100.0,80.0,,9.0,0.0125,5328.925,22406504.675,422.0
8429,1001.0,21.0,1.0,100.0,80.0,,10.0,0.5875,5329.5125,22411834.1875,422.0
8430,1001.0,21.0,1.0,100.0,80.0,,11.0,0.35,5329.8625,22417164.05,422.0
8431,1001.0,21.0,1.0,100.0,80.0,,12.0,0.0875,5329.95,22422494.0,422.0
8432,1001.0,21.0,1.0,100.0,80.0,,13.0,1.0875,5331.0375,22427825.0375,422.0
8433,1001.0,21.0,1.0,100.0,80.0,,14.0,0.15,5331.1875,22433156.225,422.0
8434,1001.0,21.0,1.0,100.0,80.0,,15.0,1.225,5332.4125,22438488.6375,422.0
8435,1001.0,21.0,1.0,100.0,80.0,,16.0,0.275,5332.6875,22443821.325,422.0
8436,1001.0,21.0,1.0,100.0,80.0,,17.0,0.175,5332.8625,22449154.1875,422.0
8437,1001.0,21.0,1.0,100.0,80.0,,18.0,1.1125,5333.975,22454488.1625,422.0
8438,1001.0,21.0,1.0,100.0,80.0,,19.0,0.8125,5334.7875,22459822.95,422.0
8439,1001.0,21.0,1.0,100.0,80.0,,20.0,0.7875,5335.575,22465158.525,422.0
8440,1001.0,21.0,1.0,100.0,80.0,,1.0,0.475,5336.05,22470494.575,423.0
8441,1001.0,21.0,1.0,100.0,80.0,,2.0,0.425,5336.475,22475831.05,423.0
8442,1001.0,21.0,1.0,100.0,80.0,,3.0,1.05,5337.525,22481168.575,423.0
8443,1001.0,21.0,1.0,100.0,80.0,,4.0,0.65,5338.175,22486506.75,423.0
8444,1001.0,21.0,1.0,100.0,80.0,,5.0,0.575,5338.75,22491845.5,423.0
8445,1001.0,21.0,1.0,100.0,80.0,,6.0,1.0,5339.75,22497185.25,423.0
8446,1001.0,21.0,1.0,100.0,80.0,,7.0,0.075,5339.825,22502525.075,423.0
8447,1001.0,21.0,1.0,100.0,80.0,,8.0,1.0625,5340.8875,22507865.9625,423.0
8448,1001.0,21.0,1.0,100.0,80.0,,9.0,0.1125,5341.0,22513206.9625,423.0
8449,1001.0,21.0,1.0,100.0,80.0,,10.0,0.55,5341.55,22518548.5125,423.0
8450,1001.0,21.0,1.0,100.0,80.0,,11.0,0.05,5341.6,22523890.1125,423.0
8451,1001.0,21.0,1.0,100.0,80.0,,12.0,0.6375,5342.2375,22529232.35,423.0
8452,1001.0,21.0,1.0,100.0,80.0,,13.0,0.6625,5342.9,22534575.25,423.0
8453,1001.0,21.0,1.0,100.0,80.0,,14.0,0.9875,5343.8875,22539919.1375,423.0
8454,1001.0,21.0,1.0,100.0,80.0,,15.0,1.2375,5345.125,22545264.2625,423.0
8455,1001.0,21.0,1.0,100.0,80.0,,16.0,1.2125,5346.3375,22550610.6,423.0
8456,1001.0,21.0,1.0,100.0,80.0,,17.0,0.4625,5346.8,22555957.4,423.0
8457,1001.0,21.0,1.0,100.0,80.0,,18.0,0.4625,5347.2625,22561304.6625,423.0
8458,1001.0,21.0,1.0,100.0,80.0,,19.0,0.925,5348.1875,22566652.85,423.0
8459,1001.0,21.0,1.0,100.0,80.0,,20.0,1.2125,5349.4,22572002.25,423.0
8460,1001.0,21.0,1.0,100.0,80.0,,1.0,0.5125,5349.9125,22577352.1625,424.0
8461,1001.0,21.0,1.0,100.0,80.0,,2.0,0.3,5350.2125,22582702.375,424.0
8462,1001.0,21.0,1.0,100.0,80.0,,3.0,0.7625,5350.975,22588053.35,424.0
8463,1001.0,21.0,1.0,100.0,80.0,,4.0,0.2625,5351.2375,22593404.5875,424.0
8464,1001.0,21.0,1.0,100.0,80.0,,5.0,0.1875,5351.425,22598756.0125,424.0
8465,1001.0,21.0,1.0,100.0,80.0,,6.0,0.6125,5352.0375,22604108.05,424.0
8466,1001.0,21.0,1.0,100.0,80.0,,7.0,0.875,5352.9125,22609460.9625,424.0
8467,1001.0,21.0,1.0,100.0,80.0,,8.0,1.025,5353.9375,22614814.9,424.0
8468,1001.0,21.0,1.0,100.0,80.0,,9.0,0.0875,5354.025,22620168.925,424.0
8469,1001.0,21.0,1.0,100.0,80.0,,10.0,1.075,5355.1,22625524.025,424.0
8470,1001.0,21.0,1.0,100.0,80.0,,11.0,0.65,5355.75,22630879.775,424.0
8471,1001.0,21.0,1.0,100.0,80.0,,12.0,0.925,5356.675,22636236.45,424.0
8472,1001.0,21.0,1.0,100.0,80.0,,13.0,0.8625,5357.5375,22641593.9875,424.0
8473,1001.0,21.0,1.0,100.0,80.0,,14.0,0.5875,5358.125,22646952.1125,424.0
8474,1001.0,21.0,1.0,100.0,80.0,,15.0,0.1375,5358.2625,22652310.375,424.0
8475,1001.0,21.0,1.0,100.0,80.0,,16.0,0.725,5358.9875,22657669.3625,424.0
8476,1001.0,21.0,1.0,100.0,80.0,,17.0,0.875,5359.8625,22663029.225,424.0
8477,1001.0,21.0,1.0,100.0,80.0,,18.0,0.4125,5360.275,22668389.5,424.0
8478,1001.0,21.0,1.0,100.0,80.0,,19.0,0.325,5360.6,22673750.1,424.0
8479,1001.0,21.0,1.0,100.0,80.0,,20.0,0.95,5361.55,22679111.65,424.0
8480,1001.0,21.0,1.0,100.0,80.0,,1.0,1.025,5362.575,22684474.225,425.0
8481,1001.0,21.0,1.0,100.0,80.0,,2.0,0.2375,5362.8125,22689837.0375,425.0
8482,1001.0,21.0,1.0,100.0,80.0,,3.0,0.2375,5363.05,22695200.0875,425.0
8483,1001.0,21.0,1.0,100.0,80.0,,4.0,0.1625,5363.2125,22700563.3,425.0
8484,1001.0,21.0,1.0,100.0,80.0,,5.0,0.1625,5363.375,22705926.675,425.0
8485,1001.0,21.0,1.0,100.0,80.0,,6.0,0.8375,5364.2125,22711290.8875,425.0
8486,1001.0,21.0,1.0,100.0,80.0,,7.0,0.2875,5364.5,22716655.3875,425.0
8487,1001.0,21.0,1.0,100.0,80.0,,8.0,0.2125,5364.7125,22722020.1,425.0
8488,1001.0,21.0,1.0,100.0,80.0,,9.0,0.575,5365.2875,22727385.3875,425.0
8489,1001.0,21.0,1.0,100.0,80.0,,10.0,0.8875,5366.175,22732751.5625,425.0
8490,1001.0,21.0,1.0,100.0,80.0,,11.0,0.1,5366.275,22738117.8375,425.0
8491,1001.0,21.0,1.0,100.0,80.0,,12.0,0.2125,5366.4875,22743484.325,425.0
8492,1001.0,21.0,1.0,100.0,80.0,,13.0,1.025,5367.5125,22748851.8375,425.0
8493,1001.0,21.0,1.0,100.0,80.0,,14.0,0.2,5367.7125,22754219.55,425.0
8494,1001.0,21.0,1.0,100.0,80.0,,15.0,0.1,5367.8125,22759587.3625,425.0
8495,1001.0,21.0,1.0,100.0,80.0,,16.0,0.375,5368.1875,22764955.55,425.0
8496,1001.0,21.0,1.0,100.0,80.0,,17.0,1.1625,5369.35,22770324.9,425.0
8497,1001.0,21.0,1.0,100.0,80.0,,18.0,0.7875,5370.1375,22775695.0375,425.0
8498,1001.0,21.0,1.0,100.0,80.0,,19.0,0.275,5370.4125,22781065.45,425.0
8499,1001.0,21.0,1.0,100.0,80.0,,20.0,0.3625,5370.775,22786436.225,425.0
8500,1001.0,21.0,1.0,100.0,80.0,,1.0,0.15,5370.925,22791807.15,426.0
8501,1001.0,21.0,1.0,100.0,80.0,,2.0,0.125,5371.05,22797178.2,426.0
8502,1001.0,21.0,1.0,100.0,80.0,,3.0,1.2,5372.25,22802550.45,426.0
8503,1001.0,21.0,1.0,100.0,80.0,,4.0,0.9875,5373.2375,22807923.6875,426.0
8504,1001.0,21.0,1.0,100.0,80.0,,5.0,0.6,5373.8375,22813297.525,426.0
8505,1001.0,21.0,1.0,100.0,80.0,,6.0,0.925,5374.7625,22818672.2875,426.0
8506,1001.0,21.0,1.0,100.0,80.0,,7.0,0.275,5375.0375,22824047.325,426.0
8507,1001.0,21.0,1.0,100.0,80.0,,8.0,1.0125,5376.05,22829423.375,426.0
8508,1001.0,21.0,1.0,100.0,80.0,,9.0,0.4125,5376.4625,22834799.8375,426.0
8509,1001.0,21.0,1.0,100.0,80.0,,10.0,0.55,5377.0125,22840176.85,426.0
8510,1001.0,21.0,1.0,100.0,80.0,,11.0,0.3,5377.3125,22845554.1625,426.0
8511,1001.0,21.0,1.0,100.0,80.0,,12.0,0.8,5378.1125,22850932.275,426.0
8512,1001.0,21.0,1.0,100.0,80.0,,13.0,0.6875,5378.8,22856311.075,426.0
8513,1001.0,21.0,1.0,100.0,80.0,,14.0,0.9875,5379.7875,22861690.8625,426.0
8514,1001.0,21.0,1.0,100.0,80.0,,15.0,1.075,5380.8625,22867071.725,426.0
8515,1001.0,21.0,1.0,100.0,80.0,,16.0,0.175,5381.0375,22872452.7625,426.0
8516,1001.0,21.0,1.0,100.0,80.0,,17.0,0.4375,5381.475,22877834.2375,426.0
8517,1001.0,21.0,1.0,100.0,80.0,,18.0,1.0125,5382.4875,22883216.725,426.0
8518,1001.0,21.0,1.0,100.0,80.0,,19.0,1.125,5383.6125,22888600.3375,426.0
8519,1001.0,21.0,1.0,100.0,80.0,,20.0,0.55,5384.1625,22893984.5,426.0
8520,1001.0,21.0,1.0,100.0,80.0,,1.0,0.5125,5384.675,22899369.175,427.0
8521,1001.0,21.0,1.0,100.0,80.0,,2.0,0.8125,5385.4875,22904754.6625,427.0
8522,1001.0,21.0,1.0,100.0,80.0,,3.0,0.1875,5385.675,22910140.3375,427.0
8523,1001.0,21.0,1.0,100.0,80.0,,4.0,0.8625,5386.5375,22915526.875,427.0
8524,1001.0,21.0,1.0,100.0,80.0,,5.0,0.8,5387.3375,22920914.2125,427.0
8525,1001.0,21.0,1.0,100.0,80.0,,6.0,1.1125,5388.45,22926302.6625,427.0
8526,1001.0,21.0,1.0,100.0,80.0,,7.0,0.7,5389.15,22931691.8125,427.0
8527,1001.0,21.0,1.0,100.0,80.0,,8.0,0.025,5389.175,22937080.9875,427.0
8528,1001.0,21.0,1.0,100.0,80.0,,9.0,0.5875,5389.7625,22942470.75,427.0
8529,1001.0,21.0,1.0,100.0,80.0,,10.0,0.025,5389.7875,22947860.5375,427.0
8530,1001.0,21.0,1.0,100.0,80.0,,11.0,0.55,5390.3375,22953250.875,427.0
8531,1001.0,21.0,1.0,100.0,80.0,,12.0,0.55,5390.8875,22958641.7625,427.0
8532,1001.0,21.0,1.0,100.0,80.0,,13.0,0.4875,5391.375,22964033.1375,427.0
8533,1001.0,21.0,1.0,100.0,80.0,,14.0,0.5875,5391.9625,22969425.1,427.0
8534,1001.0,21.0,1.0,100.0,80.0,,15.0,0.5875,5392.55,22974817.65,427.0
8535,1001.0,21.0,1.0,100.0,80.0,,16.0,0.5125,5393.0625,22980210.7125,427.0
8536,1001.0,21.0,1.0,100.0,80.0,,17.0,1.2125,5394.275,22985604.9875,427.0
8537,1001.0,21.0,1.0,100.0,80.0,,18.0,0.6,5394.875,22990999.8625,427.0
8538,1001.0,21.0,1.0,100.0,80.0,,19.0,0.1875,5395.0625,22996394.925,427.0
8539,1001.0,21.0,1.0,100.0,80.0,,20.0,0.625,5395.6875,23001790.6125,427.0
8540,1001.0,21.0,1.0,100.0,80.0,,1.0,0.4875,5396.175,23007186.7875,428.0
8541,1001.0,21.0,1.0,100.0,80.0,,2.0,0.7875,5396.9625,23012583.75,428.0
8542,1001.0,21.0,1.0,100.0,80.0,,3.0,0.225,5397.1875,23017980.9375,428.0
8543,1001.0,21.0,1.0,100.0,80.0,,4.0,1.0125,5398.2,23023379.1375,428.0
8544,1001.0,21.0,1.0,100.0,80.0,,5.0,0.6875,5398.8875,23028778.025,428.0
8545,1001.0,21.0,1.0,100.0,80.0,,6.0,1.125,5400.0125,23034178.0375,428.0
8546,1001.0,21.0,1.0,100.0,80.0,,7.0,0.0375,5400.05,23039578.0875,428.0
8547,1001.0,21.0,1.0,100.0,80.0,,8.0,0.6375,5400.6875,23044978.775,428.0
8548,1001.0,21.0,1.0,100.0,80.0,,9.0,0.4375,5401.125,23050379.9,428.0
8549,1001.0,21.0,1.0,100.0,80.0,,10.0,0.425,5401.55,23055781.45,428.0
8550,1001.0,21.0,1.0,100.0,80.0,,11.0,1.025,5402.575,23061184.025,428.0
8551,1001.0,21.0,1.0,100.0,80.0,,12.0,1.025,5403.6,23066587.625,428.0
8552,1001.0,21.0,1.0,100.0,80.0,,13.0,0.025,5403.625,23071991.25,428.0
8553,1001.0,21.0,1.0,100.0,80.0,,14.0,0.1875,5403.8125,23077395.0625,428.0
8554,1001.0,21.0,1.0,100.0,80.0,,15.0,0.5125,5404.325,23082799.3875,428.0
8555,1001.0,21.0,1.0,100.0,80.0,,16.0,1.05,5405.375,23088204.7625,428.0
8556,1001.0,21.0,1.0,100.0,80.0,,17.0,1.0625,5406.4375,23093611.2,428.0
8557,1001.0,21.0,1.0,100.0,80.0,,18.0,0.425,5406.8625,23099018.0625,428.0
8558,1001.0,21.0,1.0,100.0,80.0,,19.0,0.4,5407.2625,23104425.325,428.0
8559,1001.0,21.0,1.0,100.0,80.0,,20.0,0.225,5407.4875,23109832.8125,428.0
8560,1001.0,21.0,1.0,100.0,80.0,,1.0,1.05,5408.5375,23115241.35,429.0
8561,1001.0,21.0,1.0,100.0,80.0,,2.0,0.2125,5408.75,23120650.1,429.0
8562,1001.0,21.0,1.0,100.0,80.0,,3.0,1.0125,5409.7625,23126059.8625,429.0
8563,1001.0,21.0,1.0,100.0,80.0,,4.0,0.8875,5410.65,23131470.5125,429.0
8564,1001.0,21.0,1.0,100.0,80.0,,5.0,0.25,5410.9,23136881.4125,429.0
8565,1001.0,21.0,1.0,100.0,80.0,,6.0,0.95,5411.85,23142293.2625,429.0
8566,1001.0,21.0,1.0,100.0,80.0,,7.0,0.65,5412.5,23147705.7625,429.0
8567,1001.0,21.0,1.0,100.0,80.0,,8.0,0.6125,5413.1125,23153118.875,429.0
8568,1001.0,21.0,1.0,100.0,80.0,,9.0,0.8875,5414.0,23158532.875,429.0
8569,1001.0,21.0,1.0,100.0,80.0,,10.0,0.65,5414.65,23163947.525,429.0
8570,1001.0,21.0,1.0,100.0,80.0,,11.0,0.2375,5414.8875,23169362.4125,429.0
8571,1001.0,21.0,1.0,100.0,80.0,,12.0,0.7375,5415.625,23174778.0375,429.0
8572,1001.0,21.0,1.0,100.0,80.0,,13.0,0.4125,5416.0375,23180194.075,429.0
8573,1001.0,21.0,1.0,100.0,80.0,,14.0,1.05,5417.0875,23185611.1625,429.0
8574,1001.0,21.0,1.0,100.0,80.0,,15.0,1.1125,5418.2,23191029.3625,429.0
8575,1001.0,21.0,1.0,100.0,80.0,,16.0,0.3375,5418.5375,23196447.9,429.0
8576,1001.0,21.0,1.0,100.0,80.0,,17.0,0.8875,5419.425,23201867.325,429.0
8577,1001.0,21.0,1.0,100.0,80.0,,18.0,0.45,5419.875,23207287.2,429.0
8578,1001.0,21.0,1.0,100.0,80.0,,19.0,0.025,5419.9,23212707.1,429.0
8579,1001.0,21.0,1.0,100.0,80.0,,20.0,0.15,5420.05,23218127.15,429.0
8580,1001.0,21.0,1.0,100.0,80.0,,1.0,0.9625,5421.0125,23223548.1625,430.0
8581,1001.0,21.0,1.0,100.0,80.0,,2.0,0.8,5421.8125,23228969.975,430.0
8582,1001.0,21.0,1.0,100.0,80.0,,3.0,0.1625,5421.975,23234391.95,430.0
8583,1001.0,21.0,1.0,100.0,80.0,,4.0,0.4,5422.375,23239814.325,430.0
8584,1001.0,21.0,1.0,100.0,80.0,,5.0,0.575,5422.95,23245237.275,430.0
8585,1001.0,21.0,1.0,100.0,80.0,,6.0,0.4375,5423.3875,23250660.6625,430.0
8586,1001.0,21.0,1.0,100.0,80.0,,7.0,0.05,5423.4375,23256084.1,430.0
8587,1001.0,21.0,1.0,100.0,80.0,,8.0,0.4375,5423.875,23261507.975,430.0
8588,1001.0,21.0,1.0,100.0,80.0,,9.0,0.7625,5424.6375,23266932.6125,430.0
8589,1001.0,21.0,1.0,100.0,80.0,,10.0,0.825,5425.4625,23272358.075,430.0
8590,1001.0,21.0,1.0,100.0,80.0,,11.0,0.5875,5426.05,23277784.125,430.0
8591,1001.0,21.0,1.0,100.0,80.0,,12.0,1.0125,5427.0625,23283211.1875,430.0
8592,1001.0,21.0,1.0,100.0,80.0,,13.0,0.7125,5427.775,23288638.9625,430.0
8593,1001.0,21.0,1.0,100.0,80.0,,14.0,0.4375,5428.2125,23294067.175,430.0
8594,1001.0,21.0,1.0,100.0,80.0,,15.0,0.5,5428.7125,23299495.8875,430.0
8595,1001.0,21.0,1.0,100.0,80.0,,16.0,0.8625,5429.575,23304925.4625,430.0
8596,1001.0,21.0,1.0,100.0,80.0,,17.0,0.175,5429.75,23310355.2125,430.0
8597,1001.0,21.0,1.0,100.0,80.0,,18.0,0.125,5429.875,23315785.0875,430.0
8598,1001.0,21.0,1.0,100.0,80.0,,19.0,0.925,5430.8,23321215.8875,430.0
8599,1001.0,21.0,1.0,100.0,80.0,,20.0,0.825,5431.625,23326647.5125,430.0
8600,1001.0,21.0,1.0,100.0,80.0,,1.0,0.3375,5431.9625,23332079.475,431.0
8601,1001.0,21.0,1.0,100.0,80.0,,2.0,0.0875,5432.05,23337511.525,431.0
8602,1001.0,21.0,1.0,100.0,80.0,,3.0,0.4125,5432.4625,23342943.9875,431.0
8603,1001.0,21.0,1.0,100.0,80.0,,4.0,0.775,5433.2375,23348377.225,431.0
8604,1001.0,21.0,1.0,100.0,80.0,,5.0,0.8375,5434.075,23353811.3,431.0
8605,1001.0,21.0,1.0,100.0,80.0,,6.0,1.225,5435.3,23359246.6,431.0
8606,1001.0,21.0,1.0,100.0,80.0,,7.0,0.7125,5436.0125,23364682.6125,431.0
8607,1001.0,21.0,1.0,100.0,80.0,,8.0,0.0125,5436.025,23370118.6375,431.0
8608,1001.0,21.0,1.0,100.0,80.0,,9.0,0.0375,5436.0625,23375554.7,431.0
8609,1001.0,21.0,1.0,100.0,80.0,,10.0,0.45,5436.5125,23380991.2125,431.0
8610,1001.0,21.0,1.0,100.0,80.0,,11.0,0.225,5436.7375,23386427.95,431.0
8611,1001.0,21.0,1.0,100.0,80.0,,12.0,0.3,5437.0375,23391864.9875,431.0
8612,1001.0,21.0,1.0,100.0,80.0,,13.0,0.125,5437.1625,23397302.15,431.0
8613,1001.0,21.0,1.0,100.0,80.0,,14.0,0.2375,5437.4,23402739.55,431.0
8614,1001.0,21.0,1.0,100.0,80.0,,15.0,0.1375,5437.5375,23408177.0875,431.0
8615,1001.0,21.0,1.0,100.0,80.0,,16.0,1.175,5438.7125,23413615.8,431.0
8616,1001.0,21.0,1.0,100.0,80.0,,17.0,0.3625,5439.075,23419054.875,431.0
8617,1001.0,21.0,1.0,100.0,80.0,,18.0,0.45,5439.525,23424494.4,431.0
8618,1001.0,21.0,1.0,100.0,80.0,,19.0,0.3875,5439.9125,23429934.3125,431.0
8619,1001.0,21.0,1.0,100.0,80.0,,20.0,0.6,5440.5125,23435374.825,431.0
8620,1001.0,21.0,1.0,100.0,80.0,,1.0,0.3875,5440.9,23440815.725,432.0
8621,1001.0,21.0,1.0,100.0,80.0,,2.0,0.5375,5441.4375,23446257.1625,432.0
8622,1001.0,21.0,1.0,100.0,80.0,,3.0,0.7625,5442.2,23451699.3625,432.0
8623,1001.0,21.0,1.0,100.0,80.0,,4.0,1.1625,5443.3625,23457142.725,432.0
8624,1001.0,21.0,1.0,100.0,80.0,,5.0,1.125,5444.4875,23462587.2125,432.0
8625,1001.0,21.0,1.0,100.0,80.0,,6.0,0.6625,5445.15,23468032.3625,432.0
8626,1001.0,21.0,1.0,100.0,80.0,,7.0,1.125,5446.275,23473478.6375,432.0
8627,1001.0,21.0,1.0,100.0,80.0,,8.0,0.8125,5447.0875,23478925.725,432.0
8628,1001.0,21.0,1.0,100.0,80.0,,9.0,0.95,5448.0375,23484373.7625,432.0
8629,1001.0,21.0,1.0,100.0,80.0,,10.0,0.6125,5448.65,23489822.4125,432.0
8630,1001.0,21.0,1.0,100.0,80.0,,11.0,0.3125,5448.9625,23495271.375,432.0
8631,1001.0,21.0,1.0,100.0,80.0,,12.0,0.6,5449.5625,23500720.9375,432.0
8632,1001.0,21.0,1.0,100.0,80.0,,13.0,0.6375,5450.2,23506171.1375,432.0
8633,1001.0,21.0,1.0,100.0,80.0,,14.0,0.475,5450.675,23511621.8125,432.0
8634,1001.0,21.0,1.0,100.0,80.0,,15.0,0.5375,5451.2125,23517073.025,432.0
8635,1001.0,21.0,1.0,100.0,80.0,,16.0,1.2,5452.4125,23522525.4375,432.0
8636,1001.0,21.0,1.0,100.0,80.0,,17.0,0.45,5452.8625,23527978.3,432.0
8637,1001.0,21.0,1.0,100.0,80.0,,18.0,0.025,5452.8875,23533431.1875,432.0
8638,1001.0,21.0,1.0,100.0,80.0,,19.0,0.1,5452.9875,23538884.175,432.0
8639,1001.0,21.0,1.0,100.0,80.0,,20.0,0.125,5453.1125,23544337.2875,432.0
8640,1001.0,21.0,1.0,100.0,80.0,,1.0,1.1125,5454.225,23549791.5125,433.0
8641,1001.0,21.0,1.0,100.0,80.0,,2.0,0.8875,5455.1125,23555246.625,433.0
8642,1001.0,21.0,1.0,100.0,80.0,,3.0,0.1375,5455.25,23560701.875,433.0
8643,1001.0,21.0,1.0,100.0,80.0,,4.0,0.8375,5456.0875,23566157.9625,433.0
8644,1001.0,21.0,1.0,100.0,80.0,,5.0,0.7625,5456.85,23571614.8125,433.0
8645,1001.0,21.0,1.0,100.0,80.0,,6.0,1.225,5458.075,23577072.8875,433.0
8646,1001.0,21.0,1.0,100.0,80.0,,7.0,0.4875,5458.5625,23582531.45,433.0
8647,1001.0,21.0,1.0,100.0,80.0,,8.0,1.0,5459.5625,23587991.0125,433.0
8648,1001.0,21.0,1.0,100.0,80.0,,9.0,0.0125,5459.575,23593450.5875,433.0
8649,1001.0,21.0,1.0,100.0,80.0,,10.0,0.3125,5459.8875,23598910.475,433.0
8650,1001.0,21.0,1.0,100.0,80.0,,11.0,0.6375,5460.525,23604371.0,433.0
8651,1001.0,21.0,1.0,100.0,80.0,,12.0,1.1625,5461.6875,23609832.6875,433.0
8652,1001.0,21.0,1.0,100.0,80.0,,13.0,0.2,5461.8875,23615294.575,433.0
8653,1001.0,21.0,1.0,100.0,80.0,,14.0,0.85,5462.7375,23620757.3125,433.0
8654,1001.0,21.0,1.0,100.0,80.0,,15.0,0.575,5463.3125,23626220.625,433.0
8655,1001.0,21.0,1.0,100.0,80.0,,16.0,0.6875,5464.0,23631684.625,433.0
8656,1001.0,21.0,1.0,100.0,80.0,,17.0,0.875,5464.875,23637149.5,433.0
8657,1001.0,21.0,1.0,100.0,80.0,,18.0,0.4125,5465.2875,23642614.7875,433.0
8658,1001.0,21.0,1.0,100.0,80.0,,19.0,0.4875,5465.775,23648080.5625,433.0
8659,1001.0,21.0,1.0,100.0,80.0,,20.0,1.125,5466.9,23653547.4625,433.0
8660,1001.0,21.0,1.0,100.0,80.0,,1.0,0.2125,5467.1125,23659014.575,434.0
8661,1001.0,21.0,1.0,100.0,80.0,,2.0,0.2,5467.3125,23664481.8875,434.0
8662,1001.0,21.0,1.0,100.0,80.0,,3.0,0.175,5467.4875,23669949.375,434.0
8663,1001.0,21.0,1.0,100.0,80.0,,4.0,0.3875,5467.875,23675417.25,434.0
8664,1001.0,21.0,1.0,100.0,80.0,,5.0,1.1375,5469.0125,23680886.2625,434.0
8665,1001.0,21.0,1.0,100.0,80.0,,6.0,0.3375,5469.35,23686355.6125,434.0
8666,1001.0,21.0,1.0,100.0,80.0,,7.0,0.25,5469.6,23691825.2125,434.0
8667,1001.0,21.0,1.0,100.0,80.0,,8.0,0.05,5469.65,23697294.8625,434.0
8668,1001.0,21.0,1.0,100.0,80.0,,9.0,0.2,5469.85,23702764.7125,434.0
8669,1001.0,21.0,1.0,100.0,80.0,,10.0,1.175,5471.025,23708235.7375,434.0
8670,1001.0,21.0,1.0,100.0,80.0,,11.0,0.325,5471.35,23713707.0875,434.0
8671,1001.0,21.0,1.0,100.0,80.0,,12.0,0.675,5472.025,23719179.1125,434.0
8672,1001.0,21.0,1.0,100.0,80.0,,13.0,0.8125,5472.8375,23724651.95,434.0
8673,1001.0,21.0,1.0,100.0,80.0,,14.0,0.9125,5473.75,23730125.7,434.0
8674,1001.0,21.0,1.0,100.0,80.0,,15.0,0.225,5473.975,23735599.675,434.0
8675,1001.0,21.0,1.0,100.0,80.0,,16.0,0.1125,5474.0875,23741073.7625,434.0
8676,1001.0,21.0,1.0,100.0,80.0,,17.0,0.35,5474.4375,23746548.2,434.0
8677,1001.0,21.0,1.0,100.0,80.0,,18.0,0.2625,5474.7,23752022.9,434.0
8678,1001.0,21.0,1.0,100.0,80.0,,19.0,1.025,5475.725,23757498.625,434.0
8679,1001.0,21.0,1.0,100.0,80.0,,20.0,1.125,5476.85,23762975.475,434.0
8680,1001.0,21.0,1.0,100.0,80.0,,1.0,0.2,5477.05,23768452.525,435.0
8681,1001.0,21.0,1.0,100.0,80.0,,2.0,0.7375,5477.7875,23773930.3125,435.0
8682,1001.0,21.0,1.0,100.0,80.0,,3.0,0.7125,5478.5,23779408.8125,435.0
8683,1001.0,21.0,1.0,100.0,80.0,,4.0,0.525,5479.025,23784887.8375,435.0
8684,1001.0,21.0,1.0,100.0,80.0,,5.0,1.1875,5480.2125,23790368.05,435.0
8685,1001.0,21.0,1.0,100.0,80.0,,6.0,0.925,5481.1375,23795849.1875,435.0
8686,1001.0,21.0,1.0,100.0,80.0,,7.0,0.3375,5481.475,23801330.6625,435.0
8687,1001.0,21.0,1.0,100.0,80.0,,8.0,0.8125,5482.2875,23806812.95,435.0
8688,1001.0,21.0,1.0,100.0,80.0,,9.0,0.175,5482.4625,23812295.4125,435.0
8689,1001.0,21.0,1.0,100.0,80.0,,10.0,0.3375,5482.8,23817778.2125,435.0
8690,1001.0,21.0,1.0,100.0,80.0,,11.0,1.0125,5483.8125,23823262.025,435.0
8691,1001.0,21.0,1.0,100.0,80.0,,12.0,0.3125,5484.125,23828746.15,435.0
8692,1001.0,21.0,1.0,100.0,80.0,,13.0,0.7375,5484.8625,23834231.0125,435.0
8693,1001.0,21.0,1.0,100.0,80.0,,14.0,1.075,5485.9375,23839716.95,435.0
8694,1001.0,21.0,1.0,100.0,80.0,,15.0,1.1375,5487.075,23845204.025,435.0
8695,1001.0,21.0,1.0,100.0,80.0,,16.0,0.6,5487.675,23850691.7,435.0
8696,1001.0,21.0,1.0,100.0,80.0,,17.0,1.0875,5488.7625,23856180.4625,435.0
8697,1001.0,21.0,1.0,100.0,80.0,,18.0,0.7625,5489.525,23861669.9875,435.0
8698,1001.0,21.0,1.0,100.0,80.0,,19.0,0.4375,5489.9625,23867159.95,435.0
8699,1001.0,21.0,1.0,100.0,80.0,,20.0,0.1125,5490.075,23872650.025,435.0
8700,1001.0,21.0,1.0,100.0,80.0,,1.0,1.125,5491.2,23878141.225,436.0
8701,1001.0,21.0,1.0,100.0,80.0,,2.0,0.9,5492.1,23883633.325,436.0
8702,1001.0,21.0,1.0,100.0,80.0,,3.0,0.975,5493.075,23889126.4,436.0
8703,1001.0,21.0,1.0,100.0,80.0,,4.0,0.9,5493.975,23894620.375,436.0
8704,1001.0,21.0,1.0,100.0,80.0,,5.0,0.6375,5494.6125,23900114.9875,436.0
8705,1001.0,21.0,1.0,100.0,80.0,,6.0,0.1,5494.7125,23905609.7,436.0
8706,1001.0,21.0,1.0,100.0,80.0,,7.0,0.8125,5495.525,23911105.225,436.0
8707,1001.0,21.0,1.0,100.0,80.0,,8.0,0.1875,5495.7125,23916600.9375,436.0
8708,1001.0,21.0,1.0,100.0,80.0,,9.0,0.1625,5495.875,23922096.8125,436.0
8709,1001.0,21.0,1.0,100.0,80.0,,10.0,0.1125,5495.9875,23927592.8,436.0
8710,1001.0,21.0,1.0,100.0,80.0,,11.0,1.0125,5497.0,23933089.8,436.0
8711,1001.0,21.0,1.0,100.0,80.0,,12.0,0.7,5497.7,23938587.5,436.0
8712,1001.0,21.0,1.0,100.0,80.0,,13.0,0.45,5498.15,23944085.65,436.0
8713,1001.0,21.0,1.0,100.0,80.0,,14.0,0.4375,5498.5875,23949584.2375,436.0
8714,1001.0,21.0,1.0,100.0,80.0,,15.0,1.05,5499.6375,23955083.875,436.0
8715,1001.0,21.0,1.0,100.0,80.0,,16.0,1.2125,5500.85,23960584.725,436.0
8716,1001.0,21.0,1.0,100.0,80.0,,17.0,1.075,5501.925,23966086.65,436.0
8717,1001.0,21.0,1.0,100.0,80.0,,18.0,0.85,5502.775,23971589.425,436.0
8718,1001.0,21.0,1.0,100.0,80.0,,19.0,1.075,5503.85,23977093.275,436.0
8719,1001.0,21.0,1.0,100.0,80.0,,20.0,0.325,5504.175,23982597.45,436.0
8720,1001.0,21.0,1.0,100.0,80.0,,1.0,0.7875,5504.9625,23988102.4125,437.0
8721,1001.0,21.0,1.0,100.0,80.0,,2.0,0.0125,5504.975,23993607.3875,437.0
8722,1001.0,21.0,1.0,100.0,80.0,,3.0,0.1875,5505.1625,23999112.55,437.0
8723,1001.0,21.0,1.0,100.0,80.0,,4.0,0.825,5505.9875,24004618.5375,437.0
8724,1001.0,21.0,1.0,100.0,80.0,,5.0,0.3125,5506.3,24010124.8375,437.0
8725,1001.0,21.0,1.0,100.0,80.0,,6.0,0.2375,5506.5375,24015631.375,437.0
8726,1001.0,21.0,1.0,100.0,80.0,,7.0,1.2375,5507.775,24021139.15,437.0
8727,1001.0,21.0,1.0,100.0,80.0,,8.0,0.7125,5508.4875,24026647.6375,437.0
8728,1001.0,21.0,1.0,100.0,80.0,,9.0,0.4625,5508.95,24032156.5875,437.0
8729,1001.0,21.0,1.0,100.0,80.0,,10.0,0.7,5509.65,24037666.2375,437.0
8730,1001.0,21.0,1.0,100.0,80.0,,11.0,0.1625,5509.8125,24043176.05,437.0
8731,1001.0,21.0,1.0,100.0,80.0,,12.0,0.5625,5510.375,24048686.425,437.0
8732,1001.0,21.0,1.0,100.0,80.0,,13.0,1.0625,5511.4375,24054197.8625,437.0
8733,1001.0,21.0,1.0,100.0,80.0,,14.0,0.925,5512.3625,24059710.225,437.0
8734,1001.0,21.0,1.0,100.0,80.0,,15.0,0.1625,5512.525,24065222.75,437.0
8735,1001.0,21.0,1.0,100.0,80.0,,16.0,0.4125,5512.9375,24070735.6875,437.0
8736,1001.0,21.0,1.0,100.0,80.0,,17.0,0.9125,5513.85,24076249.5375,437.0
8737,1001.0,21.0,1.0,100.0,80.0,,18.0,1.0125,5514.8625,24081764.4,437.0
8738,1001.0,21.0,1.0,100.0,80.0,,19.0,0.225,5515.0875,24087279.4875,437.0
8739,1001.0,21.0,1.0,100.0,80.0,,20.0,0.3,5515.3875,24092794.875,437.0
8740,1001.0,21.0,1.0,100.0,80.0,,1.0,0.3125,5515.7,24098310.575,438.0
8741,1001.0,21.0,1.0,100.0,80.0,,2.0,1.1875,5516.8875,24103827.4625,438.0
8742,1001.0,21.0,1.0,100.0,80.0,,3.0,0.275,5517.1625,24109344.625,438.0
8743,1001.0,21.0,1.0,100.0,80.0,,4.0,0.475,5517.6375,24114862.2625,438.0
8744,1001.0,21.0,1.0,100.0,80.0,,5.0,1.1625,5518.8,24120381.0625,438.0
8745,1001.0,21.0,1.0,100.0,80.0,,6.0,0.95,5519.75,24125900.8125,438.0
8746,1001.0,21.0,1.0,100.0,80.0,,7.0,0.5625,5520.3125,24131421.125,438.0
8747,1001.0,21.0,1.0,100.0,80.0,,8.0,0.0125,5520.325,24136941.45,438.0
8748,1001.0,21.0,1.0,100.0,80.0,,9.0,0.3625,5520.6875,24142462.1375,438.0
8749,1001.0,21.0,1.0,100.0,80.0,,10.0,0.8,5521.4875,24147983.625,438.0
8750,1001.0,21.0,1.0,100.0,80.0,,11.0,1.1,5522.5875,24153506.2125,438.0
8751,1001.0,21.0,1.0,100.0,80.0,,12.0,0.4125,5523.0,24159029.2125,438.0
8752,1001.0,21.0,1.0,100.0,80.0,,13.0,0.7125,5523.7125,24164552.925,438.0
8753,1001.0,21.0,1.0,100.0,80.0,,14.0,0.425,5524.1375,24170077.0625,438.0
8754,1001.0,21.0,1.0,100.0,80.0,,15.0,0.925,5525.0625,24175602.125,438.0
8755,1001.0,21.0,1.0,100.0,80.0,,16.0,0.375,5525.4375,24181127.5625,438.0
8756,1001.0,21.0,1.0,100.0,80.0,,17.0,0.4875,5525.925,24186653.4875,438.0
8757,1001.0,21.0,1.0,100.0,80.0,,18.0,0.325,5526.25,24192179.7375,438.0
8758,1001.0,21.0,1.0,100.0,80.0,,19.0,0.7,5526.95,24197706.6875,438.0
8759,1001.0,21.0,1.0,100.0,80.0,,20.0,1.2,5528.15,24203234.8375,438.0
8760,1001.0,21.0,1.0,100.0,80.0,,1.0,0.125,5528.275,24208763.1125,439.0
8761,1001.0,21.0,1.0,100.0,80.0,,2.0,0.5875,5528.8625,24214291.975,439.0
8762,1001.0,21.0,1.0,100.0,80.0,,3.0,1.05,5529.9125,24219821.8875,439.0
8763,1001.0,21.0,1.0,100.0,80.0,,4.0,0.0375,5529.95,24225351.8375,439.0
8764,1001.0,21.0,1.0,100.0,80.0,,5.0,0.9875,5530.9375,24230882.775,439.0
8765,1001.0,21.0,1.0,100.0,80.0,,6.0,0.2875,5531.225,24236414.0,439.0
8766,1001.0,21.0,1.0,100.0,80.0,,7.0,0.7875,5532.0125,24241946.0125,439.0
8767,1001.0,21.0,1.0,100.0,80.0,,8.0,0.6125,5532.625,24247478.6375,439.0
8768,1001.0,21.0,1.0,100.0,80.0,,9.0,1.1625,5533.7875,24253012.425,439.0
8769,1001.0,21.0,1.0,100.0,80.0,,10.0,0.2375,5534.025,24258546.45,439.0
8770,1001.0,21.0,1.0,100.0,80.0,,11.0,0.8625,5534.8875,24264081.3375,439.0
8771,1001.0,21.0,1.0,100.0,80.0,,12.0,0.7125,5535.6,24269616.9375,439.0
8772,1001.0,21.0,1.0,100.0,80.0,,13.0,1.2,5536.8,24275153.7375,439.0
8773,1001.0,21.0,1.0,100.0,80.0,,14.0,0.125,5536.925,24280690.6625,439.0
8774,1001.0,21.0,1.0,100.0,80.0,,15.0,0.3,5537.225,24286227.8875,439.0
8775,1001.0,21.0,1.0,100.0,80.0,,16.0,0.8375,5538.0625,24291765.95,439.0
8776,1001.0,21.0,1.0,100.0,80.0,,17.0,0.9625,5539.025,24297304.975,439.0
8777,1001.0,21.0,1.0,100.0,80.0,,18.0,0.05,5539.075,24302844.05,439.0
8778,1001.0,21.0,1.0,100.0,80.0,,19.0,1.15,5540.225,24308384.275,439.0
8779,1001.0,21.0,1.0,100.0,80.0,,20.0,0.525,5540.75,24313925.025,439.0
8780,1001.0,21.0,1.0,100.0,80.0,,1.0,0.8125,5541.5625,24319466.5875,440.0
8781,1001.0,21.0,1.0,100.0,80.0,,2.0,1.0375,5542.6,24325009.1875,440.0
8782,1001.0,21.0,1.0,100.0,80.0,,3.0,0.8625,5543.4625,24330552.65,440.0
8783,1001.0,21.0,1.0,100.0,80.0,,4.0,0.7625,5544.225,24336096.875,440.0
8784,1001.0,21.0,1.0,100.0,80.0,,5.0,0.025,5544.25,24341641.125,440.0
8785,1001.0,21.0,1.0,100.0,80.0,,6.0,0.7875,5545.0375,24347186.1625,440.0
8786,1001.0,21.0,1.0,100.0,80.0,,7.0,0.25,5545.2875,24352731.45,440.0
8787,1001.0,21.0,1.0,100.0,80.0,,8.0,1.125,5546.4125,24358277.8625,440.0
8788,1001.0,21.0,1.0,100.0,80.0,,9.0,0.7875,5547.2,24363825.0625,440.0
8789,1001.0,21.0,1.0,100.0,80.0,,10.0,0.125,5547.325,24369372.3875,440.0
8790,1001.0,21.0,1.0,100.0,80.0,,11.0,0.0875,5547.4125,24374919.8,440.0
8791,1001.0,21.0,1.0,100.0,80.0,,12.0,0.2,5547.6125,24380467.4125,440.0
8792,1001.0,21.0,1.0,100.0,80.0,,13.0,0.8875,5548.5,24386015.9125,440.0
8793,1001.0,21.0,1.0,100.0,80.0,,14.0,0.925,5549.425,24391565.3375,440.0
8794,1001.0,21.0,1.0,100.0,80.0,,15.0,0.475,5549.9,24397115.2375,440.0
8795,1001.0,21.0,1.0,100.0,80.0,,16.0,1.075,5550.975,24402666.2125,440.0
8796,1001.0,21.0,1.0,100.0,80.0,,17.0,0.35,5551.325,24408217.5375,440.0
8797,1001.0,21.0,1.0,100.0,80.0,,18.0,0.575,5551.9,24413769.4375,440.0
8798,1001.0,21.0,1.0,100.0,80.0,,19.0,0.8375,5552.7375,24419322.175,440.0
8799,1001.0,21.0,1.0,100.0,80.0,,20.0,0.1625,5552.9,24424875.075,440.0
8800,1001.0,21.0,1.0,100.0,80.0,,1.0,0.425,5553.325,24430428.4,441.0
8801,1001.0,21.0,1.0,100.0,80.0,,2.0,0.8625,5554.1875,24435982.5875,441.0
8802,1001.0,21.0,1.0,100.0,80.0,,3.0,1.2375,5555.425,24441538.0125,441.0
8803,1001.0,21.0,1.0,100.0,80.0,,4.0,0.9125,5556.3375,24447094.35,441.0
8804,1001.0,21.0,1.0,100.0,80.0,,5.0,0.775,5557.1125,24452651.4625,441.0
8805,1001.0,21.0,1.0,100.0,80.0,,6.0,1.2125,5558.325,24458209.7875,441.0
8806,1001.0,21.0,1.0,100.0,80.0,,7.0,0.275,5558.6,24463768.3875,441.0
8807,1001.0,21.0,1.0,100.0,80.0,,8.0,0.8,5559.4,24469327.7875,441.0
8808,1001.0,21.0,1.0,100.0,80.0,,9.0,0.35,5559.75,24474887.5375,441.0
8809,1001.0,21.0,1.0,100.0,80.0,,10.0,1.05,5560.8,24480448.3375,441.0
8810,1001.0,21.0,1.0,100.0,80.0,,11.0,0.6375,5561.4375,24486009.775,441.0
8811,1001.0,21.0,1.0,100.0,80.0,,12.0,0.5125,5561.95,24491571.725,441.0
8812,1001.0,21.0,1.0,100.0,80.0,,13.0,0.05,5562.0,24497133.725,441.0
8813,1001.0,21.0,1.0,100.0,80.0,,14.0,1.225,5563.225,24502696.95,441.0
8814,1001.0,21.0,1.0,100.0,80.0,,15.0,0.0875,5563.3125,24508260.2625,441.0
8815,1001.0,21.0,1.0,100.0,80.0,,16.0,0.8625,5564.175,24513824.4375,441.0
8816,1001.0,21.0,1.0,100.0,80.0,,17.0,0.4375,5564.6125,24519389.05,441.0
8817,1001.0,21.0,1.0,100.0,80.0,,18.0,0.35,5564.9625,24524954.0125,441.0
8818,1001.0,21.0,1.0,100.0,80.0,,19.0,0.6625,5565.625,24530519.6375,441.0
8819,1001.0,21.0,1.0,100.0,80.0,,20.0,1.2,5566.825,24536086.4625,441.0
8820,1001.0,21.0,1.0,100.0,80.0,,1.0,0.2125,5567.0375,24541653.5,442.0
8821,1001.0,21.0,1.0,100.0,80.0,,2.0,0.2375,5567.275,24547220.775,442.0
8822,1001.0,21.0,1.0,100.0,80.0,,3.0,0.2,5567.475,24552788.25,442.0
8823,1001.0,21.0,1.0,100.0,80.0,,4.0,1.225,5568.7,24558356.95,442.0
8824,1001.0,21.0,1.0,100.0,80.0,,5.0,0.3875,5569.0875,24563926.0375,442.0
8825,1001.0,21.0,1.0,100.0,80.0,,6.0,0.05,5569.1375,24569495.175,442.0
8826,1001.0,21.0,1.0,100.0,80.0,,7.0,0.1625,5569.3,24575064.475,442.0
8827,1001.0,21.0,1.0,100.0,80.0,,8.0,0.675,5569.975,24580634.45,442.0
8828,1001.0,21.0,1.0,100.0,80.0,,9.0,0.5875,5570.5625,24586205.0125,442.0
8829,1001.0,21.0,1.0,100.0,80.0,,10.0,0.9875,5571.55,24591776.5625,442.0
8830,1001.0,21.0,1.0,100.0,80.0,,11.0,0.9,5572.45,24597349.0125,442.0
8831,1001.0,21.0,1.0,100.0,80.0,,12.0,0.6875,5573.1375,24602922.15,442.0
8832,1001.0,21.0,1.0,100.0,80.0,,13.0,0.55,5573.6875,24608495.8375,442.0
8833,1001.0,21.0,1.0,100.0,80.0,,14.0,0.625,5574.3125,24614070.15,442.0
8834,1001.0,21.0,1.0,100.0,80.0,,15.0,0.6375,5574.95,24619645.1,442.0
8835,1001.0,21.0,1.0,100.0,80.0,,16.0,0.125,5575.075,24625220.175,442.0
8836,1001.0,21.0,1.0,100.0,80.0,,17.0,0.5,5575.575,24630795.75,442.0
8837,1001.0,21.0,1.0,100.0,80.0,,18.0,0.75,5576.325,24636372.075,442.0
8838,1001.0,21.0,1.0,100.0,80.0,,19.0,1.0875,5577.4125,24641949.4875,442.0
8839,1001.0,21.0,1.0,100.0,80.0,,20.0,0.875,5578.2875,24647527.775,442.0
8840,1001.0,21.0,1.0,100.0,80.0,,1.0,0.275,5578.5625,24653106.3375,443.0
8841,1001.0,21.0,1.0,100.0,80.0,,2.0,1.2375,5579.8,24658686.1375,443.0
8842,1001.0,21.0,1.0,100.0,80.0,,3.0,0.2875,5580.0875,24664266.225,443.0
8843,1001.0,21.0,1.0,100.0,80.0,,4.0,0.7125,5580.8,24669847.025,443.0
8844,1001.0,21.0,1.0,100.0,80.0,,5.0,0.15,5580.95,24675427.975,443.0
8845,1001.0,21.0,1.0,100.0,80.0,,6.0,0.4125,5581.3625,24681009.3375,443.0
8846,1001.0,21.0,1.0,100.0,80.0,,7.0,1.1375,5582.5,24686591.8375,443.0
8847,1001.0,21.0,1.0,100.0,80.0,,8.0,0.5375,5583.0375,24692174.875,443.0
8848,1001.0,21.0,1.0,100.0,80.0,,9.0,0.225,5583.2625,24697758.1375,443.0
8849,1001.0,21.0,1.0,100.0,80.0,,10.0,0.2375,5583.5,24703341.6375,443.0
8850,1001.0,21.0,1.0,100.0,80.0,,11.0,0.275,5583.775,24708925.4125,443.0
8851,1001.0,21.0,1.0,100.0,80.0,,12.0,0.175,5583.95,24714509.3625,443.0
8852,1001.0,21.0,1.0,100.0,80.0,,13.0,0.175,5584.125,24720093.4875,443.0
8853,1001.0,21.0,1.0,100.0,80.0,,14.0,0.5,5584.625,24725678.1125,443.0
8854,1001.0,21.0,1.0,100.0,80.0,,15.0,1.2375,5585.8625,24731263.975,443.0
8855,1001.0,21.0,1.0,100.0,80.0,,16.0,0.6625,5586.525,24736850.5,443.0
8856,1001.0,21.0,1.0,100.0,80.0,,17.0,0.55,5587.075,24742437.575,443.0
8857,1001.0,21.0,1.0,100.0,80.0,,18.0,0.6375,5587.7125,24748025.2875,443.0
8858,1001.0,21.0,1.0,100.0,80.0,,19.0,0.2,5587.9125,24753613.2,443.0
8859,1001.0,21.0,1.0,100.0,80.0,,20.0,0.2,5588.1125,24759201.3125,443.0
8860,1001.0,21.0,1.0,100.0,80.0,,1.0,0.6125,5588.725,24764790.0375,444.0
8861,1001.0,21.0,1.0,100.0,80.0,,2.0,0.825,5589.55,24770379.5875,444.0
8862,1001.0,21.0,1.0,100.0,80.0,,3.0,0.65,5590.2,24775969.7875,444.0
8863,1001.0,21.0,1.0,100.0,80.0,,4.0,0.5875,5590.7875,24781560.575,444.0
8864,1001.0,21.0,1.0,100.0,80.0,,5.0,0.5625,5591.35,24787151.925,444.0
8865,1001.0,21.0,1.0,100.0,80.0,,6.0,0.1875,5591.5375,24792743.4625,444.0
8866,1001.0,21.0,1.0,100.0,80.0,,7.0,0.875,5592.4125,24798335.875,444.0
8867,1001.0,21.0,1.0,100.0,80.0,,8.0,0.9375,5593.35,24803929.225,444.0
8868,1001.0,21.0,1.0,100.0,80.0,,9.0,0.025,5593.375,24809522.6,444.0
8869,1001.0,21.0,1.0,100.0,80.0,,10.0,1.05,5594.425,24815117.025,444.0
8870,1001.0,21.0,1.0,100.0,80.0,,11.0,0.0375,5594.4625,24820711.4875,444.0
8871,1001.0,21.0,1.0,100.0,80.0,,12.0,0.6125,5595.075,24826306.5625,444.0
8872,1001.0,21.0,1.0,100.0,80.0,,13.0,0.525,5595.6,24831902.1625,444.0
8873,1001.0,21.0,1.0,100.0,80.0,,14.0,1.0625,5596.6625,24837498.825,444.0
8874,1001.0,21.0,1.0,100.0,80.0,,15.0,1.0625,5597.725,24843096.55,444.0
8875,1001.0,21.0,1.0,100.0,80.0,,16.0,0.225,5597.95,24848694.5,444.0
8876,1001.0,21.0,1.0,100.0,80.0,,17.0,0.5625,5598.5125,24854293.0125,444.0
8877,1001.0,21.0,1.0,100.0,80.0,,18.0,0.925,5599.4375,24859892.45,444.0
8878,1001.0,21.0,1.0,100.0,80.0,,19.0,0.7,5600.1375,24865492.5875,444.0
8879,1001.0,21.0,1.0,100.0,80.0,,20.0,0.475,5600.6125,24871093.2,444.0
8880,1001.0,21.0,1.0,100.0,80.0,,1.0,0.325,5600.9375,24876694.1375,445.0
8881,1001.0,21.0,1.0,100.0,80.0,,2.0,0.0125,5600.95,24882295.0875,445.0
8882,1001.0,21.0,1.0,100.0,80.0,,3.0,0.375,5601.325,24887896.4125,445.0
8883,1001.0,21.0,1.0,100.0,80.0,,4.0,0.0375,5601.3625,24893497.775,445.0
8884,1001.0,21.0,1.0,100.0,80.0,,5.0,0.3,5601.6625,24899099.4375,445.0
8885,1001.0,21.0,1.0,100.0,80.0,,6.0,0.075,5601.7375,24904701.175,445.0
8886,1001.0,21.0,1.0,100.0,80.0,,7.0,0.775,5602.5125,24910303.6875,445.0
8887,1001.0,21.0,1.0,100.0,80.0,,8.0,0.2375,5602.75,24915906.4375,445.0
8888,1001.0,21.0,1.0,100.0,80.0,,9.0,0.9125,5603.6625,24921510.1,445.0
8889,1001.0,21.0,1.0,100.0,80.0,,10.0,1.1375,5604.8,24927114.9,445.0
8890,1001.0,21.0,1.0,100.0,80.0,,11.0,1.125,5605.925,24932720.825,445.0
8891,1001.0,21.0,1.0,100.0,80.0,,12.0,0.4375,5606.3625,24938327.1875,445.0
8892,1001.0,21.0,1.0,100.0,80.0,,13.0,0.1875,5606.55,24943933.7375,445.0
8893,1001.0,21.0,1.0,100.0,80.0,,14.0,0.6875,5607.2375,24949540.975,445.0
8894,1001.0,21.0,1.0,100.0,80.0,,15.0,1.1,5608.3375,24955149.3125,445.0
8895,1001.0,21.0,1.0,100.0,80.0,,16.0,0.625,5608.9625,24960758.275,445.0
8896,1001.0,21.0,1.0,100.0,80.0,,17.0,0.6625,5609.625,24966367.9,445.0
8897,1001.0,21.0,1.0,100.0,80.0,,18.0,1.175,5610.8,24971978.7,445.0
8898,1001.0,21.0,1.0,100.0,80.0,,19.0,0.825,5611.625,24977590.325,445.0
8899,1001.0,21.0,1.0,100.0,80.0,,20.0,0.65,5612.275,24983202.6,445.0
8900,1001.0,21.0,1.0,100.0,80.0,,1.0,0.7875,5613.0625,24988815.6625,446.0
8901,1001.0,21.0,1.0,100.0,80.0,,2.0,1.0625,5614.125,24994429.7875,446.0
8902,1001.0,21.0,1.0,100.0,80.0,,3.0,0.5,5614.625,25000044.4125,446.0
8903,1001.0,21.0,1.0,100.0,80.0,,4.0,0.95,5615.575,25005659.9875,446.0
8904,1001.0,21.0,1.0,100.0,80.0,,5.0,0.75,5616.325,25011276.3125,446.0
8905,1001.0,21.0,1.0,100.0,80.0,,6.0,0.3875,5616.7125,25016893.025,446.0
8906,1001.0,21.0,1.0,100.0,80.0,,7.0,0.475,5617.1875,25022510.2125,446.0
8907,1001.0,21.0,1.0,100.0,80.0,,8.0,1.1625,5618.35,25028128.5625,446.0
8908,1001.0,21.0,1.0,100.0,80.0,,9.0,1.0875,5619.4375,25033748.0,446.0
8909,1001.0,21.0,1.0,100.0,80.0,,10.0,1.2,5620.6375,25039368.6375,446.0
8910,1001.0,21.0,1.0,100.0,80.0,,11.0,1.15,5621.7875,25044990.425,446.0
8911,1001.0,21.0,1.0,100.0,80.0,,12.0,0.5125,5622.3,25050612.725,446.0
8912,1001.0,21.0,1.0,100.0,80.0,,13.0,0.175,5622.475,25056235.2,446.0
8913,1001.0,21.0,1.0,100.0,80.0,,14.0,0.5375,5623.0125,25061858.2125,446.0
8914,1001.0,21.0,1.0,100.0,80.0,,15.0,0.7,5623.7125,25067481.925,446.0
8915,1001.0,21.0,1.0,100.0,80.0,,16.0,0.25,5623.9625,25073105.8875,446.0
8916,1001.0,21.0,1.0,100.0,80.0,,17.0,0.6125,5624.575,25078730.4625,446.0
8917,1001.0,21.0,1.0,100.0,80.0,,18.0,0.5875,5625.1625,25084355.625,446.0
8918,1001.0,21.0,1.0,100.0,80.0,,19.0,0.1,5625.2625,25089980.8875,446.0
8919,1001.0,21.0,1.0,100.0,80.0,,20.0,0.4875,5625.75,25095606.6375,446.0
8920,1001.0,21.0,1.0,100.0,80.0,,1.0,0.425,5626.175,25101232.8125,447.0
8921,1001.0,21.0,1.0,100.0,80.0,,2.0,0.7875,5626.9625,25106859.775,447.0
8922,1001.0,21.0,1.0,100.0,80.0,,3.0,0.2625,5627.225,25112487.0,447.0
8923,1001.0,21.0,1.0,100.0,80.0,,4.0,0.325,5627.55,25118114.55,447.0
8924,1001.0,21.0,1.0,100.0,80.0,,5.0,0.05,5627.6,25123742.15,447.0
8925,1001.0,21.0,1.0,100.0,80.0,,6.0,0.575,5628.175,25129370.325,447.0
8926,1001.0,21.0,1.0,100.0,80.0,,7.0,0.825,5629.0,25134999.325,447.0
8927,1001.0,21.0,1.0,100.0,80.0,,8.0,1.2125,5630.2125,25140629.5375,447.0
8928,1001.0,21.0,1.0,100.0,80.0,,9.0,0.5875,5630.8,25146260.3375,447.0
8929,1001.0,21.0,1.0,100.0,80.0,,10.0,0.8875,5631.6875,25151892.025,447.0
8930,1001.0,21.0,1.0,100.0,80.0,,11.0,0.8625,5632.55,25157524.575,447.0
8931,1001.0,21.0,1.0,100.0,80.0,,12.0,1.2,5633.75,25163158.325,447.0
8932,1001.0,21.0,1.0,100.0,80.0,,13.0,0.8,5634.55,25168792.875,447.0
8933,1001.0,21.0,1.0,100.0,80.0,,14.0,0.375,5634.925,25174427.8,447.0
8934,1001.0,21.0,1.0,100.0,80.0,,15.0,1.1375,5636.0625,25180063.8625,447.0
8935,1001.0,21.0,1.0,100.0,80.0,,16.0,0.1,5636.1625,25185700.025,447.0
8936,1001.0,21.0,1.0,100.0,80.0,,17.0,0.6625,5636.825,25191336.85,447.0
8937,1001.0,21.0,1.0,100.0,80.0,,18.0,0.325,5637.15,25196974.0,447.0
8938,1001.0,21.0,1.0,100.0,80.0,,19.0,0.5375,5637.6875,25202611.6875,447.0
8939,1001.0,21.0,1.0,100.0,80.0,,20.0,0.175,5637.8625,25208249.55,447.0
8940,1001.0,21.0,1.0,100.0,80.0,,1.0,1.0875,5638.95,25213888.5,448.0
8941,1001.0,21.0,1.0,100.0,80.0,,2.0,0.125,5639.075,25219527.575,448.0
8942,1001.0,21.0,1.0,100.0,80.0,,3.0,0.375,5639.45,25225167.025,448.0
8943,1001.0,21.0,1.0,100.0,80.0,,4.0,0.15,5639.6,25230806.625,448.0
8944,1001.0,21.0,1.0,100.0,80.0,,5.0,0.45,5640.05,25236446.675,448.0
8945,1001.0,21.0,1.0,100.0,80.0,,6.0,0.8375,5640.8875,25242087.5625,448.0
8946,1001.0,21.0,1.0,100.0,80.0,,7.0,0.2125,5641.1,25247728.6625,448.0
8947,1001.0,21.0,1.0,100.0,80.0,,8.0,0.9125,5642.0125,25253370.675,448.0
8948,1001.0,21.0,1.0,100.0,80.0,,9.0,0.225,5642.2375,25259012.9125,448.0
8949,1001.0,21.0,1.0,100.0,80.0,,10.0,0.5375,5642.775,25264655.6875,448.0
8950,1001.0,21.0,1.0,100.0,80.0,,11.0,0.1875,5642.9625,25270298.65,448.0
8951,1001.0,21.0,1.0,100.0,80.0,,12.0,0.275,5643.2375,25275941.8875,448.0
8952,1001.0,21.0,1.0,100.0,80.0,,13.0,1.225,5644.4625,25281586.35,448.0
8953,1001.0,21.0,1.0,100.0,80.0,,14.0,0.9125,5645.375,25287231.725,448.0
8954,1001.0,21.0,1.0,100.0,80.0,,15.0,0.225,5645.6,25292877.325,448.0
8955,1001.0,21.0,1.0,100.0,80.0,,16.0,0.275,5645.875,25298523.2,448.0
8956,1001.0,21.0,1.0,100.0,80.0,,17.0,1.175,5647.05,25304170.25,448.0
8957,1001.0,21.0,1.0,100.0,80.0,,18.0,1.1125,5648.1625,25309818.4125,448.0
8958,1001.0,21.0,1.0,100.0,80.0,,19.0,0.425,5648.5875,25315467.0,448.0
8959,1001.0,21.0,1.0,100.0,80.0,,20.0,1.2375,5649.825,25321116.825,448.0
8960,1001.0,21.0,1.0,100.0,80.0,,1.0,1.2,5651.025,25326767.85,449.0
8961,1001.0,21.0,1.0,100.0,80.0,,2.0,0.4125,5651.4375,25332419.2875,449.0
8962,1001.0,21.0,1.0,100.0,80.0,,3.0,0.5875,5652.025,25338071.3125,449.0
8963,1001.0,21.0,1.0,100.0,80.0,,4.0,0.45,5652.475,25343723.7875,449.0
8964,1001.0,21.0,1.0,100.0,80.0,,5.0,0.9125,5653.3875,25349377.175,449.0
8965,1001.0,21.0,1.0,100.0,80.0,,6.0,1.1375,5654.525,25355031.7,449.0
8966,1001.0,21.0,1.0,100.0,80.0,,7.0,0.0875,5654.6125,25360686.3125,449.0
8967,1001.0,21.0,1.0,100.0,80.0,,8.0,0.6625,5655.275,25366341.5875,449.0
8968,1001.0,21.0,1.0,100.0,80.0,,9.0,0.75,5656.025,25371997.6125,449.0
8969,1001.0,21.0,1.0,100.0,80.0,,10.0,0.0125,5656.0375,25377653.65,449.0
8970,1001.0,21.0,1.0,100.0,80.0,,11.0,0.925,5656.9625,25383310.6125,449.0
8971,1001.0,21.0,1.0,100.0,80.0,,12.0,0.3375,5657.3,25388967.9125,449.0
8972,1001.0,21.0,1.0,100.0,80.0,,13.0,0.5625,5657.8625,25394625.775,449.0
8973,1001.0,21.0,1.0,100.0,80.0,,14.0,0.3625,5658.225,25400284.0,449.0
8974,1001.0,21.0,1.0,100.0,80.0,,15.0,0.0375,5658.2625,25405942.2625,449.0
8975,1001.0,21.0,1.0,100.0,80.0,,16.0,0.7125,5658.975,25411601.2375,449.0
8976,1001.0,21.0,1.0,100.0,80.0,,17.0,0.3875,5659.3625,25417260.6,449.0
8977,1001.0,21.0,1.0,100.0,80.0,,18.0,0.2375,5659.6,25422920.2,449.0
8978,1001.0,21.0,1.0,100.0,80.0,,19.0,0.9,5660.5,25428580.7,449.0
8979,1001.0,21.0,1.0,100.0,80.0,,20.0,0.575,5661.075,25434241.775,449.0
8980,1001.0,21.0,1.0,100.0,80.0,,1.0,0.7625,5661.8375,25439903.6125,450.0
8981,1001.0,21.0,1.0,100.0,80.0,,2.0,0.2,5662.0375,25445565.65,450.0
8982,1001.0,21.0,1.0,100.0,80.0,,3.0,0.0125,5662.05,25451227.7,450.0
8983,1001.0,21.0,1.0,100.0,80.0,,4.0,0.4375,5662.4875,25456890.1875,450.0
8984,1001.0,21.0,1.0,100.0,80.0,,5.0,0.425,5662.9125,25462553.1,450.0
8985,1001.0,21.0,1.0,100.0,80.0,,6.0,1.2125,5664.125,25468217.225,450.0
8986,1001.0,21.0,1.0,100.0,80.0,,7.0,1.1875,5665.3125,25473882.5375,450.0
8987,1001.0,21.0,1.0,100.0,80.0,,8.0,0.0875,5665.4,25479547.9375,450.0
8988,1001.0,21.0,1.0,100.0,80.0,,9.0,1.2,5666.6,25485214.5375,450.0
8989,1001.0,21.0,1.0,100.0,80.0,,10.0,1.0625,5667.6625,25490882.2,450.0
8990,1001.0,21.0,1.0,100.0,80.0,,11.0,0.025,5667.6875,25496549.8875,450.0
8991,1001.0,21.0,1.0,100.0,80.0,,12.0,0.325,5668.0125,25502217.9,450.0
8992,1001.0,21.0,1.0,100.0,80.0,,13.0,0.7875,5668.8,25507886.7,450.0
8993,1001.0,21.0,1.0,100.0,80.0,,14.0,0.5125,5669.3125,25513556.0125,450.0
8994,1001.0,21.0,1.0,100.0,80.0,,15.0,0.075,5669.3875,25519225.4,450.0
8995,1001.0,21.0,1.0,100.0,80.0,,16.0,0.7375,5670.125,25524895.525,450.0
8996,1001.0,21.0,1.0,100.0,80.0,,17.0,1.1,5671.225,25530566.75,450.0
8997,1001.0,21.0,1.0,100.0,80.0,,18.0,0.4625,5671.6875,25536238.4375,450.0
8998,1001.0,21.0,1.0,100.0,80.0,,19.0,0.875,5672.5625,25541911.0,450.0
8999,1001.0,21.0,1.0,100.0,80.0,,20.0,0.5625,5673.125,25547584.125,450.0
9000,1001.0,21.0,1.0,100.0,80.0,,1.0,0.875,5674.0,25553258.125,451.0
9001,1001.0,21.0,1.0,100.0,80.0,,2.0,0.875,5674.875,25558933.0,451.0
9002,1001.0,21.0,1.0,100.0,80.0,,3.0,0.8375,5675.7125,25564608.7125,451.0
9003,1001.0,21.0,1.0,100.0,80.0,,4.0,0.7875,5676.5,25570285.2125,451.0
9004,1001.0,21.0,1.0,100.0,80.0,,5.0,0.3,5676.8,25575962.0125,451.0
9005,1001.0,21.0,1.0,100.0,80.0,,6.0,0.325,5677.125,25581639.1375,451.0
9006,1001.0,21.0,1.0,100.0,80.0,,7.0,0.2625,5677.3875,25587316.525,451.0
9007,1001.0,21.0,1.0,100.0,80.0,,8.0,0.5375,5677.925,25592994.45,451.0
9008,1001.0,21.0,1.0,100.0,80.0,,9.0,1.1,5679.025,25598673.475,451.0
9009,1001.0,21.0,1.0,100.0,80.0,,10.0,1.1,5680.125,25604353.6,451.0
9010,1001.0,21.0,1.0,100.0,80.0,,11.0,0.025,5680.15,25610033.75,451.0
9011,1001.0,21.0,1.0,100.0,80.0,,12.0,0.95,5681.1,25615714.85,451.0
9012,1001.0,21.0,1.0,100.0,80.0,,13.0,1.2375,5682.3375,25621397.1875,451.0
9013,1001.0,21.0,1.0,100.0,80.0,,14.0,1.075,5683.4125,25627080.6,451.0
9014,1001.0,21.0,1.0,100.0,80.0,,15.0,0.2625,5683.675,25632764.275,451.0
9015,1001.0,21.0,1.0,100.0,80.0,,16.0,0.35,5684.025,25638448.3,451.0
9016,1001.0,21.0,1.0,100.0,80.0,,17.0,0.4,5684.425,25644132.725,451.0
9017,1001.0,21.0,1.0,100.0,80.0,,18.0,1.1375,5685.5625,25649818.2875,451.0
9018,1001.0,21.0,1.0,100.0,80.0,,19.0,0.9125,5686.475,25655504.7625,451.0
9019,1001.0,21.0,1.0,100.0,80.0,,20.0,0.725,5687.2,25661191.9625,451.0
9020,1001.0,21.0,1.0,100.0,80.0,,1.0,0.4875,5687.6875,25666879.65,452.0
9021,1001.0,21.0,1.0,100.0,80.0,,2.0,0.725,5688.4125,25672568.0625,452.0
9022,1001.0,21.0,1.0,100.0,80.0,,3.0,0.225,5688.6375,25678256.7,452.0
9023,1001.0,21.0,1.0,100.0,80.0,,4.0,0.3125,5688.95,25683945.65,452.0
9024,1001.0,21.0,1.0,100.0,80.0,,5.0,0.675,5689.625,25689635.275,452.0
9025,1001.0,21.0,1.0,100.0,80.0,,6.0,0.725,5690.35,25695325.625,452.0
9026,1001.0,21.0,1.0,100.0,80.0,,7.0,1.2375,5691.5875,25701017.2125,452.0
9027,1001.0,21.0,1.0,100.0,80.0,,8.0,0.0125,5691.6,25706708.8125,452.0
9028,1001.0,21.0,1.0,100.0,80.0,,9.0,1.0625,5692.6625,25712401.475,452.0
9029,1001.0,21.0,1.0,100.0,80.0,,10.0,0.9,5693.5625,25718095.0375,452.0
9030,1001.0,21.0,1.0,100.0,80.0,,11.0,1.1125,5694.675,25723789.7125,452.0
9031,1001.0,21.0,1.0,100.0,80.0,,12.0,0.2625,5694.9375,25729484.65,452.0
9032,1001.0,21.0,1.0,100.0,80.0,,13.0,0.2875,5695.225,25735179.875,452.0
9033,1001.0,21.0,1.0,100.0,80.0,,14.0,0.275,5695.5,25740875.375,452.0
9034,1001.0,21.0,1.0,100.0,80.0,,15.0,0.475,5695.975,25746571.35,452.0
9035,1001.0,21.0,1.0,100.0,80.0,,16.0,0.8,5696.775,25752268.125,452.0
9036,1001.0,21.0,1.0,100.0,80.0,,17.0,0.95,5697.725,25757965.85,452.0
9037,1001.0,21.0,1.0,100.0,80.0,,18.0,0.4875,5698.2125,25763664.0625,452.0
9038,1001.0,21.0,1.0,100.0,80.0,,19.0,0.725,5698.9375,25769363.0,452.0
9039,1001.0,21.0,1.0,100.0,80.0,,20.0,0.725,5699.6625,25775062.6625,452.0
9040,1001.0,21.0,1.0,100.0,80.0,,1.0,0.4125,5700.075,25780762.7375,453.0
9041,1001.0,21.0,1.0,100.0,80.0,,2.0,0.6,5700.675,25786463.4125,453.0
9042,1001.0,21.0,1.0,100.0,80.0,,3.0,0.8875,5701.5625,25792164.975,453.0
9043,1001.0,21.0,1.0,100.0,80.0,,4.0,1.0375,5702.6,25797867.575,453.0
9044,1001.0,21.0,1.0,100.0,80.0,,5.0,0.4875,5703.0875,25803570.6625,453.0
9045,1001.0,21.0,1.0,100.0,80.0,,6.0,0.2,5703.2875,25809273.95,453.0
9046,1001.0,21.0,1.0,100.0,80.0,,7.0,0.8625,5704.15,25814978.1,453.0
9047,1001.0,21.0,1.0,100.0,80.0,,8.0,0.95,5705.1,25820683.2,453.0
9048,1001.0,21.0,1.0,100.0,80.0,,9.0,0.2875,5705.3875,25826388.5875,453.0
9049,1001.0,21.0,1.0,100.0,80.0,,10.0,0.2375,5705.625,25832094.2125,453.0
9050,1001.0,21.0,1.0,100.0,80.0,,11.0,0.1375,5705.7625,25837799.975,453.0
9051,1001.0,21.0,1.0,100.0,80.0,,12.0,0.6125,5706.375,25843506.35,453.0
9052,1001.0,21.0,1.0,100.0,80.0,,13.0,1.1625,5707.5375,25849213.8875,453.0
9053,1001.0,21.0,1.0,100.0,80.0,,14.0,0.95,5708.4875,25854922.375,453.0
9054,1001.0,21.0,1.0,100.0,80.0,,15.0,0.3875,5708.875,25860631.25,453.0
9055,1001.0,21.0,1.0,100.0,80.0,,16.0,1.0,5709.875,25866341.125,453.0
9056,1001.0,21.0,1.0,100.0,80.0,,17.0,0.825,5710.7,25872051.825,453.0
9057,1001.0,21.0,1.0,100.0,80.0,,18.0,1.0,5711.7,25877763.525,453.0
9058,1001.0,21.0,1.0,100.0,80.0,,19.0,0.575,5712.275,25883475.8,453.0
9059,1001.0,21.0,1.0,100.0,80.0,,20.0,0.2875,5712.5625,25889188.3625,453.0
9060,1001.0,21.0,1.0,100.0,80.0,,1.0,0.3375,5712.9,25894901.2625,454.0
9061,1001.0,21.0,1.0,100.0,80.0,,2.0,0.85,5713.75,25900615.0125,454.0
9062,1001.0,21.0,1.0,100.0,80.0,,3.0,0.1875,5713.9375,25906328.95,454.0
9063,1001.0,21.0,1.0,100.0,80.0,,4.0,0.9625,5714.9,25912043.85,454.0
9064,1001.0,21.0,1.0,100.0,80.0,,5.0,0.95,5715.85,25917759.7,454.0
9065,1001.0,21.0,1.0,100.0,80.0,,6.0,0.7,5716.55,25923476.25,454.0
9066,1001.0,21.0,1.0,100.0,80.0,,7.0,0.4875,5717.0375,25929193.2875,454.0
9067,1001.0,21.0,1.0,100.0,80.0,,8.0,0.4625,5717.5,25934910.7875,454.0
9068,1001.0,21.0,1.0,100.0,80.0,,9.0,0.575,5718.075,25940628.8625,454.0
9069,1001.0,21.0,1.0,100.0,80.0,,10.0,0.3,5718.375,25946347.2375,454.0
9070,1001.0,21.0,1.0,100.0,80.0,,11.0,0.875,5719.25,25952066.4875,454.0
9071,1001.0,21.0,1.0,100.0,80.0,,12.0,0.7125,5719.9625,25957786.45,454.0
9072,1001.0,21.0,1.0,100.0,80.0,,13.0,0.975,5720.9375,25963507.3875,454.0
9073,1001.0,21.0,1.0,100.0,80.0,,14.0,1.15,5722.0875,25969229.475,454.0
9074,1001.0,21.0,1.0,100.0,80.0,,15.0,0.6875,5722.775,25974952.25,454.0
9075,1001.0,21.0,1.0,100.0,80.0,,16.0,0.3375,5723.1125,25980675.3625,454.0
9076,1001.0,21.0,1.0,100.0,80.0,,17.0,0.6125,5723.725,25986399.0875,454.0
9077,1001.0,21.0,1.0,100.0,80.0,,18.0,0.475,5724.2,25992123.2875,454.0
9078,1001.0,21.0,1.0,100.0,80.0,,19.0,0.0125,5724.2125,25997847.5,454.0
9079,1001.0,21.0,1.0,100.0,80.0,,20.0,0.325,5724.5375,26003572.0375,454.0
9080,1001.0,21.0,1.0,100.0,80.0,,1.0,0.5,5725.0375,26009297.075,455.0
9081,1001.0,21.0,1.0,100.0,80.0,,2.0,0.375,5725.4125,26015022.4875,455.0
9082,1001.0,21.0,1.0,100.0,80.0,,3.0,0.075,5725.4875,26020747.975,455.0
9083,1001.0,21.0,1.0,100.0,80.0,,4.0,0.6,5726.0875,26026474.0625,455.0
9084,1001.0,21.0,1.0,100.0,80.0,,5.0,0.5125,5726.6,26032200.6625,455.0
9085,1001.0,21.0,1.0,100.0,80.0,,6.0,0.25,5726.85,26037927.5125,455.0
9086,1001.0,21.0,1.0,100.0,80.0,,7.0,1.1625,5728.0125,26043655.525,455.0
9087,1001.0,21.0,1.0,100.0,80.0,,8.0,0.85,5728.8625,26049384.3875,455.0
9088,1001.0,21.0,1.0,100.0,80.0,,9.0,0.4625,5729.325,26055113.7125,455.0
9089,1001.0,21.0,1.0,100.0,80.0,,10.0,0.4375,5729.7625,26060843.475,455.0
9090,1001.0,21.0,1.0,100.0,80.0,,11.0,0.95,5730.7125,26066574.1875,455.0
9091,1001.0,21.0,1.0,100.0,80.0,,12.0,0.5125,5731.225,26072305.4125,455.0
9092,1001.0,21.0,1.0,100.0,80.0,,13.0,0.275,5731.5,26078036.9125,455.0
9093,1001.0,21.0,1.0,100.0,80.0,,14.0,0.375,5731.875,26083768.7875,455.0
9094,1001.0,21.0,1.0,100.0,80.0,,15.0,0.3125,5732.1875,26089500.975,455.0
9095,1001.0,21.0,1.0,100.0,80.0,,16.0,0.3625,5732.55,26095233.525,455.0
9096,1001.0,21.0,1.0,100.0,80.0,,17.0,0.825,5733.375,26100966.9,455.0
9097,1001.0,21.0,1.0,100.0,80.0,,18.0,0.6125,5733.9875,26106700.8875,455.0
9098,1001.0,21.0,1.0,100.0,80.0,,19.0,0.3625,5734.35,26112435.2375,455.0
9099,1001.0,21.0,1.0,100.0,80.0,,20.0,0.9375,5735.2875,26118170.525,455.0
9100,1001.0,21.0,1.0,100.0,80.0,,1.0,0.975,5736.2625,26123906.7875,456.0
9101,1001.0,21.0,1.0,100.0,80.0,,2.0,1.0375,5737.3,26129644.0875,456.0
9102,1001.0,21.0,1.0,100.0,80.0,,3.0,0.75,5738.05,26135382.1375,456.0
9103,1001.0,21.0,1.0,100.0,80.0,,4.0,0.5375,5738.5875,26141120.725,456.0
9104,1001.0,21.0,1.0,100.0,80.0,,5.0,1.1125,5739.7,26146860.425,456.0
9105,1001.0,21.0,1.0,100.0,80.0,,6.0,1.2125,5740.9125,26152601.3375,456.0
9106,1001.0,21.0,1.0,100.0,80.0,,7.0,1.15,5742.0625,26158343.4,456.0
9107,1001.0,21.0,1.0,100.0,80.0,,8.0,1.15,5743.2125,26164086.6125,456.0
9108,1001.0,21.0,1.0,100.0,80.0,,9.0,0.7875,5744.0,26169830.6125,456.0
9109,1001.0,21.0,1.0,100.0,80.0,,10.0,0.2,5744.2,26175574.8125,456.0
9110,1001.0,21.0,1.0,100.0,80.0,,11.0,0.625,5744.825,26181319.6375,456.0
9111,1001.0,21.0,1.0,100.0,80.0,,12.0,0.1125,5744.9375,26187064.575,456.0
9112,1001.0,21.0,1.0,100.0,80.0,,13.0,0.1875,5745.125,26192809.7,456.0
9113,1001.0,21.0,1.0,100.0,80.0,,14.0,0.8,5745.925,26198555.625,456.0
9114,1001.0,21.0,1.0,100.0,80.0,,15.0,1.2375,5747.1625,26204302.7875,456.0
9115,1001.0,21.0,1.0,100.0,80.0,,16.0,0.6875,5747.85,26210050.6375,456.0
9116,1001.0,21.0,1.0,100.0,80.0,,17.0,0.2625,5748.1125,26215798.75,456.0
9117,1001.0,21.0,1.0,100.0,80.0,,18.0,0.8125,5748.925,26221547.675,456.0
9118,1001.0,21.0,1.0,100.0,80.0,,19.0,0.125,5749.05,26227296.725,456.0
9119,1001.0,21.0,1.0,100.0,80.0,,20.0,1.025,5750.075,26233046.8,456.0
9120,1001.0,21.0,1.0,100.0,80.0,,1.0,0.575,5750.65,26238797.45,457.0
9121,1001.0,21.0,1.0,100.0,80.0,,2.0,0.2875,5750.9375,26244548.3875,457.0
9122,1001.0,21.0,1.0,100.0,80.0,,3.0,0.5,5751.4375,26250299.825,457.0
9123,1001.0,21.0,1.0,100.0,80.0,,4.0,0.2875,5751.725,26256051.55,457.0
9124,1001.0,21.0,1.0,100.0,80.0,,5.0,0.2125,5751.9375,26261803.4875,457.0
9125,1001.0,21.0,1.0,100.0,80.0,,6.0,0.75,5752.6875,26267556.175,457.0
9126,1001.0,21.0,1.0,100.0,80.0,,7.0,0.325,5753.0125,26273309.1875,457.0
9127,1001.0,21.0,1.0,100.0,80.0,,8.0,1.05,5754.0625,26279063.25,457.0
9128,1001.0,21.0,1.0,100.0,80.0,,9.0,1.175,5755.2375,26284818.4875,457.0
9129,1001.0,21.0,1.0,100.0,80.0,,10.0,1.2375,5756.475,26290574.9625,457.0
9130,1001.0,21.0,1.0,100.0,80.0,,11.0,1.025,5757.5,26296332.4625,457.0
9131,1001.0,21.0,1.0,100.0,80.0,,12.0,0.45,5757.95,26302090.4125,457.0
9132,1001.0,21.0,1.0,100.0,80.0,,13.0,0.925,5758.875,26307849.2875,457.0
9133,1001.0,21.0,1.0,100.0,80.0,,14.0,0.0375,5758.9125,26313608.2,457.0
9134,1001.0,21.0,1.0,100.0,80.0,,15.0,0.8375,5759.75,26319367.95,457.0
9135,1001.0,21.0,1.0,100.0,80.0,,16.0,0.275,5760.025,26325127.975,457.0
9136,1001.0,21.0,1.0,100.0,80.0,,17.0,1.1125,5761.1375,26330889.1125,457.0
9137,1001.0,21.0,1.0,100.0,80.0,,18.0,0.8875,5762.025,26336651.1375,457.0
9138,1001.0,21.0,1.0,100.0,80.0,,19.0,0.575,5762.6,26342413.7375,457.0
9139,1001.0,21.0,1.0,100.0,80.0,,20.0,0.7875,5763.3875,26348177.125,457.0
9140,1001.0,21.0,1.0,100.0,80.0,,1.0,0.95,5764.3375,26353941.4625,458.0
9141,1001.0,21.0,1.0,100.0,80.0,,2.0,0.1125,5764.45,26359705.9125,458.0
9142,1001.0,21.0,1.0,100.0,80.0,,3.0,0.4625,5764.9125,26365470.825,458.0
9143,1001.0,21.0,1.0,100.0,80.0,,4.0,1.2375,5766.15,26371236.975,458.0
9144,1001.0,21.0,1.0,100.0,80.0,,5.0,0.775,5766.925,26377003.9,458.0
9145,1001.0,21.0,1.0,100.0,80.0,,6.0,0.2125,5767.1375,26382771.0375,458.0
9146,1001.0,21.0,1.0,100.0,80.0,,7.0,0.6125,5767.75,26388538.7875,458.0
9147,1001.0,21.0,1.0,100.0,80.0,,8.0,1.0,5768.75,26394307.5375,458.0
9148,1001.0,21.0,1.0,100.0,80.0,,9.0,1.225,5769.975,26400077.5125,458.0
9149,1001.0,21.0,1.0,100.0,80.0,,10.0,0.625,5770.6,26405848.1125,458.0
9150,1001.0,21.0,1.0,100.0,80.0,,11.0,0.8375,5771.4375,26411619.55,458.0
9151,1001.0,21.0,1.0,100.0,80.0,,12.0,0.275,5771.7125,26417391.2625,458.0
9152,1001.0,21.0,1.0,100.0,80.0,,13.0,1.1625,5772.875,26423164.1375,458.0
9153,1001.0,21.0,1.0,100.0,80.0,,14.0,0.4375,5773.3125,26428937.45,458.0
9154,1001.0,21.0,1.0,100.0,80.0,,15.0,0.4375,5773.75,26434711.2,458.0
9155,1001.0,21.0,1.0,100.0,80.0,,16.0,0.0875,5773.8375,26440485.0375,458.0
9156,1001.0,21.0,1.0,100.0,80.0,,17.0,1.15,5774.9875,26446260.025,458.0
9157,1001.0,21.0,1.0,100.0,80.0,,18.0,0.2125,5775.2,26452035.225,458.0
9158,1001.0,21.0,1.0,100.0,80.0,,19.0,0.35,5775.55,26457810.775,458.0
9159,1001.0,21.0,1.0,100.0,80.0,,20.0,1.175,5776.725,26463587.5,458.0
9160,1001.0,21.0,1.0,100.0,80.0,,1.0,0.0375,5776.7625,26469364.2625,459.0
9161,1001.0,21.0,1.0,100.0,80.0,,2.0,1.175,5777.9375,26475142.2,459.0
9162,1001.0,21.0,1.0,100.0,80.0,,3.0,0.0875,5778.025,26480920.225,459.0
9163,1001.0,21.0,1.0,100.0,80.0,,4.0,0.8,5778.825,26486699.05,459.0
9164,1001.0,21.0,1.0,100.0,80.0,,5.0,0.625,5779.45,26492478.5,459.0
9165,1001.0,21.0,1.0,100.0,80.0,,6.0,0.2,5779.65,26498258.15,459.0
9166,1001.0,21.0,1.0,100.0,80.0,,7.0,0.1875,5779.8375,26504037.9875,459.0
9167,1001.0,21.0,1.0,100.0,80.0,,8.0,0.1375,5779.975,26509817.9625,459.0
9168,1001.0,21.0,1.0,100.0,80.0,,9.0,1.1875,5781.1625,26515599.125,459.0
9169,1001.0,21.0,1.0,100.0,80.0,,10.0,0.625,5781.7875,26521380.9125,459.0
9170,1001.0,21.0,1.0,100.0,80.0,,11.0,0.7375,5782.525,26527163.4375,459.0
9171,1001.0,21.0,1.0,100.0,80.0,,12.0,0.7375,5783.2625,26532946.7,459.0
9172,1001.0,21.0,1.0,100.0,80.0,,13.0,0.825,5784.0875,26538730.7875,459.0
9173,1001.0,21.0,1.0,100.0,80.0,,14.0,1.225,5785.3125,26544516.1,459.0
9174,1001.0,21.0,1.0,100.0,80.0,,15.0,0.775,5786.0875,26550302.1875,459.0
9175,1001.0,21.0,1.0,100.0,80.0,,16.0,0.8125,5786.9,26556089.0875,459.0
9176,1001.0,21.0,1.0,100.0,80.0,,17.0,0.8875,5787.7875,26561876.875,459.0
9177,1001.0,21.0,1.0,100.0,80.0,,18.0,1.075,5788.8625,26567665.7375,459.0
9178,1001.0,21.0,1.0,100.0,80.0,,19.0,0.7875,5789.65,26573455.3875,459.0
9179,1001.0,21.0,1.0,100.0,80.0,,20.0,0.275,5789.925,26579245.3125,459.0
9180,1001.0,21.0,1.0,100.0,80.0,,1.0,0.1125,5790.0375,26585035.35,460.0
9181,1001.0,21.0,1.0,100.0,80.0,,2.0,0.5875,5790.625,26590825.975,460.0
9182,1001.0,21.0,1.0,100.0,80.0,,3.0,0.2625,5790.8875,26596616.8625,460.0
9183,1001.0,21.0,1.0,100.0,80.0,,4.0,0.4625,5791.35,26602408.2125,460.0
9184,1001.0,21.0,1.0,100.0,80.0,,5.0,0.6375,5791.9875,26608200.2,460.0
9185,1001.0,21.0,1.0,100.0,80.0,,6.0,0.2125,5792.2,26613992.4,460.0
9186,1001.0,21.0,1.0,100.0,80.0,,7.0,0.4875,5792.6875,26619785.0875,460.0
9187,1001.0,21.0,1.0,100.0,80.0,,8.0,0.3,5792.9875,26625578.075,460.0
9188,1001.0,21.0,1.0,100.0,80.0,,9.0,0.125,5793.1125,26631371.1875,460.0
9189,1001.0,21.0,1.0,100.0,80.0,,10.0,0.6125,5793.725,26637164.9125,460.0
9190,1001.0,21.0,1.0,100.0,80.0,,11.0,0.725,5794.45,26642959.3625,460.0
9191,1001.0,21.0,1.0,100.0,80.0,,12.0,0.9375,5795.3875,26648754.75,460.0
9192,1001.0,21.0,1.0,100.0,80.0,,13.0,0.2375,5795.625,26654550.375,460.0
9193,1001.0,21.0,1.0,100.0,80.0,,14.0,0.0625,5795.6875,26660346.0625,460.0
9194,1001.0,21.0,1.0,100.0,80.0,,15.0,1.025,5796.7125,26666142.775,460.0
9195,1001.0,21.0,1.0,100.0,80.0,,16.0,0.7125,5797.425,26671940.2,460.0
9196,1001.0,21.0,1.0,100.0,80.0,,17.0,0.5,5797.925,26677738.125,460.0
9197,1001.0,21.0,1.0,100.0,80.0,,18.0,1.0,5798.925,26683537.05,460.0
9198,1001.0,21.0,1.0,100.0,80.0,,19.0,0.2375,5799.1625,26689336.2125,460.0
9199,1001.0,21.0,1.0,100.0,80.0,,20.0,0.775,5799.9375,26695136.15,460.0
9200,1001.0,21.0,1.0,100.0,80.0,,1.0,1.0375,5800.975,26700937.125,461.0
9201,1001.0,21.0,1.0,100.0,80.0,,2.0,0.6625,5801.6375,26706738.7625,461.0
9202,1001.0,21.0,1.0,100.0,80.0,,3.0,0.25,5801.8875,26712540.65,461.0
9203,1001.0,21.0,1.0,100.0,80.0,,4.0,1.175,5803.0625,26718343.7125,461.0
9204,1001.0,21.0,1.0,100.0,80.0,,5.0,0.775,5803.8375,26724147.55,461.0
9205,1001.0,21.0,1.0,100.0,80.0,,6.0,0.2125,5804.05,26729951.6,461.0
9206,1001.0,21.0,1.0,100.0,80.0,,7.0,0.8625,5804.9125,26735756.5125,461.0
9207,1001.0,21.0,1.0,100.0,80.0,,8.0,0.0875,5805.0,26741561.5125,461.0
9208,1001.0,21.0,1.0,100.0,80.0,,9.0,1.175,5806.175,26747367.6875,461.0
9209,1001.0,21.0,1.0,100.0,80.0,,10.0,0.675,5806.85,26753174.5375,461.0
9210,1001.0,21.0,1.0,100.0,80.0,,11.0,0.975,5807.825,26758982.3625,461.0
9211,1001.0,21.0,1.0,100.0,80.0,,12.0,0.3,5808.125,26764790.4875,461.0
9212,1001.0,21.0,1.0,100.0,80.0,,13.0,0.2875,5808.4125,26770598.9,461.0
9213,1001.0,21.0,1.0,100.0,80.0,,14.0,0.6125,5809.025,26776407.925,461.0
9214,1001.0,21.0,1.0,100.0,80.0,,15.0,0.4,5809.425,26782217.35,461.0
9215,1001.0,21.0,1.0,100.0,80.0,,16.0,0.175,5809.6,26788026.95,461.0
9216,1001.0,21.0,1.0,100.0,80.0,,17.0,1.0,5810.6,26793837.55,461.0
9217,1001.0,21.0,1.0,100.0,80.0,,18.0,1.1625,5811.7625,26799649.3125,461.0
9218,1001.0,21.0,1.0,100.0,80.0,,19.0,0.3625,5812.125,26805461.4375,461.0
9219,1001.0,21.0,1.0,100.0,80.0,,20.0,0.4625,5812.5875,26811274.025,461.0
9220,1001.0,21.0,1.0,100.0,80.0,,1.0,0.1375,5812.725,26817086.75,462.0
9221,1001.0,21.0,1.0,100.0,80.0,,2.0,0.8125,5813.5375,26822900.2875,462.0
9222,1001.0,21.0,1.0,100.0,80.0,,3.0,0.2625,5813.8,26828714.0875,462.0
9223,1001.0,21.0,1.0,100.0,80.0,,4.0,0.45,5814.25,26834528.3375,462.0
9224,1001.0,21.0,1.0,100.0,80.0,,5.0,0.125,5814.375,26840342.7125,462.0
9225,1001.0,21.0,1.0,100.0,80.0,,6.0,1.0625,5815.4375,26846158.15,462.0
9226,1001.0,21.0,1.0,100.0,80.0,,7.0,0.4875,5815.925,26851974.075,462.0
9227,1001.0,21.0,1.0,100.0,80.0,,8.0,0.475,5816.4,26857790.475,462.0
9228,1001.0,21.0,1.0,100.0,80.0,,9.0,0.1625,5816.5625,26863607.0375,462.0
9229,1001.0,21.0,1.0,100.0,80.0,,10.0,0.15,5816.7125,26869423.75,462.0
9230,1001.0,21.0,1.0,100.0,80.0,,11.0,0.3625,5817.075,26875240.825,462.0
9231,1001.0,21.0,1.0,100.0,80.0,,12.0,0.35,5817.425,26881058.25,462.0
9232,1001.0,21.0,1.0,100.0,80.0,,13.0,0.725,5818.15,26886876.4,462.0
9233,1001.0,21.0,1.0,100.0,80.0,,14.0,1.0375,5819.1875,26892695.5875,462.0
9234,1001.0,21.0,1.0,100.0,80.0,,15.0,1.15,5820.3375,26898515.925,462.0
9235,1001.0,21.0,1.0,100.0,80.0,,16.0,1.225,5821.5625,26904337.4875,462.0
9236,1001.0,21.0,1.0,100.0,80.0,,17.0,1.025,5822.5875,26910160.075,462.0
9237,1001.0,21.0,1.0,100.0,80.0,,18.0,0.725,5823.3125,26915983.3875,462.0
9238,1001.0,21.0,1.0,100.0,80.0,,19.0,0.35,5823.6625,26921807.05,462.0
9239,1001.0,21.0,1.0,100.0,80.0,,20.0,0.65,5824.3125,26927631.3625,462.0
9240,1001.0,21.0,1.0,100.0,80.0,,1.0,0.2125,5824.525,26933455.8875,463.0
9241,1001.0,21.0,1.0,100.0,80.0,,2.0,0.3625,5824.8875,26939280.775,463.0
9242,1001.0,21.0,1.0,100.0,80.0,,3.0,1.1375,5826.025,26945106.8,463.0
9243,1001.0,21.0,1.0,100.0,80.0,,4.0,0.325,5826.35,26950933.15,463.0
9244,1001.0,21.0,1.0,100.0,80.0,,5.0,0.1125,5826.4625,26956759.6125,463.0
9245,1001.0,21.0,1.0,100.0,80.0,,6.0,0.225,5826.6875,26962586.3,463.0
9246,1001.0,21.0,1.0,100.0,80.0,,7.0,0.375,5827.0625,26968413.3625,463.0
9247,1001.0,21.0,1.0,100.0,80.0,,8.0,0.075,5827.1375,26974240.5,463.0
9248,1001.0,21.0,1.0,100.0,80.0,,9.0,0.4,5827.5375,26980068.0375,463.0
9249,1001.0,21.0,1.0,100.0,80.0,,10.0,0.1625,5827.7,26985895.7375,463.0
9250,1001.0,21.0,1.0,100.0,80.0,,11.0,1.15,5828.85,26991724.5875,463.0
9251,1001.0,21.0,1.0,100.0,80.0,,12.0,0.7625,5829.6125,26997554.2,463.0
9252,1001.0,21.0,1.0,100.0,80.0,,13.0,0.8375,5830.45,27003384.65,463.0
9253,1001.0,21.0,1.0,100.0,80.0,,14.0,0.825,5831.275,27009215.925,463.0
9254,1001.0,21.0,1.0,100.0,80.0,,15.0,0.2375,5831.5125,27015047.4375,463.0
9255,1001.0,21.0,1.0,100.0,80.0,,16.0,0.2375,5831.75,27020879.1875,463.0
9256,1001.0,21.0,1.0,100.0,80.0,,17.0,0.4625,5832.2125,27026711.4,463.0
9257,1001.0,21.0,1.0,100.0,80.0,,18.0,0.0375,5832.25,27032543.65,463.0
9258,1001.0,21.0,1.0,100.0,80.0,,19.0,0.8,5833.05,27038376.7,463.0
9259,1001.0,21.0,1.0,100.0,80.0,,20.0,0.85,5833.9,27044210.6,463.0
9260,1001.0,21.0,1.0,100.0,80.0,,1.0,1.1875,5835.0875,27050045.6875,464.0
9261,1001.0,21.0,1.0,100.0,80.0,,2.0,0.7125,5835.8,27055881.4875,464.0
9262,1001.0,21.0,1.0,100.0,80.0,,3.0,0.3875,5836.1875,27061717.675,464.0
9263,1001.0,21.0,1.0,100.0,80.0,,4.0,0.3375,5836.525,27067554.2,464.0
9264,1001.0,21.0,1.0,100.0,80.0,,5.0,0.375,5836.9,27073391.1,464.0
9265,1001.0,21.0,1.0,100.0,80.0,,6.0,1.2125,5838.1125,27079229.2125,464.0
9266,1001.0,21.0,1.0,100.0,80.0,,7.0,0.1,5838.2125,27085067.425,464.0
9267,1001.0,21.0,1.0,100.0,80.0,,8.0,0.95,5839.1625,27090906.5875,464.0
9268,1001.0,21.0,1.0,100.0,80.0,,9.0,0.2125,5839.375,27096745.9625,464.0
9269,1001.0,21.0,1.0,100.0,80.0,,10.0,0.075,5839.45,27102585.4125,464.0
9270,1001.0,21.0,1.0,100.0,80.0,,11.0,0.8375,5840.2875,27108425.7,464.0
9271,1001.0,21.0,1.0,100.0,80.0,,12.0,1.0625,5841.35,27114267.05,464.0
9272,1001.0,21.0,1.0,100.0,80.0,,13.0,0.575,5841.925,27120108.975,464.0
9273,1001.0,21.0,1.0,100.0,80.0,,14.0,0.45,5842.375,27125951.35,464.0
9274,1001.0,21.0,1.0,100.0,80.0,,15.0,0.6375,5843.0125,27131794.3625,464.0
9275,1001.0,21.0,1.0,100.0,80.0,,16.0,0.3125,5843.325,27137637.6875,464.0
9276,1001.0,21.0,1.0,100.0,80.0,,17.0,1.225,5844.55,27143482.2375,464.0
9277,1001.0,21.0,1.0,100.0,80.0,,18.0,1.2,5845.75,27149327.9875,464.0
9278,1001.0,21.0,1.0,100.0,80.0,,19.0,0.75,5846.5,27155174.4875,464.0
9279,1001.0,21.0,1.0,100.0,80.0,,20.0,0.5375,5847.0375,27161021.525,464.0
9280,1001.0,21.0,1.0,100.0,80.0,,1.0,0.25,5847.2875,27166868.8125,465.0
9281,1001.0,21.0,1.0,100.0,80.0,,2.0,1.2375,5848.525,27172717.3375,465.0
9282,1001.0,21.0,1.0,100.0,80.0,,3.0,1.0625,5849.5875,27178566.925,465.0
9283,1001.0,21.0,1.0,100.0,80.0,,4.0,0.125,5849.7125,27184416.6375,465.0
9284,1001.0,21.0,1.0,100.0,80.0,,5.0,1.05,5850.7625,27190267.4,465.0
9285,1001.0,21.0,1.0,100.0,80.0,,6.0,0.6625,5851.425,27196118.825,465.0
9286,1001.0,21.0,1.0,100.0,80.0,,7.0,1.2,5852.625,27201971.45,465.0
9287,1001.0,21.0,1.0,100.0,80.0,,8.0,1.0625,5853.6875,27207825.1375,465.0
9288,1001.0,21.0,1.0,100.0,80.0,,9.0,0.625,5854.3125,27213679.45,465.0
9289,1001.0,21.0,1.0,100.0,80.0,,10.0,0.3875,5854.7,27219534.15,465.0
9290,1001.0,21.0,1.0,100.0,80.0,,11.0,0.3375,5855.0375,27225389.1875,465.0
9291,1001.0,21.0,1.0,100.0,80.0,,12.0,1.0875,5856.125,27231245.3125,465.0
9292,1001.0,21.0,1.0,100.0,80.0,,13.0,1.1625,5857.2875,27237102.6,465.0
9293,1001.0,21.0,1.0,100.0,80.0,,14.0,0.2,5857.4875,27242960.0875,465.0
9294,1001.0,21.0,1.0,100.0,80.0,,15.0,1.175,5858.6625,27248818.75,465.0
9295,1001.0,21.0,1.0,100.0,80.0,,16.0,1.0,5859.6625,27254678.4125,465.0
9296,1001.0,21.0,1.0,100.0,80.0,,17.0,0.8625,5860.525,27260538.9375,465.0
9297,1001.0,21.0,1.0,100.0,80.0,,18.0,1.0125,5861.5375,27266400.475,465.0
9298,1001.0,21.0,1.0,100.0,80.0,,19.0,0.125,5861.6625,27272262.1375,465.0
9299,1001.0,21.0,1.0,100.0,80.0,,20.0,1.2125,5862.875,27278125.0125,465.0
9300,1001.0,21.0,1.0,100.0,80.0,,1.0,0.0875,5862.9625,27283987.975,466.0
9301,1001.0,21.0,1.0,100.0,80.0,,2.0,0.5625,5863.525,27289851.5,466.0
9302,1001.0,21.0,1.0,100.0,80.0,,3.0,0.6125,5864.1375,27295715.6375,466.0
9303,1001.0,21.0,1.0,100.0,80.0,,4.0,0.475,5864.6125,27301580.25,466.0
9304,1001.0,21.0,1.0,100.0,80.0,,5.0,1.1875,5865.8,27307446.05,466.0
9305,1001.0,21.0,1.0,100.0,80.0,,6.0,0.95,5866.75,27313312.8,466.0
9306,1001.0,21.0,1.0,100.0,80.0,,7.0,0.575,5867.325,27319180.125,466.0
9307,1001.0,21.0,1.0,100.0,80.0,,8.0,0.5875,5867.9125,27325048.0375,466.0
9308,1001.0,21.0,1.0,100.0,80.0,,9.0,0.4375,5868.35,27330916.3875,466.0
9309,1001.0,21.0,1.0,100.0,80.0,,10.0,0.425,5868.775,27336785.1625,466.0
9310,1001.0,21.0,1.0,100.0,80.0,,11.0,0.3125,5869.0875,27342654.25,466.0
9311,1001.0,21.0,1.0,100.0,80.0,,12.0,0.5,5869.5875,27348523.8375,466.0
9312,1001.0,21.0,1.0,100.0,80.0,,13.0,0.9625,5870.55,27354394.3875,466.0
9313,1001.0,21.0,1.0,100.0,80.0,,14.0,0.2875,5870.8375,27360265.225,466.0
9314,1001.0,21.0,1.0,100.0,80.0,,15.0,0.925,5871.7625,27366136.9875,466.0
9315,1001.0,21.0,1.0,100.0,80.0,,16.0,0.575,5872.3375,27372009.325,466.0
9316,1001.0,21.0,1.0,100.0,80.0,,17.0,0.8125,5873.15,27377882.475,466.0
9317,1001.0,21.0,1.0,100.0,80.0,,18.0,0.9125,5874.0625,27383756.5375,466.0
9318,1001.0,21.0,1.0,100.0,80.0,,19.0,0.375,5874.4375,27389630.975,466.0
9319,1001.0,21.0,1.0,100.0,80.0,,20.0,0.5875,5875.025,27395506.0,466.0
9320,1001.0,21.0,1.0,100.0,80.0,,1.0,0.9,5875.925,27401381.925,467.0
9321,1001.0,21.0,1.0,100.0,80.0,,2.0,0.5875,5876.5125,27407258.4375,467.0
9322,1001.0,21.0,1.0,100.0,80.0,,3.0,0.325,5876.8375,27413135.275,467.0
9323,1001.0,21.0,1.0,100.0,80.0,,4.0,0.975,5877.8125,27419013.0875,467.0
9324,1001.0,21.0,1.0,100.0,80.0,,5.0,1.15,5878.9625,27424892.05,467.0
9325,1001.0,21.0,1.0,100.0,80.0,,6.0,1.15,5880.1125,27430772.1625,467.0
9326,1001.0,21.0,1.0,100.0,80.0,,7.0,0.3375,5880.45,27436652.6125,467.0
9327,1001.0,21.0,1.0,100.0,80.0,,8.0,0.7375,5881.1875,27442533.8,467.0
9328,1001.0,21.0,1.0,100.0,80.0,,9.0,0.675,5881.8625,27448415.6625,467.0
9329,1001.0,21.0,1.0,100.0,80.0,,10.0,0.55,5882.4125,27454298.075,467.0
9330,1001.0,21.0,1.0,100.0,80.0,,11.0,0.05,5882.4625,27460180.5375,467.0
9331,1001.0,21.0,1.0,100.0,80.0,,12.0,0.725,5883.1875,27466063.725,467.0
9332,1001.0,21.0,1.0,100.0,80.0,,13.0,0.8,5883.9875,27471947.7125,467.0
9333,1001.0,21.0,1.0,100.0,80.0,,14.0,0.7625,5884.75,27477832.4625,467.0
9334,1001.0,21.0,1.0,100.0,80.0,,15.0,0.725,5885.475,27483717.9375,467.0
9335,1001.0,21.0,1.0,100.0,80.0,,16.0,0.8,5886.275,27489604.2125,467.0
9336,1001.0,21.0,1.0,100.0,80.0,,17.0,1.0375,5887.3125,27495491.525,467.0
9337,1001.0,21.0,1.0,100.0,80.0,,18.0,0.4125,5887.725,27501379.25,467.0
9338,1001.0,21.0,1.0,100.0,80.0,,19.0,0.225,5887.95,27507267.2,467.0
9339,1001.0,21.0,1.0,100.0,80.0,,20.0,0.9875,5888.9375,27513156.1375,467.0
9340,1001.0,21.0,1.0,100.0,80.0,,1.0,0.6125,5889.55,27519045.6875,468.0
9341,1001.0,21.0,1.0,100.0,80.0,,2.0,0.8125,5890.3625,27524936.05,468.0
9342,1001.0,21.0,1.0,100.0,80.0,,3.0,0.9375,5891.3,27530827.35,468.0
9343,1001.0,21.0,1.0,100.0,80.0,,4.0,0.4625,5891.7625,27536719.1125,468.0
9344,1001.0,21.0,1.0,100.0,80.0,,5.0,0.55,5892.3125,27542611.425,468.0
9345,1001.0,21.0,1.0,100.0,80.0,,6.0,1.2125,5893.525,27548504.95,468.0
9346,1001.0,21.0,1.0,100.0,80.0,,7.0,0.8125,5894.3375,27554399.2875,468.0
9347,1001.0,21.0,1.0,100.0,80.0,,8.0,0.25,5894.5875,27560293.875,468.0
9348,1001.0,21.0,1.0,100.0,80.0,,9.0,0.6,5895.1875,27566189.0625,468.0
9349,1001.0,21.0,1.0,100.0,80.0,,10.0,0.3375,5895.525,27572084.5875,468.0
9350,1001.0,21.0,1.0,100.0,80.0,,11.0,0.9875,5896.5125,27577981.1,468.0
9351,1001.0,21.0,1.0,100.0,80.0,,12.0,0.075,5896.5875,27583877.6875,468.0
9352,1001.0,21.0,1.0,100.0,80.0,,13.0,1.1125,5897.7,27589775.3875,468.0
9353,1001.0,21.0,1.0,100.0,80.0,,14.0,1.0,5898.7,27595674.0875,468.0
9354,1001.0,21.0,1.0,100.0,80.0,,15.0,1.225,5899.925,27601574.0125,468.0
9355,1001.0,21.0,1.0,100.0,80.0,,16.0,1.1,5901.025,27607475.0375,468.0
9356,1001.0,21.0,1.0,100.0,80.0,,17.0,0.525,5901.55,27613376.5875,468.0
9357,1001.0,21.0,1.0,100.0,80.0,,18.0,0.4,5901.95,27619278.5375,468.0
9358,1001.0,21.0,1.0,100.0,80.0,,19.0,0.2375,5902.1875,27625180.725,468.0
9359,1001.0,21.0,1.0,100.0,80.0,,20.0,0.15,5902.3375,27631083.0625,468.0
9360,1001.0,21.0,1.0,100.0,80.0,,1.0,0.5875,5902.925,27636985.9875,469.0
9361,1001.0,21.0,1.0,100.0,80.0,,2.0,0.45,5903.375,27642889.3625,469.0
9362,1001.0,21.0,1.0,100.0,80.0,,3.0,0.7375,5904.1125,27648793.475,469.0
9363,1001.0,21.0,1.0,100.0,80.0,,4.0,0.425,5904.5375,27654698.0125,469.0
9364,1001.0,21.0,1.0,100.0,80.0,,5.0,0.075,5904.6125,27660602.625,469.0
9365,1001.0,21.0,1.0,100.0,80.0,,6.0,1.1125,5905.725,27666508.35,469.0
9366,1001.0,21.0,1.0,100.0,80.0,,7.0,0.1125,5905.8375,27672414.1875,469.0
9367,1001.0,21.0,1.0,100.0,80.0,,8.0,1.225,5907.0625,27678321.25,469.0
9368,1001.0,21.0,1.0,100.0,80.0,,9.0,0.325,5907.3875,27684228.6375,469.0
9369,1001.0,21.0,1.0,100.0,80.0,,10.0,0.7375,5908.125,27690136.7625,469.0
9370,1001.0,21.0,1.0,100.0,80.0,,11.0,1.075,5909.2,27696045.9625,469.0
9371,1001.0,21.0,1.0,100.0,80.0,,12.0,0.9875,5910.1875,27701956.15,469.0
9372,1001.0,21.0,1.0,100.0,80.0,,13.0,0.45,5910.6375,27707866.7875,469.0
9373,1001.0,21.0,1.0,100.0,80.0,,14.0,0.9875,5911.625,27713778.4125,469.0
9374,1001.0,21.0,1.0,100.0,80.0,,15.0,0.3,5911.925,27719690.3375,469.0
9375,1001.0,21.0,1.0,100.0,80.0,,16.0,0.2625,5912.1875,27725602.525,469.0
9376,1001.0,21.0,1.0,100.0,80.0,,17.0,0.6625,5912.85,27731515.375,469.0
9377,1001.0,21.0,1.0,100.0,80.0,,18.0,0.1875,5913.0375,27737428.4125,469.0
9378,1001.0,21.0,1.0,100.0,80.0,,19.0,1.1625,5914.2,27743342.6125,469.0
9379,1001.0,21.0,1.0,100.0,80.0,,20.0,0.3375,5914.5375,27749257.15,469.0
9380,1001.0,21.0,1.0,100.0,80.0,,1.0,1.2125,5915.75,27755172.9,470.0
9381,1001.0,21.0,1.0,100.0,80.0,,2.0,0.5625,5916.3125,27761089.2125,470.0
9382,1001.0,21.0,1.0,100.0,80.0,,3.0,0.1375,5916.45,27767005.6625,470.0
9383,1001.0,21.0,1.0,100.0,80.0,,4.0,0.8875,5917.3375,27772923.0,470.0
9384,1001.0,21.0,1.0,100.0,80.0,,5.0,0.3375,5917.675,27778840.675,470.0
9385,1001.0,21.0,1.0,100.0,80.0,,6.0,0.1625,5917.8375,27784758.5125,470.0
9386,1001.0,21.0,1.0,100.0,80.0,,7.0,0.65,5918.4875,27790677.0,470.0
9387,1001.0,21.0,1.0,100.0,80.0,,8.0,0.0375,5918.525,27796595.525,470.0
9388,1001.0,21.0,1.0,100.0,80.0,,9.0,1.0375,5919.5625,27802515.0875,470.0
9389,1001.0,21.0,1.0,100.0,80.0,,10.0,0.2875,5919.85,27808434.9375,470.0
9390,1001.0,21.0,1.0,100.0,80.0,,11.0,0.1375,5919.9875,27814354.925,470.0
9391,1001.0,21.0,1.0,100.0,80.0,,12.0,0.275,5920.2625,27820275.1875,470.0
9392,1001.0,21.0,1.0,100.0,80.0,,13.0,0.075,5920.3375,27826195.525,470.0
9393,1001.0,21.0,1.0,100.0,80.0,,14.0,1.1,5921.4375,27832116.9625,470.0
9394,1001.0,21.0,1.0,100.0,80.0,,15.0,0.8875,5922.325,27838039.2875,470.0
9395,1001.0,21.0,1.0,100.0,80.0,,16.0,0.15,5922.475,27843961.7625,470.0
9396,1001.0,21.0,1.0,100.0,80.0,,17.0,1.0625,5923.5375,27849885.3,470.0
9397,1001.0,21.0,1.0,100.0,80.0,,18.0,0.175,5923.7125,27855809.0125,470.0
9398,1001.0,21.0,1.0,100.0,80.0,,19.0,0.425,5924.1375,27861733.15,470.0
9399,1001.0,21.0,1.0,100.0,80.0,,20.0,0.8375,5924.975,27867658.125,470.0
9400,1001.0,21.0,1.0,100.0,80.0,,1.0,1.0125,5925.9875,27873584.1125,471.0
9401,1001.0,21.0,1.0,100.0,80.0,,2.0,0.45,5926.4375,27879510.55,471.0
9402,1001.0,21.0,1.0,100.0,80.0,,3.0,0.0125,5926.45,27885437.0,471.0
9403,1001.0,21.0,1.0,100.0,80.0,,4.0,0.5375,5926.9875,27891363.9875,471.0
9404,1001.0,21.0,1.0,100.0,80.0,,5.0,0.5125,5927.5,27897291.4875,471.0
9405,1001.0,21.0,1.0,100.0,80.0,,6.0,0.4625,5927.9625,27903219.45,471.0
9406,1001.0,21.0,1.0,100.0,80.0,,7.0,0.2,5928.1625,27909147.6125,471.0
9407,1001.0,21.0,1.0,100.0,80.0,,8.0,1.2,5929.3625,27915076.975,471.0
9408,1001.0,21.0,1.0,100.0,80.0,,9.0,0.775,5930.1375,27921007.1125,471.0
9409,1001.0,21.0,1.0,100.0,80.0,,10.0,0.575,5930.7125,27926937.825,471.0
9410,1001.0,21.0,1.0,100.0,80.0,,11.0,0.7375,5931.45,27932869.275,471.0
9411,1001.0,21.0,1.0,100.0,80.0,,12.0,0.5,5931.95,27938801.225,471.0
9412,1001.0,21.0,1.0,100.0,80.0,,13.0,0.4375,5932.3875,27944733.6125,471.0
9413,1001.0,21.0,1.0,100.0,80.0,,14.0,1.0625,5933.45,27950667.0625,471.0
9414,1001.0,21.0,1.0,100.0,80.0,,15.0,0.8875,5934.3375,27956601.4,471.0
9415,1001.0,21.0,1.0,100.0,80.0,,16.0,0.275,5934.6125,27962536.0125,471.0
9416,1001.0,21.0,1.0,100.0,80.0,,17.0,0.7875,5935.4,27968471.4125,471.0
9417,1001.0,21.0,1.0,100.0,80.0,,18.0,0.6625,5936.0625,27974407.475,471.0
9418,1001.0,21.0,1.0,100.0,80.0,,19.0,0.9125,5936.975,27980344.45,471.0
9419,1001.0,21.0,1.0,100.0,80.0,,20.0,0.575,5937.55,27986282.0,471.0
9420,1001.0,21.0,1.0,100.0,80.0,,1.0,0.5,5938.05,27992220.05,472.0
9421,1001.0,21.0,1.0,100.0,80.0,,2.0,0.6,5938.65,27998158.7,472.0
9422,1001.0,21.0,1.0,100.0,80.0,,3.0,0.4625,5939.1125,28004097.8125,472.0
9423,1001.0,21.0,1.0,100.0,80.0,,4.0,0.9875,5940.1,28010037.9125,472.0
9424,1001.0,21.0,1.0,100.0,80.0,,5.0,0.225,5940.325,28015978.2375,472.0
9425,1001.0,21.0,1.0,100.0,80.0,,6.0,0.4125,5940.7375,28021918.975,472.0
9426,1001.0,21.0,1.0,100.0,80.0,,7.0,0.5875,5941.325,28027860.3,472.0
9427,1001.0,21.0,1.0,100.0,80.0,,8.0,0.2125,5941.5375,28033801.8375,472.0
9428,1001.0,21.0,1.0,100.0,80.0,,9.0,0.0625,5941.6,28039743.4375,472.0
9429,1001.0,21.0,1.0,100.0,80.0,,10.0,0.275,5941.875,28045685.3125,472.0
9430,1001.0,21.0,1.0,100.0,80.0,,11.0,0.3625,5942.2375,28051627.55,472.0
9431,1001.0,21.0,1.0,100.0,80.0,,12.0,0.35,5942.5875,28057570.1375,472.0
9432,1001.0,21.0,1.0,100.0,80.0,,13.0,1.0375,5943.625,28063513.7625,472.0
9433,1001.0,21.0,1.0,100.0,80.0,,14.0,0.5375,5944.1625,28069457.925,472.0
9434,1001.0,21.0,1.0,100.0,80.0,,15.0,0.9,5945.0625,28075402.9875,472.0
9435,1001.0,21.0,1.0,100.0,80.0,,16.0,0.825,5945.8875,28081348.875,472.0
9436,1001.0,21.0,1.0,100.0,80.0,,17.0,0.9625,5946.85,28087295.725,472.0
9437,1001.0,21.0,1.0,100.0,80.0,,18.0,0.325,5947.175,28093242.9,472.0
9438,1001.0,21.0,1.0,100.0,80.0,,19.0,0.9,5948.075,28099190.975,472.0
9439,1001.0,21.0,1.0,100.0,80.0,,20.0,0.65,5948.725,28105139.7,472.0
9440,1001.0,21.0,1.0,100.0,80.0,,1.0,0.45,5949.175,28111088.875,473.0
9441,1001.0,21.0,1.0,100.0,80.0,,2.0,1.2375,5950.4125,28117039.2875,473.0
9442,1001.0,21.0,1.0,100.0,80.0,,3.0,0.525,5950.9375,28122990.225,473.0
9443,1001.0,21.0,1.0,100.0,80.0,,4.0,0.875,5951.8125,28128942.0375,473.0
9444,1001.0,21.0,1.0,100.0,80.0,,5.0,0.6375,5952.45,28134894.4875,473.0
9445,1001.0,21.0,1.0,100.0,80.0,,6.0,0.3875,5952.8375,28140847.325,473.0
9446,1001.0,21.0,1.0,100.0,80.0,,7.0,0.4375,5953.275,28146800.6,473.0
9447,1001.0,21.0,1.0,100.0,80.0,,8.0,0.5,5953.775,28152754.375,473.0
9448,1001.0,21.0,1.0,100.0,80.0,,9.0,0.7875,5954.5625,28158708.9375,473.0
9449,1001.0,21.0,1.0,100.0,80.0,,10.0,0.4125,5954.975,28164663.9125,473.0
9450,1001.0,21.0,1.0,100.0,80.0,,11.0,0.8875,5955.8625,28170619.775,473.0
9451,1001.0,21.0,1.0,100.0,80.0,,12.0,0.475,5956.3375,28176576.1125,473.0
9452,1001.0,21.0,1.0,100.0,80.0,,13.0,0.575,5956.9125,28182533.025,473.0
9453,1001.0,21.0,1.0,100.0,80.0,,14.0,0.275,5957.1875,28188490.2125,473.0
9454,1001.0,21.0,1.0,100.0,80.0,,15.0,0.4375,5957.625,28194447.8375,473.0
9455,1001.0,21.0,1.0,100.0,80.0,,16.0,0.3375,5957.9625,28200405.8,473.0
9456,1001.0,21.0,1.0,100.0,80.0,,17.0,1.025,5958.9875,28206364.7875,473.0
9457,1001.0,21.0,1.0,100.0,80.0,,18.0,0.625,5959.6125,28212324.4,473.0
9458,1001.0,21.0,1.0,100.0,80.0,,19.0,0.975,5960.5875,28218284.9875,473.0
9459,1001.0,21.0,1.0,100.0,80.0,,20.0,0.2625,5960.85,28224245.8375,473.0
9460,1001.0,21.0,1.0,100.0,80.0,,1.0,0.6125,5961.4625,28230207.3,474.0
9461,1001.0,21.0,1.0,100.0,80.0,,2.0,1.0125,5962.475,28236169.775,474.0
9462,1001.0,21.0,1.0,100.0,80.0,,3.0,0.8375,5963.3125,28242133.0875,474.0
9463,1001.0,21.0,1.0,100.0,80.0,,4.0,0.8875,5964.2,28248097.2875,474.0
9464,1001.0,21.0,1.0,100.0,80.0,,5.0,0.45,5964.65,28254061.9375,474.0
9465,1001.0,21.0,1.0,100.0,80.0,,6.0,0.25,5964.9,28260026.8375,474.0
9466,1001.0,21.0,1.0,100.0,80.0,,7.0,0.3625,5965.2625,28265992.1,474.0
9467,1001.0,21.0,1.0,100.0,80.0,,8.0,1.225,5966.4875,28271958.5875,474.0
9468,1001.0,21.0,1.0,100.0,80.0,,9.0,1.2375,5967.725,28277926.3125,474.0
9469,1001.0,21.0,1.0,100.0,80.0,,10.0,0.725,5968.45,28283894.7625,474.0
9470,1001.0,21.0,1.0,100.0,80.0,,11.0,0.4375,5968.8875,28289863.65,474.0
9471,1001.0,21.0,1.0,100.0,80.0,,12.0,0.475,5969.3625,28295833.0125,474.0
9472,1001.0,21.0,1.0,100.0,80.0,,13.0,0.3875,5969.75,28301802.7625,474.0
9473,1001.0,21.0,1.0,100.0,80.0,,14.0,1.075,5970.825,28307773.5875,474.0
9474,1001.0,21.0,1.0,100.0,80.0,,15.0,0.1625,5970.9875,28313744.575,474.0
9475,1001.0,21.0,1.0,100.0,80.0,,16.0,1.15,5972.1375,28319716.7125,474.0
9476,1001.0,21.0,1.0,100.0,80.0,,17.0,0.05,5972.1875,28325688.9,474.0
9477,1001.0,21.0,1.0,100.0,80.0,,18.0,0.9875,5973.175,28331662.075,474.0
9478,1001.0,21.0,1.0,100.0,80.0,,19.0,0.6,5973.775,28337635.85,474.0
9479,1001.0,21.0,1.0,100.0,80.0,,20.0,1.05,5974.825,28343610.675,474.0
9480,1001.0,21.0,1.0,100.0,80.0,,1.0,0.9,5975.725,28349586.4,475.0
9481,1001.0,21.0,1.0,100.0,80.0,,2.0,1.225,5976.95,28355563.35,475.0
9482,1001.0,21.0,1.0,100.0,80.0,,3.0,0.6625,5977.6125,28361540.9625,475.0
9483,1001.0,21.0,1.0,100.0,80.0,,4.0,0.3375,5977.95,28367518.9125,475.0
9484,1001.0,21.0,1.0,100.0,80.0,,5.0,0.1125,5978.0625,28373496.975,475.0
9485,1001.0,21.0,1.0,100.0,80.0,,6.0,0.5875,5978.65,28379475.625,475.0
9486,1001.0,21.0,1.0,100.0,80.0,,7.0,1.0875,5979.7375,28385455.3625,475.0
9487,1001.0,21.0,1.0,100.0,80.0,,8.0,0.8125,5980.55,28391435.9125,475.0
9488,1001.0,21.0,1.0,100.0,80.0,,9.0,0.35,5980.9,28397416.8125,475.0
9489,1001.0,21.0,1.0,100.0,80.0,,10.0,0.475,5981.375,28403398.1875,475.0
9490,1001.0,21.0,1.0,100.0,80.0,,11.0,0.7375,5982.1125,28409380.3,475.0
9491,1001.0,21.0,1.0,100.0,80.0,,12.0,0.525,5982.6375,28415362.9375,475.0
9492,1001.0,21.0,1.0,100.0,80.0,,13.0,0.4,5983.0375,28421345.975,475.0
9493,1001.0,21.0,1.0,100.0,80.0,,14.0,0.8875,5983.925,28427329.9,475.0
9494,1001.0,21.0,1.0,100.0,80.0,,15.0,1.1125,5985.0375,28433314.9375,475.0
9495,1001.0,21.0,1.0,100.0,80.0,,16.0,0.325,5985.3625,28439300.3,475.0
9496,1001.0,21.0,1.0,100.0,80.0,,17.0,0.05,5985.4125,28445285.7125,475.0
9497,1001.0,21.0,1.0,100.0,80.0,,18.0,0.8375,5986.25,28451271.9625,475.0
9498,1001.0,21.0,1.0,100.0,80.0,,19.0,0.9125,5987.1625,28457259.125,475.0
9499,1001.0,21.0,1.0,100.0,80.0,,20.0,0.6875,5987.85,28463246.975,475.0
9500,1001.0,21.0,1.0,100.0,80.0,,1.0,0.4625,5988.3125,28469235.2875,476.0
9501,1001.0,21.0,1.0,100.0,80.0,,2.0,0.0625,5988.375,28475223.6625,476.0
9502,1001.0,21.0,1.0,100.0,80.0,,3.0,1.1875,5989.5625,28481213.225,476.0
9503,1001.0,21.0,1.0,100.0,80.0,,4.0,0.6625,5990.225,28487203.45,476.0
9504,1001.0,21.0,1.0,100.0,80.0,,5.0,0.825,5991.05,28493194.5,476.0
9505,1001.0,21.0,1.0,100.0,80.0,,6.0,0.2875,5991.3375,28499185.8375,476.0
9506,1001.0,21.0,1.0,100.0,80.0,,7.0,0.575,5991.9125,28505177.75,476.0
9507,1001.0,21.0,1.0,100.0,80.0,,8.0,0.4625,5992.375,28511170.125,476.0
9508,1001.0,21.0,1.0,100.0,80.0,,9.0,0.55,5992.925,28517163.05,476.0
9509,1001.0,21.0,1.0,100.0,80.0,,10.0,0.825,5993.75,28523156.8,476.0
9510,1001.0,21.0,1.0,100.0,80.0,,11.0,0.2875,5994.0375,28529150.8375,476.0
9511,1001.0,21.0,1.0,100.0,80.0,,12.0,0.2125,5994.25,28535145.0875,476.0
9512,1001.0,21.0,1.0,100.0,80.0,,13.0,0.2375,5994.4875,28541139.575,476.0
9513,1001.0,21.0,1.0,100.0,80.0,,14.0,1.2,5995.6875,28547135.2625,476.0
9514,1001.0,21.0,1.0,100.0,80.0,,15.0,0.875,5996.5625,28553131.825,476.0
9515,1001.0,21.0,1.0,100.0,80.0,,16.0,0.8625,5997.425,28559129.25,476.0
9516,1001.0,21.0,1.0,100.0,80.0,,17.0,0.6625,5998.0875,28565127.3375,476.0
9517,1001.0,21.0,1.0,100.0,80.0,,18.0,0.5375,5998.625,28571125.9625,476.0
9518,1001.0,21.0,1.0,100.0,80.0,,19.0,1.0375,5999.6625,28577125.625,476.0
9519,1001.0,21.0,1.0,100.0,80.0,,20.0,0.5875,6000.25,28583125.875,476.0
9520,1001.0,21.0,1.0,100.0,80.0,,1.0,0.95,6001.2,28589127.075,477.0
9521,1001.0,21.0,1.0,100.0,80.0,,2.0,0.1625,6001.3625,28595128.4375,477.0
9522,1001.0,21.0,1.0,100.0,80.0,,3.0,1.125,6002.4875,28601130.925,477.0
9523,1001.0,21.0,1.0,100.0,80.0,,4.0,1.2125,6003.7,28607134.625,477.0
9524,1001.0,21.0,1.0,100.0,80.0,,5.0,0.5125,6004.2125,28613138.8375,477.0
9525,1001.0,21.0,1.0,100.0,80.0,,6.0,0.875,6005.0875,28619143.925,477.0
9526,1001.0,21.0,1.0,100.0,80.0,,7.0,0.4375,6005.525,28625149.45,477.0
9527,1001.0,21.0,1.0,100.0,80.0,,8.0,0.525,6006.05,28631155.5,477.0
9528,1001.0,21.0,1.0,100.0,80.0,,9.0,0.75,6006.8,28637162.3,477.0
9529,1001.0,21.0,1.0,100.0,80.0,,10.0,1.05,6007.85,28643170.15,477.0
9530,1001.0,21.0,1.0,100.0,80.0,,11.0,0.8125,6008.6625,28649178.8125,477.0
9531,1001.0,21.0,1.0,100.0,80.0,,12.0,0.4125,6009.075,28655187.8875,477.0
9532,1001.0,21.0,1.0,100.0,80.0,,13.0,0.875,6009.95,28661197.8375,477.0
9533,1001.0,21.0,1.0,100.0,80.0,,14.0,0.4375,6010.3875,28667208.225,477.0
9534,1001.0,21.0,1.0,100.0,80.0,,15.0,0.6625,6011.05,28673219.275,477.0
9535,1001.0,21.0,1.0,100.0,80.0,,16.0,0.4375,6011.4875,28679230.7625,477.0
9536,1001.0,21.0,1.0,100.0,80.0,,17.0,0.9875,6012.475,28685243.2375,477.0
9537,1001.0,21.0,1.0,100.0,80.0,,18.0,0.45,6012.925,28691256.1625,477.0
9538,1001.0,21.0,1.0,100.0,80.0,,19.0,1.1625,6014.0875,28697270.25,477.0
9539,1001.0,21.0,1.0,100.0,80.0,,20.0,0.4125,6014.5,28703284.75,477.0
9540,1001.0,21.0,1.0,100.0,80.0,,1.0,1.2,6015.7,28709300.45,478.0
9541,1001.0,21.0,1.0,100.0,80.0,,2.0,0.275,6015.975,28715316.425,478.0
9542,1001.0,21.0,1.0,100.0,80.0,,3.0,0.8875,6016.8625,28721333.2875,478.0
9543,1001.0,21.0,1.0,100.0,80.0,,4.0,0.325,6017.1875,28727350.475,478.0
9544,1001.0,21.0,1.0,100.0,80.0,,5.0,0.5,6017.6875,28733368.1625,478.0
9545,1001.0,21.0,1.0,100.0,80.0,,6.0,0.5125,6018.2,28739386.3625,478.0
9546,1001.0,21.0,1.0,100.0,80.0,,7.0,0.675,6018.875,28745405.2375,478.0
9547,1001.0,21.0,1.0,100.0,80.0,,8.0,0.3875,6019.2625,28751424.5,478.0
9548,1001.0,21.0,1.0,100.0,80.0,,9.0,1.0,6020.2625,28757444.7625,478.0
9549,1001.0,21.0,1.0,100.0,80.0,,10.0,0.825,6021.0875,28763465.85,478.0
9550,1001.0,21.0,1.0,100.0,80.0,,11.0,0.5375,6021.625,28769487.475,478.0
9551,1001.0,21.0,1.0,100.0,80.0,,12.0,0.425,6022.05,28775509.525,478.0
9552,1001.0,21.0,1.0,100.0,80.0,,13.0,0.7,6022.75,28781532.275,478.0
9553,1001.0,21.0,1.0,100.0,80.0,,14.0,0.475,6023.225,28787555.5,478.0
9554,1001.0,21.0,1.0,100.0,80.0,,15.0,0.15,6023.375,28793578.875,478.0
9555,1001.0,21.0,1.0,100.0,80.0,,16.0,0.55,6023.925,28799602.8,478.0
9556,1001.0,21.0,1.0,100.0,80.0,,17.0,0.375,6024.3,28805627.1,478.0
9557,1001.0,21.0,1.0,100.0,80.0,,18.0,0.2875,6024.5875,28811651.6875,478.0
9558,1001.0,21.0,1.0,100.0,80.0,,19.0,0.375,6024.9625,28817676.65,478.0
9559,1001.0,21.0,1.0,100.0,80.0,,20.0,1.1125,6026.075,28823702.725,478.0
9560,1001.0,21.0,1.0,100.0,80.0,,1.0,1.1625,6027.2375,28829729.9625,479.0
9561,1001.0,21.0,1.0,100.0,80.0,,2.0,0.8625,6028.1,28835758.0625,479.0
9562,1001.0,21.0,1.0,100.0,80.0,,3.0,0.45,6028.55,28841786.6125,479.0
9563,1001.0,21.0,1.0,100.0,80.0,,4.0,0.575,6029.125,28847815.7375,479.0
9564,1001.0,21.0,1.0,100.0,80.0,,5.0,0.4375,6029.5625,28853845.3,479.0
9565,1001.0,21.0,1.0,100.0,80.0,,6.0,0.9875,6030.55,28859875.85,479.0
9566,1001.0,21.0,1.0,100.0,80.0,,7.0,0.075,6030.625,28865906.475,479.0
9567,1001.0,21.0,1.0,100.0,80.0,,8.0,0.1875,6030.8125,28871937.2875,479.0
9568,1001.0,21.0,1.0,100.0,80.0,,9.0,0.75,6031.5625,28877968.85,479.0
9569,1001.0,21.0,1.0,100.0,80.0,,10.0,0.075,6031.6375,28884000.4875,479.0
9570,1001.0,21.0,1.0,100.0,80.0,,11.0,0.1625,6031.8,28890032.2875,479.0
9571,1001.0,21.0,1.0,100.0,80.0,,12.0,0.1125,6031.9125,28896064.2,479.0
9572,1001.0,21.0,1.0,100.0,80.0,,13.0,0.375,6032.2875,28902096.4875,479.0
9573,1001.0,21.0,1.0,100.0,80.0,,14.0,0.4875,6032.775,28908129.2625,479.0
9574,1001.0,21.0,1.0,100.0,80.0,,15.0,0.425,6033.2,28914162.4625,479.0
9575,1001.0,21.0,1.0,100.0,80.0,,16.0,0.2875,6033.4875,28920195.95,479.0
9576,1001.0,21.0,1.0,100.0,80.0,,17.0,0.5125,6034.0,28926229.95,479.0
9577,1001.0,21.0,1.0,100.0,80.0,,18.0,0.675,6034.675,28932264.625,479.0
9578,1001.0,21.0,1.0,100.0,80.0,,19.0,0.0125,6034.6875,28938299.3125,479.0
9579,1001.0,21.0,1.0,100.0,80.0,,20.0,1.025,6035.7125,28944335.025,479.0
9580,1001.0,21.0,1.0,100.0,80.0,,1.0,1.0625,6036.775,28950371.8,480.0
9581,1001.0,21.0,1.0,100.0,80.0,,2.0,0.3375,6037.1125,28956408.9125,480.0
9582,1001.0,21.0,1.0,100.0,80.0,,3.0,1.075,6038.1875,28962447.1,480.0
9583,1001.0,21.0,1.0,100.0,80.0,,4.0,0.075,6038.2625,28968485.3625,480.0
9584,1001.0,21.0,1.0,100.0,80.0,,5.0,0.9875,6039.25,28974524.6125,480.0
9585,1001.0,21.0,1.0,100.0,80.0,,6.0,0.3625,6039.6125,28980564.225,480.0
9586,1001.0,21.0,1.0,100.0,80.0,,7.0,0.7375,6040.35,28986604.575,480.0
9587,1001.0,21.0,1.0,100.0,80.0,,8.0,0.6375,6040.9875,28992645.5625,480.0
9588,1001.0,21.0,1.0,100.0,80.0,,9.0,0.7375,6041.725,28998687.2875,480.0
9589,1001.0,21.0,1.0,100.0,80.0,,10.0,1.0125,6042.7375,29004730.025,480.0
9590,1001.0,21.0,1.0,100.0,80.0,,11.0,1.0125,6043.75,29010773.775,480.0
9591,1001.0,21.0,1.0,100.0,80.0,,12.0,0.5875,6044.3375,29016818.1125,480.0
9592,1001.0,21.0,1.0,100.0,80.0,,13.0,0.1625,6044.5,29022862.6125,480.0
9593,1001.0,21.0,1.0,100.0,80.0,,14.0,0.775,6045.275,29028907.8875,480.0
9594,1001.0,21.0,1.0,100.0,80.0,,15.0,1.125,6046.4,29034954.2875,480.0
9595,1001.0,21.0,1.0,100.0,80.0,,16.0,0.9,6047.3,29041001.5875,480.0
9596,1001.0,21.0,1.0,100.0,80.0,,17.0,0.8875,6048.1875,29047049.775,480.0
9597,1001.0,21.0,1.0,100.0,80.0,,18.0,0.6625,6048.85,29053098.625,480.0
9598,1001.0,21.0,1.0,100.0,80.0,,19.0,0.525,6049.375,29059148.0,480.0
9599,1001.0,21.0,1.0,100.0,80.0,,20.0,0.675,6050.05,29065198.05,480.0
9600,1001.0,21.0,1.0,100.0,80.0,,1.0,1.2125,6051.2625,29071249.3125,481.0
9601,1001.0,21.0,1.0,100.0,80.0,,2.0,0.7625,6052.025,29077301.3375,481.0
9602,1001.0,21.0,1.0,100.0,80.0,,3.0,1.05,6053.075,29083354.4125,481.0
9603,1001.0,21.0,1.0,100.0,80.0,,4.0,0.8125,6053.8875,29089408.3,481.0
9604,1001.0,21.0,1.0,100.0,80.0,,5.0,1.1875,6055.075,29095463.375,481.0
9605,1001.0,21.0,1.0,100.0,80.0,,6.0,0.1375,6055.2125,29101518.5875,481.0
9606,1001.0,21.0,1.0,100.0,80.0,,7.0,0.8125,6056.025,29107574.6125,481.0
9607,1001.0,21.0,1.0,100.0,80.0,,8.0,0.95,6056.975,29113631.5875,481.0
9608,1001.0,21.0,1.0,100.0,80.0,,9.0,0.275,6057.25,29119688.8375,481.0
9609,1001.0,21.0,1.0,100.0,80.0,,10.0,1.1875,6058.4375,29125747.275,481.0
9610,1001.0,21.0,1.0,100.0,80.0,,11.0,0.525,6058.9625,29131806.2375,481.0
9611,1001.0,21.0,1.0,100.0,80.0,,12.0,0.0625,6059.025,29137865.2625,481.0
9612,1001.0,21.0,1.0,100.0,80.0,,13.0,0.6625,6059.6875,29143924.95,481.0
9613,1001.0,21.0,1.0,100.0,80.0,,14.0,0.7625,6060.45,29149985.4,481.0
9614,1001.0,21.0,1.0,100.0,80.0,,15.0,0.825,6061.275,29156046.675,481.0
9615,1001.0,21.0,1.0,100.0,80.0,,16.0,0.25,6061.525,29162108.2,481.0
9616,1001.0,21.0,1.0,100.0,80.0,,17.0,0.05,6061.575,29168169.775,481.0
9617,1001.0,21.0,1.0,100.0,80.0,,18.0,0.4125,6061.9875,29174231.7625,481.0
9618,1001.0,21.0,1.0,100.0,80.0,,19.0,0.5125,6062.5,29180294.2625,481.0
9619,1001.0,21.0,1.0,100.0,80.0,,20.0,0.2375,6062.7375,29186357.0,481.0
9620,1001.0,21.0,1.0,100.0,80.0,,1.0,0.7125,6063.45,29192420.45,482.0
9621,1001.0,21.0,1.0,100.0,80.0,,2.0,0.45,6063.9,29198484.35,482.0
9622,1001.0,21.0,1.0,100.0,80.0,,3.0,0.1125,6064.0125,29204548.3625,482.0
9623,1001.0,21.0,1.0,100.0,80.0,,4.0,0.675,6064.6875,29210613.05,482.0
9624,1001.0,21.0,1.0,100.0,80.0,,5.0,0.7125,6065.4,29216678.45,482.0
9625,1001.0,21.0,1.0,100.0,80.0,,6.0,1.0875,6066.4875,29222744.9375,482.0
9626,1001.0,21.0,1.0,100.0,80.0,,7.0,0.45,6066.9375,29228811.875,482.0
9627,1001.0,21.0,1.0,100.0,80.0,,8.0,1.2,6068.1375,29234880.0125,482.0
9628,1001.0,21.0,1.0,100.0,80.0,,9.0,0.35,6068.4875,29240948.5,482.0
9629,1001.0,21.0,1.0,100.0,80.0,,10.0,0.9375,6069.425,29247017.925,482.0
9630,1001.0,21.0,1.0,100.0,80.0,,11.0,0.4875,6069.9125,29253087.8375,482.0
9631,1001.0,21.0,1.0,100.0,80.0,,12.0,0.825,6070.7375,29259158.575,482.0
9632,1001.0,21.0,1.0,100.0,80.0,,13.0,1.1625,6071.9,29265230.475,482.0
9633,1001.0,21.0,1.0,100.0,80.0,,14.0,0.225,6072.125,29271302.6,482.0
9634,1001.0,21.0,1.0,100.0,80.0,,15.0,0.275,6072.4,29277375.0,482.0
9635,1001.0,21.0,1.0,100.0,80.0,,16.0,1.2375,6073.6375,29283448.6375,482.0
9636,1001.0,21.0,1.0,100.0,80.0,,17.0,1.025,6074.6625,29289523.3,482.0
9637,1001.0,21.0,1.0,100.0,80.0,,18.0,0.575,6075.2375,29295598.5375,482.0
9638,1001.0,21.0,1.0,100.0,80.0,,19.0,0.825,6076.0625,29301674.6,482.0
9639,1001.0,21.0,1.0,100.0,80.0,,20.0,0.6625,6076.725,29307751.325,482.0
9640,1001.0,21.0,1.0,100.0,80.0,,1.0,0.6625,6077.3875,29313828.7125,483.0
9641,1001.0,21.0,1.0,100.0,80.0,,2.0,0.725,6078.1125,29319906.825,483.0
9642,1001.0,21.0,1.0,100.0,80.0,,3.0,0.9375,6079.05,29325985.875,483.0
9643,1001.0,21.0,1.0,100.0,80.0,,4.0,0.8125,6079.8625,29332065.7375,483.0
9644,1001.0,21.0,1.0,100.0,80.0,,5.0,0.3625,6080.225,29338145.9625,483.0
9645,1001.0,21.0,1.0,100.0,80.0,,6.0,0.225,6080.45,29344226.4125,483.0
9646,1001.0,21.0,1.0,100.0,80.0,,7.0,0.5125,6080.9625,29350307.375,483.0
9647,1001.0,21.0,1.0,100.0,80.0,,8.0,0.15,6081.1125,29356388.4875,483.0
9648,1001.0,21.0,1.0,100.0,80.0,,9.0,0.7625,6081.875,29362470.3625,483.0
9649,1001.0,21.0,1.0,100.0,80.0,,10.0,0.075,6081.95,29368552.3125,483.0
9650,1001.0,21.0,1.0,100.0,80.0,,11.0,0.9125,6082.8625,29374635.175,483.0
9651,1001.0,21.0,1.0,100.0,80.0,,12.0,0.5625,6083.425,29380718.6,483.0
9652,1001.0,21.0,1.0,100.0,80.0,,13.0,0.6125,6084.0375,29386802.6375,483.0
9653,1001.0,21.0,1.0,100.0,80.0,,14.0,0.8875,6084.925,29392887.5625,483.0
9654,1001.0,21.0,1.0,100.0,80.0,,15.0,1.0625,6085.9875,29398973.55,483.0
9655,1001.0,21.0,1.0,100.0,80.0,,16.0,0.825,6086.8125,29405060.3625,483.0
9656,1001.0,21.0,1.0,100.0,80.0,,17.0,0.025,6086.8375,29411147.2,483.0
9657,1001.0,21.0,1.0,100.0,80.0,,18.0,0.2375,6087.075,29417234.275,483.0
9658,1001.0,21.0,1.0,100.0,80.0,,19.0,0.9,6087.975,29423322.25,483.0
9659,1001.0,21.0,1.0,100.0,80.0,,20.0,1.1875,6089.1625,29429411.4125,483.0
9660,1001.0,21.0,1.0,100.0,80.0,,1.0,0.9375,6090.1,29435501.5125,484.0
9661,1001.0,21.0,1.0,100.0,80.0,,2.0,1.1625,6091.2625,29441592.775,484.0
9662,1001.0,21.0,1.0,100.0,80.0,,3.0,0.4125,6091.675,29447684.45,484.0
9663,1001.0,21.0,1.0,100.0,80.0,,4.0,0.025,6091.7,29453776.15,484.0
9664,1001.0,21.0,1.0,100.0,80.0,,5.0,0.3,6092.0,29459868.15,484.0
9665,1001.0,21.0,1.0,100.0,80.0,,6.0,1.2375,6093.2375,29465961.3875,484.0
9666,1001.0,21.0,1.0,100.0,80.0,,7.0,0.9125,6094.15,29472055.5375,484.0
9667,1001.0,21.0,1.0,100.0,80.0,,8.0,1.0375,6095.1875,29478150.725,484.0
9668,1001.0,21.0,1.0,100.0,80.0,,9.0,0.95,6096.1375,29484246.8625,484.0
9669,1001.0,21.0,1.0,100.0,80.0,,10.0,1.0375,6097.175,29490344.0375,484.0
9670,1001.0,21.0,1.0,100.0,80.0,,11.0,1.175,6098.35,29496442.3875,484.0
9671,1001.0,21.0,1.0,100.0,80.0,,12.0,0.8875,6099.2375,29502541.625,484.0
9672,1001.0,21.0,1.0,100.0,80.0,,13.0,0.8875,6100.125,29508641.75,484.0
9673,1001.0,21.0,1.0,100.0,80.0,,14.0,0.9,6101.025,29514742.775,484.0
9674,1001.0,21.0,1.0,100.0,80.0,,15.0,0.3375,6101.3625,29520844.1375,484.0
9675,1001.0,21.0,1.0,100.0,80.0,,16.0,0.075,6101.4375,29526945.575,484.0
9676,1001.0,21.0,1.0,100.0,80.0,,17.0,1.0125,6102.45,29533048.025,484.0
9677,1001.0,21.0,1.0,100.0,80.0,,18.0,1.1375,6103.5875,29539151.6125,484.0
9678,1001.0,21.0,1.0,100.0,80.0,,19.0,0.625,6104.2125,29545255.825,484.0
9679,1001.0,21.0,1.0,100.0,80.0,,20.0,0.9,6105.1125,29551360.9375,484.0
9680,1001.0,21.0,1.0,100.0,80.0,,1.0,1.0875,6106.2,29557467.1375,485.0
9681,1001.0,21.0,1.0,100.0,80.0,,2.0,1.1,6107.3,29563574.4375,485.0
9682,1001.0,21.0,1.0,100.0,80.0,,3.0,0.4625,6107.7625,29569682.2,485.0
9683,1001.0,21.0,1.0,100.0,80.0,,4.0,1.1,6108.8625,29575791.0625,485.0
9684,1001.0,21.0,1.0,100.0,80.0,,5.0,1.1625,6110.025,29581901.0875,485.0
9685,1001.0,21.0,1.0,100.0,80.0,,6.0,0.05,6110.075,29588011.1625,485.0
9686,1001.0,21.0,1.0,100.0,80.0,,7.0,1.175,6111.25,29594122.4125,485.0
9687,1001.0,21.0,1.0,100.0,80.0,,8.0,0.575,6111.825,29600234.2375,485.0
9688,1001.0,21.0,1.0,100.0,80.0,,9.0,0.4625,6112.2875,29606346.525,485.0
9689,1001.0,21.0,1.0,100.0,80.0,,10.0,0.1625,6112.45,29612458.975,485.0
9690,1001.0,21.0,1.0,100.0,80.0,,11.0,0.3125,6112.7625,29618571.7375,485.0
9691,1001.0,21.0,1.0,100.0,80.0,,12.0,1.0625,6113.825,29624685.5625,485.0
9692,1001.0,21.0,1.0,100.0,80.0,,13.0,0.725,6114.55,29630800.1125,485.0
9693,1001.0,21.0,1.0,100.0,80.0,,14.0,0.5375,6115.0875,29636915.2,485.0
9694,1001.0,21.0,1.0,100.0,80.0,,15.0,0.475,6115.5625,29643030.7625,485.0
9695,1001.0,21.0,1.0,100.0,80.0,,16.0,1.075,6116.6375,29649147.4,485.0
9696,1001.0,21.0,1.0,100.0,80.0,,17.0,0.6875,6117.325,29655264.725,485.0
9697,1001.0,21.0,1.0,100.0,80.0,,18.0,0.725,6118.05,29661382.775,485.0
9698,1001.0,21.0,1.0,100.0,80.0,,19.0,1.125,6119.175,29667501.95,485.0
9699,1001.0,21.0,1.0,100.0,80.0,,20.0,0.25,6119.425,29673621.375,485.0
9700,1001.0,21.0,1.0,100.0,80.0,,1.0,1.225,6120.65,29679742.025,486.0
9701,1001.0,21.0,1.0,100.0,80.0,,2.0,0.625,6121.275,29685863.3,486.0
9702,1001.0,21.0,1.0,100.0,80.0,,3.0,0.5375,6121.8125,29691985.1125,486.0
9703,1001.0,21.0,1.0,100.0,80.0,,4.0,0.7375,6122.55,29698107.6625,486.0
9704,1001.0,21.0,1.0,100.0,80.0,,5.0,0.6,6123.15,29704230.8125,486.0
9705,1001.0,21.0,1.0,100.0,80.0,,6.0,0.225,6123.375,29710354.1875,486.0
9706,1001.0,21.0,1.0,100.0,80.0,,7.0,0.35,6123.725,29716477.9125,486.0
9707,1001.0,21.0,1.0,100.0,80.0,,8.0,1.2125,6124.9375,29722602.85,486.0
9708,1001.0,21.0,1.0,100.0,80.0,,9.0,0.7125,6125.65,29728728.5,486.0
9709,1001.0,21.0,1.0,100.0,80.0,,10.0,0.175,6125.825,29734854.325,486.0
9710,1001.0,21.0,1.0,100.0,80.0,,11.0,0.925,6126.75,29740981.075,486.0
9711,1001.0,21.0,1.0,100.0,80.0,,12.0,0.1875,6126.9375,29747108.0125,486.0
9712,1001.0,21.0,1.0,100.0,80.0,,13.0,0.5875,6127.525,29753235.5375,486.0
9713,1001.0,21.0,1.0,100.0,80.0,,14.0,0.45,6127.975,29759363.5125,486.0
9714,1001.0,21.0,1.0,100.0,80.0,,15.0,0.075,6128.05,29765491.5625,486.0
9715,1001.0,21.0,1.0,100.0,80.0,,16.0,0.7625,6128.8125,29771620.375,486.0
9716,1001.0,21.0,1.0,100.0,80.0,,17.0,0.2125,6129.025,29777749.4,486.0
9717,1001.0,21.0,1.0,100.0,80.0,,18.0,1.2,6130.225,29783879.625,486.0
9718,1001.0,21.0,1.0,100.0,80.0,,19.0,0.5125,6130.7375,29790010.3625,486.0
9719,1001.0,21.0,1.0,100.0,80.0,,20.0,0.9375,6131.675,29796142.0375,486.0
9720,1001.0,21.0,1.0,100.0,80.0,,1.0,0.8125,6132.4875,29802274.525,487.0
9721,1001.0,21.0,1.0,100.0,80.0,,2.0,0.175,6132.6625,29808407.1875,487.0
9722,1001.0,21.0,1.0,100.0,80.0,,3.0,0.35,6133.0125,29814540.2,487.0
9723,1001.0,21.0,1.0,100.0,80.0,,4.0,0.375,6133.3875,29820673.5875,487.0
9724,1001.0,21.0,1.0,100.0,80.0,,5.0,0.2,6133.5875,29826807.175,487.0
9725,1001.0,21.0,1.0,100.0,80.0,,6.0,0.4375,6134.025,29832941.2,487.0
9726,1001.0,21.0,1.0,100.0,80.0,,7.0,0.675,6134.7,29839075.9,487.0
9727,1001.0,21.0,1.0,100.0,80.0,,8.0,0.375,6135.075,29845210.975,487.0
9728,1001.0,21.0,1.0,100.0,80.0,,9.0,0.25,6135.325,29851346.3,487.0
9729,1001.0,21.0,1.0,100.0,80.0,,10.0,1.0875,6136.4125,29857482.7125,487.0
9730,1001.0,21.0,1.0,100.0,80.0,,11.0,0.75,6137.1625,29863619.875,487.0
9731,1001.0,21.0,1.0,100.0,80.0,,12.0,0.9125,6138.075,29869757.95,487.0
9732,1001.0,21.0,1.0,100.0,80.0,,13.0,1.125,6139.2,29875897.15,487.0
9733,1001.0,21.0,1.0,100.0,80.0,,14.0,1.2,6140.4,29882037.55,487.0
9734,1001.0,21.0,1.0,100.0,80.0,,15.0,0.825,6141.225,29888178.775,487.0
9735,1001.0,21.0,1.0,100.0,80.0,,16.0,0.85,6142.075,29894320.85,487.0
9736,1001.0,21.0,1.0,100.0,80.0,,17.0,0.6,6142.675,29900463.525,487.0
9737,1001.0,21.0,1.0,100.0,80.0,,18.0,0.2,6142.875,29906606.4,487.0
9738,1001.0,21.0,1.0,100.0,80.0,,19.0,0.9125,6143.7875,29912750.1875,487.0
9739,1001.0,21.0,1.0,100.0,80.0,,20.0,0.025,6143.8125,29918894.0,487.0
9740,1001.0,21.0,1.0,100.0,80.0,,1.0,0.825,6144.6375,29925038.6375,488.0
9741,1001.0,21.0,1.0,100.0,80.0,,2.0,0.0625,6144.7,29931183.3375,488.0
9742,1001.0,21.0,1.0,100.0,80.0,,3.0,0.7375,6145.4375,29937328.775,488.0
9743,1001.0,21.0,1.0,100.0,80.0,,4.0,0.7875,6146.225,29943475.0,488.0
9744,1001.0,21.0,1.0,100.0,80.0,,5.0,0.7875,6147.0125,29949622.0125,488.0
9745,1001.0,21.0,1.0,100.0,80.0,,6.0,0.7875,6147.8,29955769.8125,488.0
9746,1001.0,21.0,1.0,100.0,80.0,,7.0,1.0,6148.8,29961918.6125,488.0
9747,1001.0,21.0,1.0,100.0,80.0,,8.0,1.0875,6149.8875,29968068.5,488.0
9748,1001.0,21.0,1.0,100.0,80.0,,9.0,0.6875,6150.575,29974219.075,488.0
9749,1001.0,21.0,1.0,100.0,80.0,,10.0,0.25,6150.825,29980369.9,488.0
9750,1001.0,21.0,1.0,100.0,80.0,,11.0,1.025,6151.85,29986521.75,488.0
9751,1001.0,21.0,1.0,100.0,80.0,,12.0,0.9125,6152.7625,29992674.5125,488.0
9752,1001.0,21.0,1.0,100.0,80.0,,13.0,0.525,6153.2875,29998827.8,488.0
9753,1001.0,21.0,1.0,100.0,80.0,,14.0,0.1,6153.3875,30004981.1875,488.0
9754,1001.0,21.0,1.0,100.0,80.0,,15.0,0.0625,6153.45,30011134.6375,488.0
9755,1001.0,21.0,1.0,100.0,80.0,,16.0,0.6125,6154.0625,30017288.7,488.0
9756,1001.0,21.0,1.0,100.0,80.0,,17.0,0.5,6154.5625,30023443.2625,488.0
9757,1001.0,21.0,1.0,100.0,80.0,,18.0,0.0375,6154.6,30029597.8625,488.0
9758,1001.0,21.0,1.0,100.0,80.0,,19.0,0.1,6154.7,30035752.5625,488.0
9759,1001.0,21.0,1.0,100.0,80.0,,20.0,0.925,6155.625,30041908.1875,488.0
9760,1001.0,21.0,1.0,100.0,80.0,,1.0,0.5125,6156.1375,30048064.325,489.0
9761,1001.0,21.0,1.0,100.0,80.0,,2.0,0.275,6156.4125,30054220.7375,489.0
9762,1001.0,21.0,1.0,100.0,80.0,,3.0,0.925,6157.3375,30060378.075,489.0
9763,1001.0,21.0,1.0,100.0,80.0,,4.0,1.125,6158.4625,30066536.5375,489.0
9764,1001.0,21.0,1.0,100.0,80.0,,5.0,0.8,6159.2625,30072695.8,489.0
9765,1001.0,21.0,1.0,100.0,80.0,,6.0,0.0875,6159.35,30078855.15,489.0
9766,1001.0,21.0,1.0,100.0,80.0,,7.0,1.125,6160.475,30085015.625,489.0
9767,1001.0,21.0,1.0,100.0,80.0,,8.0,0.275,6160.75,30091176.375,489.0
9768,1001.0,21.0,1.0,100.0,80.0,,9.0,0.45,6161.2,30097337.575,489.0
9769,1001.0,21.0,1.0,100.0,80.0,,10.0,0.5,6161.7,30103499.275,489.0
9770,1001.0,21.0,1.0,100.0,80.0,,11.0,1.2375,6162.9375,30109662.2125,489.0
9771,1001.0,21.0,1.0,100.0,80.0,,12.0,0.075,6163.0125,30115825.225,489.0
9772,1001.0,21.0,1.0,100.0,80.0,,13.0,0.0375,6163.05,30121988.275,489.0
9773,1001.0,21.0,1.0,100.0,80.0,,14.0,0.15,6163.2,30128151.475,489.0
9774,1001.0,21.0,1.0,100.0,80.0,,15.0,0.2,6163.4,30134314.875,489.0
9775,1001.0,21.0,1.0,100.0,80.0,,16.0,0.025,6163.425,30140478.3,489.0
9776,1001.0,21.0,1.0,100.0,80.0,,17.0,0.05,6163.475,30146641.775,489.0
9777,1001.0,21.0,1.0,100.0,80.0,,18.0,1.2375,6164.7125,30152806.4875,489.0
9778,1001.0,21.0,1.0,100.0,80.0,,19.0,0.9125,6165.625,30158972.1125,489.0
9779,1001.0,21.0,1.0,100.0,80.0,,20.0,0.15,6165.775,30165137.8875,489.0
9780,1001.0,21.0,1.0,100.0,80.0,,1.0,0.9,6166.675,30171304.5625,490.0
9781,1001.0,21.0,1.0,100.0,80.0,,2.0,0.775,6167.45,30177472.0125,490.0
9782,1001.0,21.0,1.0,100.0,80.0,,3.0,0.675,6168.125,30183640.1375,490.0
9783,1001.0,21.0,1.0,100.0,80.0,,4.0,0.1125,6168.2375,30189808.375,490.0
9784,1001.0,21.0,1.0,100.0,80.0,,5.0,0.5375,6168.775,30195977.15,490.0
9785,1001.0,21.0,1.0,100.0,80.0,,6.0,0.225,6169.0,30202146.15,490.0
9786,1001.0,21.0,1.0,100.0,80.0,,7.0,0.9,6169.9,30208316.05,490.0
9787,1001.0,21.0,1.0,100.0,80.0,,8.0,1.15,6171.05,30214487.1,490.0
9788,1001.0,21.0,1.0,100.0,80.0,,9.0,1.05,6172.1,30220659.2,490.0
9789,1001.0,21.0,1.0,100.0,80.0,,10.0,0.8875,6172.9875,30226832.1875,490.0
9790,1001.0,21.0,1.0,100.0,80.0,,11.0,0.3625,6173.35,30233005.5375,490.0
9791,1001.0,21.0,1.0,100.0,80.0,,12.0,0.8125,6174.1625,30239179.7,490.0
9792,1001.0,21.0,1.0,100.0,80.0,,13.0,0.525,6174.6875,30245354.3875,490.0
9793,1001.0,21.0,1.0,100.0,80.0,,14.0,0.55,6175.2375,30251529.625,490.0
9794,1001.0,21.0,1.0,100.0,80.0,,15.0,1.2,6176.4375,30257706.0625,490.0
9795,1001.0,21.0,1.0,100.0,80.0,,16.0,0.9,6177.3375,30263883.4,490.0
9796,1001.0,21.0,1.0,100.0,80.0,,17.0,0.2,6177.5375,30270060.9375,490.0
9797,1001.0,21.0,1.0,100.0,80.0,,18.0,0.025,6177.5625,30276238.5,490.0
9798,1001.0,21.0,1.0,100.0,80.0,,19.0,0.8125,6178.375,30282416.875,490.0
9799,1001.0,21.0,1.0,100.0,80.0,,20.0,0.3625,6178.7375,30288595.6125,490.0
9800,1001.0,21.0,1.0,100.0,80.0,,1.0,0.6125,6179.35,30294774.9625,491.0
9801,1001.0,21.0,1.0,100.0,80.0,,2.0,0.85,6180.2,30300955.1625,491.0
9802,1001.0,21.0,1.0,100.0,80.0,,3.0,0.1625,6180.3625,30307135.525,491.0
9803,1001.0,21.0,1.0,100.0,80.0,,4.0,1.0875,6181.45,30313316.975,491.0
9804,1001.0,21.0,1.0,100.0,80.0,,5.0,0.6625,6182.1125,30319499.0875,491.0
9805,1001.0,21.0,1.0,100.0,80.0,,6.0,0.3625,6182.475,30325681.5625,491.0
9806,1001.0,21.0,1.0,100.0,80.0,,7.0,0.7875,6183.2625,30331864.825,491.0
9807,1001.0,21.0,1.0,100.0,80.0,,8.0,0.6125,6183.875,30338048.7,491.0
9808,1001.0,21.0,1.0,100.0,80.0,,9.0,0.625,6184.5,30344233.2,491.0
9809,1001.0,21.0,1.0,100.0,80.0,,10.0,0.9875,6185.4875,30350418.6875,491.0
9810,1001.0,21.0,1.0,100.0,80.0,,11.0,0.05,6185.5375,30356604.225,491.0
9811,1001.0,21.0,1.0,100.0,80.0,,12.0,0.8,6186.3375,30362790.5625,491.0
9812,1001.0,21.0,1.0,100.0,80.0,,13.0,0.4375,6186.775,30368977.3375,491.0
9813,1001.0,21.0,1.0,100.0,80.0,,14.0,0.475,6187.25,30375164.5875,491.0
9814,1001.0,21.0,1.0,100.0,80.0,,15.0,0.65,6187.9,30381352.4875,491.0
9815,1001.0,21.0,1.0,100.0,80.0,,16.0,0.7875,6188.6875,30387541.175,491.0
9816,1001.0,21.0,1.0,100.0,80.0,,17.0,0.8,6189.4875,30393730.6625,491.0
9817,1001.0,21.0,1.0,100.0,80.0,,18.0,0.425,6189.9125,30399920.575,491.0
9818,1001.0,21.0,1.0,100.0,80.0,,19.0,0.6625,6190.575,30406111.15,491.0
9819,1001.0,21.0,1.0,100.0,80.0,,20.0,1.1625,6191.7375,30412302.8875,491.0
9820,1001.0,21.0,1.0,100.0,80.0,,1.0,0.3625,6192.1,30418494.9875,492.0
9821,1001.0,21.0,1.0,100.0,80.0,,2.0,0.9,6193.0,30424687.9875,492.0
9822,1001.0,21.0,1.0,100.0,80.0,,3.0,1.2375,6194.2375,30430882.225,492.0
9823,1001.0,21.0,1.0,100.0,80.0,,4.0,1.1625,6195.4,30437077.625,492.0
9824,1001.0,21.0,1.0,100.0,80.0,,5.0,0.9125,6196.3125,30443273.9375,492.0
9825,1001.0,21.0,1.0,100.0,80.0,,6.0,0.55,6196.8625,30449470.8,492.0
9826,1001.0,21.0,1.0,100.0,80.0,,7.0,0.3125,6197.175,30455667.975,492.0
9827,1001.0,21.0,1.0,100.0,80.0,,8.0,1.1625,6198.3375,30461866.3125,492.0
9828,1001.0,21.0,1.0,100.0,80.0,,9.0,0.175,6198.5125,30468064.825,492.0
9829,1001.0,21.0,1.0,100.0,80.0,,10.0,0.15,6198.6625,30474263.4875,492.0
9830,1001.0,21.0,1.0,100.0,80.0,,11.0,0.3875,6199.05,30480462.5375,492.0
9831,1001.0,21.0,1.0,100.0,80.0,,12.0,0.4125,6199.4625,30486662.0,492.0
9832,1001.0,21.0,1.0,100.0,80.0,,13.0,0.35,6199.8125,30492861.8125,492.0
9833,1001.0,21.0,1.0,100.0,80.0,,14.0,0.525,6200.3375,30499062.15,492.0
9834,1001.0,21.0,1.0,100.0,80.0,,15.0,0.1375,6200.475,30505262.625,492.0
9835,1001.0,21.0,1.0,100.0,80.0,,16.0,0.4375,6200.9125,30511463.5375,492.0
9836,1001.0,21.0,1.0,100.0,80.0,,17.0,0.175,6201.0875,30517664.625,492.0
9837,1001.0,21.0,1.0,100.0,80.0,,18.0,0.65,6201.7375,30523866.3625,492.0
9838,1001.0,21.0,1.0,100.0,80.0,,19.0,1.025,6202.7625,30530069.125,492.0
9839,1001.0,21.0,1.0,100.0,80.0,,20.0,0.325,6203.0875,30536272.2125,492.0
9840,1001.0,21.0,1.0,100.0,80.0,,1.0,0.875,6203.9625,30542476.175,493.0
9841,1001.0,21.0,1.0,100.0,80.0,,2.0,0.6625,6204.625,30548680.8,493.0
9842,1001.0,21.0,1.0,100.0,80.0,,3.0,0.0125,6204.6375,30554885.4375,493.0
9843,1001.0,21.0,1.0,100.0,80.0,,4.0,0.0875,6204.725,30561090.1625,493.0
9844,1001.0,21.0,1.0,100.0,80.0,,5.0,0.9,6205.625,30567295.7875,493.0
9845,1001.0,21.0,1.0,100.0,80.0,,6.0,0.875,6206.5,30573502.2875,493.0
9846,1001.0,21.0,1.0,100.0,80.0,,7.0,0.075,6206.575,30579708.8625,493.0
9847,1001.0,21.0,1.0,100.0,80.0,,8.0,0.0375,6206.6125,30585915.475,493.0
9848,1001.0,21.0,1.0,100.0,80.0,,9.0,0.8,6207.4125,30592122.8875,493.0
9849,1001.0,21.0,1.0,100.0,80.0,,10.0,0.6,6208.0125,30598330.9,493.0
9850,1001.0,21.0,1.0,100.0,80.0,,11.0,0.1375,6208.15,30604539.05,493.0
9851,1001.0,21.0,1.0,100.0,80.0,,12.0,0.3625,6208.5125,30610747.5625,493.0
9852,1001.0,21.0,1.0,100.0,80.0,,13.0,1.075,6209.5875,30616957.15,493.0
9853,1001.0,21.0,1.0,100.0,80.0,,14.0,0.05,6209.6375,30623166.7875,493.0
9854,1001.0,21.0,1.0,100.0,80.0,,15.0,0.5,6210.1375,30629376.925,493.0
9855,1001.0,21.0,1.0,100.0,80.0,,16.0,1.1875,6211.325,30635588.25,493.0
9856,1001.0,21.0,1.0,100.0,80.0,,17.0,1.0125,6212.3375,30641800.5875,493.0
9857,1001.0,21.0,1.0,100.0,80.0,,18.0,0.85,6213.1875,30648013.775,493.0
9858,1001.0,21.0,1.0,100.0,80.0,,19.0,1.1875,6214.375,30654228.15,493.0
9859,1001.0,21.0,1.0,100.0,80.0,,20.0,0.7875,6215.1625,30660443.3125,493.0
9860,1001.0,21.0,1.0,100.0,80.0,,1.0,0.9,6216.0625,30666659.375,494.0
9861,1001.0,21.0,1.0,100.0,80.0,,2.0,0.325,6216.3875,30672875.7625,494.0
9862,1001.0,21.0,1.0,100.0,80.0,,3.0,1.1375,6217.525,30679093.2875,494.0
9863,1001.0,21.0,1.0,100.0,80.0,,4.0,0.175,6217.7,30685310.9875,494.0
9864,1001.0,21.0,1.0,100.0,80.0,,5.0,0.55,6218.25,30691529.2375,494.0
9865,1001.0,21.0,1.0,100.0,80.0,,6.0,0.7875,6219.0375,30697748.275,494.0
9866,1001.0,21.0,1.0,100.0,80.0,,7.0,0.8125,6219.85,30703968.125,494.0
9867,1001.0,21.0,1.0,100.0,80.0,,8.0,1.05,6220.9,30710189.025,494.0
9868,1001.0,21.0,1.0,100.0,80.0,,9.0,0.9125,6221.8125,30716410.8375,494.0
9869,1001.0,21.0,1.0,100.0,80.0,,10.0,0.8,6222.6125,30722633.45,494.0
9870,1001.0,21.0,1.0,100.0,80.0,,11.0,0.2,6222.8125,30728856.2625,494.0
9871,1001.0,21.0,1.0,100.0,80.0,,12.0,1.0,6223.8125,30735080.075,494.0
9872,1001.0,21.0,1.0,100.0,80.0,,13.0,0.25,6224.0625,30741304.1375,494.0
9873,1001.0,21.0,1.0,100.0,80.0,,14.0,0.4875,6224.55,30747528.6875,494.0
9874,1001.0,21.0,1.0,100.0,80.0,,15.0,0.075,6224.625,30753753.3125,494.0
9875,1001.0,21.0,1.0,100.0,80.0,,16.0,0.925,6225.55,30759978.8625,494.0
9876,1001.0,21.0,1.0,100.0,80.0,,17.0,0.225,6225.775,30766204.6375,494.0
9877,1001.0,21.0,1.0,100.0,80.0,,18.0,0.475,6226.25,30772430.8875,494.0
9878,1001.0,21.0,1.0,100.0,80.0,,19.0,0.65,6226.9,30778657.7875,494.0
9879,1001.0,21.0,1.0,100.0,80.0,,20.0,0.25,6227.15,30784884.9375,494.0
9880,1001.0,21.0,1.0,100.0,80.0,,1.0,0.8,6227.95,30791112.8875,495.0
9881,1001.0,21.0,1.0,100.0,80.0,,2.0,1.0375,6228.9875,30797341.875,495.0
9882,1001.0,21.0,1.0,100.0,80.0,,3.0,0.25,6229.2375,30803571.1125,495.0
9883,1001.0,21.0,1.0,100.0,80.0,,4.0,0.5625,6229.8,30809800.9125,495.0
9884,1001.0,21.0,1.0,100.0,80.0,,5.0,0.9125,6230.7125,30816031.625,495.0
9885,1001.0,21.0,1.0,100.0,80.0,,6.0,0.3875,6231.1,30822262.725,495.0
9886,1001.0,21.0,1.0,100.0,80.0,,7.0,1.075,6232.175,30828494.9,495.0
9887,1001.0,21.0,1.0,100.0,80.0,,8.0,0.7625,6232.9375,30834727.8375,495.0
9888,1001.0,21.0,1.0,100.0,80.0,,9.0,0.2125,6233.15,30840960.9875,495.0
9889,1001.0,21.0,1.0,100.0,80.0,,10.0,0.8,6233.95,30847194.9375,495.0
9890,1001.0,21.0,1.0,100.0,80.0,,11.0,0.0125,6233.9625,30853428.9,495.0
9891,1001.0,21.0,1.0,100.0,80.0,,12.0,1.025,6234.9875,30859663.8875,495.0
9892,1001.0,21.0,1.0,100.0,80.0,,13.0,0.525,6235.5125,30865899.4,495.0
9893,1001.0,21.0,1.0,100.0,80.0,,14.0,0.15,6235.6625,30872135.0625,495.0
9894,1001.0,21.0,1.0,100.0,80.0,,15.0,0.275,6235.9375,30878371.0,495.0
9895,1001.0,21.0,1.0,100.0,80.0,,16.0,1.0875,6237.025,30884608.025,495.0
9896,1001.0,21.0,1.0,100.0,80.0,,17.0,0.05,6237.075,30890845.1,495.0
9897,1001.0,21.0,1.0,100.0,80.0,,18.0,0.625,6237.7,30897082.8,495.0
9898,1001.0,21.0,1.0,100.0,80.0,,19.0,0.575,6238.275,30903321.075,495.0
9899,1001.0,21.0,1.0,100.0,80.0,,20.0,0.45,6238.725,30909559.8,495.0
9900,1001.0,21.0,1.0,100.0,80.0,,1.0,0.3625,6239.0875,30915798.8875,496.0
9901,1001.0,21.0,1.0,100.0,80.0,,2.0,0.8375,6239.925,30922038.8125,496.0
9902,1001.0,21.0,1.0,100.0,80.0,,3.0,0.1375,6240.0625,30928278.875,496.0
9903,1001.0,21.0,1.0,100.0,80.0,,4.0,0.5625,6240.625,30934519.5,496.0
9904,1001.0,21.0,1.0,100.0,80.0,,5.0,0.25,6240.875,30940760.375,496.0
9905,1001.0,21.0,1.0,100.0,80.0,,6.0,0.1125,6240.9875,30947001.3625,496.0
9906,1001.0,21.0,1.0,100.0,80.0,,7.0,0.8125,6241.8,30953243.1625,496.0
9907,1001.0,21.0,1.0,100.0,80.0,,8.0,0.3625,6242.1625,30959485.325,496.0
9908,1001.0,21.0,1.0,100.0,80.0,,9.0,0.65,6242.8125,30965728.1375,496.0
9909,1001.0,21.0,1.0,100.0,80.0,,10.0,1.175,6243.9875,30971972.125,496.0
9910,1001.0,21.0,1.0,100.0,80.0,,11.0,0.6125,6244.6,30978216.725,496.0
9911,1001.0,21.0,1.0,100.0,80.0,,12.0,0.1125,6244.7125,30984461.4375,496.0
9912,1001.0,21.0,1.0,100.0,80.0,,13.0,0.1125,6244.825,30990706.2625,496.0
9913,1001.0,21.0,1.0,100.0,80.0,,14.0,0.7125,6245.5375,30996951.8,496.0
9914,1001.0,21.0,1.0,100.0,80.0,,15.0,0.9625,6246.5,31003198.3,496.0
9915,1001.0,21.0,1.0,100.0,80.0,,16.0,1.2,6247.7,31009446.0,496.0
9916,1001.0,21.0,1.0,100.0,80.0,,17.0,1.0,6248.7,31015694.7,496.0
9917,1001.0,21.0,1.0,100.0,80.0,,18.0,0.6125,6249.3125,31021944.0125,496.0
9918,1001.0,21.0,1.0,100.0,80.0,,19.0,0.9125,6250.225,31028194.2375,496.0
9919,1001.0,21.0,1.0,100.0,80.0,,20.0,0.4375,6250.6625,31034444.9,496.0
9920,1001.0,21.0,1.0,100.0,80.0,,1.0,0.2875,6250.95,31040695.85,497.0
9921,1001.0,21.0,1.0,100.0,80.0,,2.0,0.225,6251.175,31046947.025,497.0
9922,1001.0,21.0,1.0,100.0,80.0,,3.0,0.8875,6252.0625,31053199.0875,497.0
9923,1001.0,21.0,1.0,100.0,80.0,,4.0,0.5125,6252.575,31059451.6625,497.0
9924,1001.0,21.0,1.0,100.0,80.0,,5.0,1.125,6253.7,31065705.3625,497.0
9925,1001.0,21.0,1.0,100.0,80.0,,6.0,1.2125,6254.9125,31071960.275,497.0
9926,1001.0,21.0,1.0,100.0,80.0,,7.0,0.3875,6255.3,31078215.575,497.0
9927,1001.0,21.0,1.0,100.0,80.0,,8.0,0.55,6255.85,31084471.425,497.0
9928,1001.0,21.0,1.0,100.0,80.0,,9.0,0.525,6256.375,31090727.8,497.0
9929,1001.0,21.0,1.0,100.0,80.0,,10.0,0.15,6256.525,31096984.325,497.0
9930,1001.0,21.0,1.0,100.0,80.0,,11.0,0.0625,6256.5875,31103240.9125,497.0
9931,1001.0,21.0,1.0,100.0,80.0,,12.0,1.1125,6257.7,31109498.6125,497.0
9932,1001.0,21.0,1.0,100.0,80.0,,13.0,0.6625,6258.3625,31115756.975,497.0
9933,1001.0,21.0,1.0,100.0,80.0,,14.0,0.775,6259.1375,31122016.1125,497.0
9934,1001.0,21.0,1.0,100.0,80.0,,15.0,1.175,6260.3125,31128276.425,497.0
9935,1001.0,21.0,1.0,100.0,80.0,,16.0,1.05,6261.3625,31134537.7875,497.0
9936,1001.0,21.0,1.0,100.0,80.0,,17.0,0.425,6261.7875,31140799.575,497.0
9937,1001.0,21.0,1.0,100.0,80.0,,18.0,0.9,6262.6875,31147062.2625,497.0
9938,1001.0,21.0,1.0,100.0,80.0,,19.0,0.9875,6263.675,31153325.9375,497.0
9939,1001.0,21.0,1.0,100.0,80.0,,20.0,0.1375,6263.8125,31159589.75,497.0
9940,1001.0,21.0,1.0,100.0,80.0,,1.0,0.3625,6264.175,31165853.925,498.0
9941,1001.0,21.0,1.0,100.0,80.0,,2.0,0.8,6264.975,31172118.9,498.0
9942,1001.0,21.0,1.0,100.0,80.0,,3.0,0.2875,6265.2625,31178384.1625,498.0
9943,1001.0,21.0,1.0,100.0,80.0,,4.0,0.8125,6266.075,31184650.2375,498.0
9944,1001.0,21.0,1.0,100.0,80.0,,5.0,0.5875,6266.6625,31190916.9,498.0
9945,1001.0,21.0,1.0,100.0,80.0,,6.0,0.8875,6267.55,31197184.45,498.0
9946,1001.0,21.0,1.0,100.0,80.0,,7.0,0.6125,6268.1625,31203452.6125,498.0
9947,1001.0,21.0,1.0,100.0,80.0,,8.0,0.125,6268.2875,31209720.9,498.0
9948,1001.0,21.0,1.0,100.0,80.0,,9.0,0.575,6268.8625,31215989.7625,498.0
9949,1001.0,21.0,1.0,100.0,80.0,,10.0,0.675,6269.5375,31222259.3,498.0
9950,1001.0,21.0,1.0,100.0,80.0,,11.0,0.55,6270.0875,31228529.3875,498.0
9951,1001.0,21.0,1.0,100.0,80.0,,12.0,0.625,6270.7125,31234800.1,498.0
9952,1001.0,21.0,1.0,100.0,80.0,,13.0,0.875,6271.5875,31241071.6875,498.0
9953,1001.0,21.0,1.0,100.0,80.0,,14.0,0.55,6272.1375,31247343.825,498.0
9954,1001.0,21.0,1.0,100.0,80.0,,15.0,0.4125,6272.55,31253616.375,498.0
9955,1001.0,21.0,1.0,100.0,80.0,,16.0,0.275,6272.825,31259889.2,498.0
9956,1001.0,21.0,1.0,100.0,80.0,,17.0,0.9875,6273.8125,31266163.0125,498.0
9957,1001.0,21.0,1.0,100.0,80.0,,18.0,0.075,6273.8875,31272436.9,498.0
9958,1001.0,21.0,1.0,100.0,80.0,,19.0,0.125,6274.0125,31278710.9125,498.0
9959,1001.0,21.0,1.0,100.0,80.0,,20.0,0.2875,6274.3,31284985.2125,498.0
9960,1001.0,21.0,1.0,100.0,80.0,,1.0,0.35,6274.65,31291259.8625,499.0
9961,1001.0,21.0,1.0,100.0,80.0,,2.0,0.1,6274.75,31297534.6125,499.0
9962,1001.0,21.0,1.0,100.0,80.0,,3.0,1.0375,6275.7875,31303810.4,499.0
9963,1001.0,21.0,1.0,100.0,80.0,,4.0,1.025,6276.8125,31310087.2125,499.0
9964,1001.0,21.0,1.0,100.0,80.0,,5.0,0.9,6277.7125,31316364.925,499.0
9965,1001.0,21.0,1.0,100.0,80.0,,6.0,0.6625,6278.375,31322643.3,499.0
9966,1001.0,21.0,1.0,100.0,80.0,,7.0,0.0375,6278.4125,31328921.7125,499.0
9967,1001.0,21.0,1.0,100.0,80.0,,8.0,0.275,6278.6875,31335200.4,499.0
9968,1001.0,21.0,1.0,100.0,80.0,,9.0,0.4875,6279.175,31341479.575,499.0
9969,1001.0,21.0,1.0,100.0,80.0,,10.0,0.9625,6280.1375,31347759.7125,499.0
9970,1001.0,21.0,1.0,100.0,80.0,,11.0,0.05,6280.1875,31354039.9,499.0
9971,1001.0,21.0,1.0,100.0,80.0,,12.0,1.225,6281.4125,31360321.3125,499.0
9972,1001.0,21.0,1.0,100.0,80.0,,13.0,0.275,6281.6875,31366603.0,499.0
9973,1001.0,21.0,1.0,100.0,80.0,,14.0,0.0375,6281.725,31372884.725,499.0
9974,1001.0,21.0,1.0,100.0,80.0,,15.0,0.675,6282.4,31379167.125,499.0
9975,1001.0,21.0,1.0,100.0,80.0,,16.0,0.7875,6283.1875,31385450.3125,499.0
9976,1001.0,21.0,1.0,100.0,80.0,,17.0,0.4375,6283.625,31391733.9375,499.0
9977,1001.0,21.0,1.0,100.0,80.0,,18.0,1.1,6284.725,31398018.6625,499.0
9978,1001.0,21.0,1.0,100.0,80.0,,19.0,0.7875,6285.5125,31404304.175,499.0
9979,1001.0,21.0,1.0,100.0,80.0,,20.0,0.525,6286.0375,31410590.2125,499.0
9980,1001.0,21.0,1.0,100.0,80.0,,1.0,1.0125,6287.05,31416877.2625,500.0
9981,1001.0,21.0,1.0,100.0,80.0,,2.0,0.2125,6287.2625,31423164.525,500.0
9982,1001.0,21.0,1.0,100.0,80.0,,3.0,1.0125,6288.275,31429452.8,500.0
9983,1001.0,21.0,1.0,100.0,80.0,,4.0,0.5125,6288.7875,31435741.5875,500.0
9984,1001.0,21.0,1.0,100.0,80.0,,5.0,1.225,6290.0125,31442031.6,500.0
9985,1001.0,21.0,1.0,100.0,80.0,,6.0,0.2,6290.2125,31448321.8125,500.0
9986,1001.0,21.0,1.0,100.0,80.0,,7.0,1.2375,6291.45,31454613.2625,500.0
9987,1001.0,21.0,1.0,100.0,80.0,,8.0,0.9625,6292.4125,31460905.675,500.0
9988,1001.0,21.0,1.0,100.0,80.0,,9.0,1.0,6293.4125,31467199.0875,500.0
9989,1001.0,21.0,1.0,100.0,80.0,,10.0,0.8125,6294.225,31473493.3125,500.0
9990,1001.0,21.0,1.0,100.0,80.0,,11.0,0.5125,6294.7375,31479788.05,500.0
9991,1001.0,21.0,1.0,100.0,80.0,,12.0,0.8625,6295.6,31486083.65,500.0
9992,1001.0,21.0,1.0,100.0,80.0,,13.0,0.825,6296.425,31492380.075,500.0
9993,1001.0,21.0,1.0,100.0,80.0,,14.0,1.2375,6297.6625,31498677.7375,500.0
9994,1001.0,21.0,1.0,100.0,80.0,,15.0,1.025,6298.6875,31504976.425,500.0
9995,1001.0,21.0,1.0,100.0,80.0,,16.0,0.4625,6299.15,31511275.575,500.0
9996,1001.0,21.0,1.0,100.0,80.0,,17.0,0.625,6299.775,31517575.35,500.0
9997,1001.0,21.0,1.0,100.0,80.0,,18.0,0.6875,6300.4625,31523875.8125,500.0
9998,1001.0,21.0,1.0,100.0,80.0,,19.0,0.75,6301.2125,31530177.025,500.0
9999,1001.0,21.0,1.0,100.0,80.0,,20.0,0.3,6301.5125,31536478.5375,500.0
10000,1001.0,21.0,1.0,100.0,80.0,,1.0,0.125,6301.6375,31542780.175,501.0
10001,1001.0,21.0,1.0,100.0,80.0,,2.0,0.5875,6302.225,31549082.4,501.0
10002,1001.0,21.0,1.0,100.0,80.0,,3.0,1.025,6303.25,31555385.65,501.0
10003,1001.0,21.0,1.0,100.0,80.0,,4.0,1.2,6304.45,31561690.1,501.0
10004,1001.0,21.0,1.0,100.0,80.0,,5.0,0.55,6305.0,31567995.1,501.0
10005,1001.0,21.0,1.0,100.0,80.0,,6.0,0.5,6305.5,31574300.6,501.0
10006,1001.0,21.0,1.0,100.0,80.0,,7.0,0.7125,6306.2125,31580606.8125,501.0
10007,1001.0,21.0,1.0,100.0,80.0,,8.0,0.5875,6306.8,31586913.6125,501.0
10008,1001.0,21.0,1.0,100.0,80.0,,9.0,0.7,6307.5,31593221.1125,501.0
10009,1001.0,21.0,1.0,100.0,80.0,,10.0,0.7625,6308.2625,31599529.375,501.0
10010,1001.0,21.0,1.0,100.0,80.0,,11.0,0.4625,6308.725,31605838.1,501.0
10011,1001.0,21.0,1.0,100.0,80.0,,12.0,0.7125,6309.4375,31612147.5375,501.0
10012,1001.0,21.0,1.0,100.0,80.0,,13.0,0.0375,6309.475,31618457.0125,501.0
10013,1001.0,21.0,1.0,100.0,80.0,,14.0,0.6875,6310.1625,31624767.175,501.0
10014,1001.0,21.0,1.0,100.0,80.0,,15.0,0.3375,6310.5,31631077.675,501.0
10015,1001.0,21.0,1.0,100.0,80.0,,16.0,0.275,6310.775,31637388.45,501.0
10016,1001.0,21.0,1.0,100.0,80.0,,17.0,0.675,6311.45,31643699.9,501.0
10017,1001.0,21.0,1.0,100.0,80.0,,18.0,0.2375,6311.6875,31650011.5875,501.0
10018,1001.0,21.0,1.0,100.0,80.0,,19.0,0.2125,6311.9,31656323.4875,501.0
10019,1001.0,21.0,1.0,100.0,80.0,,20.0,1.0125,6312.9125,31662636.4,501.0
10020,1001.0,21.0,1.0,100.0,80.0,,1.0,0.9125,6313.825,31668950.225,502.0
10021,1001.0,21.0,1.0,100.0,80.0,,2.0,1.1,6314.925,31675265.15,502.0
10022,1001.0,21.0,1.0,100.0,80.0,,3.0,0.2125,6315.1375,31681580.2875,502.0
10023,1001.0,21.0,1.0,100.0,80.0,,4.0,0.35,6315.4875,31687895.775,502.0
10024,1001.0,21.0,1.0,100.0,80.0,,5.0,0.05,6315.5375,31694211.3125,502.0
10025,1001.0,21.0,1.0,100.0,80.0,,6.0,0.5625,6316.1,31700527.4125,502.0
10026,1001.0,21.0,1.0,100.0,80.0,,7.0,0.0875,6316.1875,31706843.6,502.0
10027,1001.0,21.0,1.0,100.0,80.0,,8.0,0.825,6317.0125,31713160.6125,502.0
10028,1001.0,21.0,1.0,100.0,80.0,,9.0,0.2875,6317.3,31719477.9125,502.0
10029,1001.0,21.0,1.0,100.0,80.0,,10.0,1.1875,6318.4875,31725796.4,502.0
10030,1001.0,21.0,1.0,100.0,80.0,,11.0,0.625,6319.1125,31732115.5125,502.0
10031,1001.0,21.0,1.0,100.0,80.0,,12.0,0.6875,6319.8,31738435.3125,502.0
10032,1001.0,21.0,1.0,100.0,80.0,,13.0,0.5875,6320.3875,31744755.7,502.0
10033,1001.0,21.0,1.0,100.0,80.0,,14.0,1.2375,6321.625,31751077.325,502.0
10034,1001.0,21.0,1.0,100.0,80.0,,15.0,0.4375,6322.0625,31757399.3875,502.0
10035,1001.0,21.0,1.0,100.0,80.0,,16.0,1.1125,6323.175,31763722.5625,502.0
10036,1001.0,21.0,1.0,100.0,80.0,,17.0,0.8875,6324.0625,31770046.625,502.0
10037,1001.0,21.0,1.0,100.0,80.0,,18.0,0.225,6324.2875,31776370.9125,502.0
10038,1001.0,21.0,1.0,100.0,80.0,,19.0,0.55,6324.8375,31782695.75,502.0
10039,1001.0,21.0,1.0,100.0,80.0,,20.0,0.9625,6325.8,31789021.55,502.0
10040,1001.0,21.0,1.0,100.0,80.0,,1.0,0.4,6326.2,31795347.75,503.0
10041,1001.0,21.0,1.0,100.0,80.0,,2.0,1.0875,6327.2875,31801675.0375,503.0
10042,1001.0,21.0,1.0,100.0,80.0,,3.0,0.925,6328.2125,31808003.25,503.0
10043,1001.0,21.0,1.0,100.0,80.0,,4.0,0.5875,6328.8,31814332.05,503.0
10044,1001.0,21.0,1.0,100.0,80.0,,5.0,0.6,6329.4,31820661.45,503.0
10045,1001.0,21.0,1.0,100.0,80.0,,6.0,0.85,6330.25,31826991.7,503.0
10046,1001.0,21.0,1.0,100.0,80.0,,7.0,0.625,6330.875,31833322.575,503.0
10047,1001.0,21.0,1.0,100.0,80.0,,8.0,0.3375,6331.2125,31839653.7875,503.0
10048,1001.0,21.0,1.0,100.0,80.0,,9.0,1.1,6332.3125,31845986.1,503.0
10049,1001.0,21.0,1.0,100.0,80.0,,10.0,0.3,6332.6125,31852318.7125,503.0
10050,1001.0,21.0,1.0,100.0,80.0,,11.0,1.2125,6333.825,31858652.5375,503.0
10051,1001.0,21.0,1.0,100.0,80.0,,12.0,0.4375,6334.2625,31864986.8,503.0
10052,1001.0,21.0,1.0,100.0,80.0,,13.0,1.0375,6335.3,31871322.1,503.0
10053,1001.0,21.0,1.0,100.0,80.0,,14.0,0.4875,6335.7875,31877657.8875,503.0
10054,1001.0,21.0,1.0,100.0,80.0,,15.0,0.6,6336.3875,31883994.275,503.0
10055,1001.0,21.0,1.0,100.0,80.0,,16.0,0.575,6336.9625,31890331.2375,503.0
10056,1001.0,21.0,1.0,100.0,80.0,,17.0,0.9625,6337.925,31896669.1625,503.0
10057,1001.0,21.0,1.0,100.0,80.0,,18.0,1.0,6338.925,31903008.0875,503.0
10058,1001.0,21.0,1.0,100.0,80.0,,19.0,0.4625,6339.3875,31909347.475,503.0
10059,1001.0,21.0,1.0,100.0,80.0,,20.0,0.325,6339.7125,31915687.1875,503.0
10060,1001.0,21.0,1.0,100.0,80.0,,1.0,0.7875,6340.5,31922027.6875,504.0
10061,1001.0,21.0,1.0,100.0,80.0,,2.0,1.0375,6341.5375,31928369.225,504.0
10062,1001.0,21.0,1.0,100.0,80.0,,3.0,0.9875,6342.525,31934711.75,504.0
10063,1001.0,21.0,1.0,100.0,80.0,,4.0,0.4375,6342.9625,31941054.7125,504.0
10064,1001.0,21.0,1.0,100.0,80.0,,5.0,0.8125,6343.775,31947398.4875,504.0
10065,1001.0,21.0,1.0,100.0,80.0,,6.0,0.75,6344.525,31953743.0125,504.0
10066,1001.0,21.0,1.0,100.0,80.0,,7.0,0.5625,6345.0875,31960088.1,504.0
10067,1001.0,21.0,1.0,100.0,80.0,,8.0,0.6,6345.6875,31966433.7875,504.0
10068,1001.0,21.0,1.0,100.0,80.0,,9.0,0.6125,6346.3,31972780.0875,504.0
10069,1001.0,21.0,1.0,100.0,80.0,,10.0,0.6125,6346.9125,31979127.0,504.0
10070,1001.0,21.0,1.0,100.0,80.0,,11.0,0.175,6347.0875,31985474.0875,504.0
10071,1001.0,21.0,1.0,100.0,80.0,,12.0,0.975,6348.0625,31991822.15,504.0
10072,1001.0,21.0,1.0,100.0,80.0,,13.0,1.05,6349.1125,31998171.2625,504.0
10073,1001.0,21.0,1.0,100.0,80.0,,14.0,0.775,6349.8875,32004521.15,504.0
10074,1001.0,21.0,1.0,100.0,80.0,,15.0,0.275,6350.1625,32010871.3125,504.0
10075,1001.0,21.0,1.0,100.0,80.0,,16.0,0.0625,6350.225,32017221.5375,504.0
10076,1001.0,21.0,1.0,100.0,80.0,,17.0,1.1125,6351.3375,32023572.875,504.0
10077,1001.0,21.0,1.0,100.0,80.0,,18.0,1.2375,6352.575,32029925.45,504.0
10078,1001.0,21.0,1.0,100.0,80.0,,19.0,0.8375,6353.4125,32036278.8625,504.0
10079,1001.0,21.0,1.0,100.0,80.0,,20.0,0.0375,6353.45,32042632.3125,504.0
10080,1001.0,21.0,1.0,100.0,80.0,,1.0,0.95,6354.4,32048986.7125,505.0
10081,1001.0,21.0,1.0,100.0,80.0,,2.0,0.4125,6354.8125,32055341.525,505.0
10082,1001.0,21.0,1.0,100.0,80.0,,3.0,0.1125,6354.925,32061696.45,505.0
10083,1001.0,21.0,1.0,100.0,80.0,,4.0,0.25,6355.175,32068051.625,505.0
10084,1001.0,21.0,1.0,100.0,80.0,,5.0,0.675,6355.85,32074407.475,505.0
10085,1001.0,21.0,1.0,100.0,80.0,,6.0,1.0375,6356.8875,32080764.3625,505.0
10086,1001.0,21.0,1.0,100.0,80.0,,7.0,0.65,6357.5375,32087121.9,505.0
10087,1001.0,21.0,1.0,100.0,80.0,,8.0,0.9625,6358.5,32093480.4,505.0
10088,1001.0,21.0,1.0,100.0,80.0,,9.0,1.1375,6359.6375,32099840.0375,505.0
10089,1001.0,21.0,1.0,100.0,80.0,,10.0,1.0625,6360.7,32106200.7375,505.0
10090,1001.0,21.0,1.0,100.0,80.0,,11.0,0.2625,6360.9625,32112561.7,505.0
10091,1001.0,21.0,1.0,100.0,80.0,,12.0,0.625,6361.5875,32118923.2875,505.0
10092,1001.0,21.0,1.0,100.0,80.0,,13.0,1.1,6362.6875,32125285.975,505.0
10093,1001.0,21.0,1.0,100.0,80.0,,14.0,0.9375,6363.625,32131649.6,505.0
10094,1001.0,21.0,1.0,100.0,80.0,,15.0,0.9875,6364.6125,32138014.2125,505.0
10095,1001.0,21.0,1.0,100.0,80.0,,16.0,0.4,6365.0125,32144379.225,505.0
10096,1001.0,21.0,1.0,100.0,80.0,,17.0,0.8,6365.8125,32150745.0375,505.0
10097,1001.0,21.0,1.0,100.0,80.0,,18.0,0.2625,6366.075,32157111.1125,505.0
10098,1001.0,21.0,1.0,100.0,80.0,,19.0,1.2125,6367.2875,32163478.4,505.0
10099,1001.0,21.0,1.0,100.0,80.0,,20.0,0.2875,6367.575,32169845.975,505.0
10100,1001.0,21.0,1.0,100.0,80.0,,1.0,0.65,6368.225,32176214.2,506.0
10101,1001.0,21.0,1.0,100.0,80.0,,2.0,0.9875,6369.2125,32182583.4125,506.0
10102,1001.0,21.0,1.0,100.0,80.0,,3.0,0.2375,6369.45,32188952.8625,506.0
10103,1001.0,21.0,1.0,100.0,80.0,,4.0,0.2,6369.65,32195322.5125,506.0
10104,1001.0,21.0,1.0,100.0,80.0,,5.0,0.8125,6370.4625,32201692.975,506.0
10105,1001.0,21.0,1.0,100.0,80.0,,6.0,0.975,6371.4375,32208064.4125,506.0
10106,1001.0,21.0,1.0,100.0,80.0,,7.0,0.55,6371.9875,32214436.4,506.0
10107,1001.0,21.0,1.0,100.0,80.0,,8.0,0.7125,6372.7,32220809.1,506.0
10108,1001.0,21.0,1.0,100.0,80.0,,9.0,0.675,6373.375,32227182.475,506.0
10109,1001.0,21.0,1.0,100.0,80.0,,10.0,0.7,6374.075,32233556.55,506.0
10110,1001.0,21.0,1.0,100.0,80.0,,11.0,0.7375,6374.8125,32239931.3625,506.0
10111,1001.0,21.0,1.0,100.0,80.0,,12.0,0.25,6375.0625,32246306.425,506.0
10112,1001.0,21.0,1.0,100.0,80.0,,13.0,1.1625,6376.225,32252682.65,506.0
10113,1001.0,21.0,1.0,100.0,80.0,,14.0,0.7875,6377.0125,32259059.6625,506.0
10114,1001.0,21.0,1.0,100.0,80.0,,15.0,1.2375,6378.25,32265437.9125,506.0
10115,1001.0,21.0,1.0,100.0,80.0,,16.0,1.0375,6379.2875,32271817.2,506.0
10116,1001.0,21.0,1.0,100.0,80.0,,17.0,0.8875,6380.175,32278197.375,506.0
10117,1001.0,21.0,1.0,100.0,80.0,,18.0,0.5625,6380.7375,32284578.1125,506.0
10118,1001.0,21.0,1.0,100.0,80.0,,19.0,0.6375,6381.375,32290959.4875,506.0
10119,1001.0,21.0,1.0,100.0,80.0,,20.0,0.5125,6381.8875,32297341.375,506.0
10120,1001.0,21.0,1.0,100.0,80.0,,1.0,0.3,6382.1875,32303723.5625,507.0
10121,1001.0,21.0,1.0,100.0,80.0,,2.0,1.15,6383.3375,32310106.9,507.0
10122,1001.0,21.0,1.0,100.0,80.0,,3.0,0.4625,6383.8,32316490.7,507.0
10123,1001.0,21.0,1.0,100.0,80.0,,4.0,0.15,6383.95,32322874.65,507.0
10124,1001.0,21.0,1.0,100.0,80.0,,5.0,1.2125,6385.1625,32329259.8125,507.0
10125,1001.0,21.0,1.0,100.0,80.0,,6.0,0.6125,6385.775,32335645.5875,507.0
10126,1001.0,21.0,1.0,100.0,80.0,,7.0,0.0375,6385.8125,32342031.4,507.0
10127,1001.0,21.0,1.0,100.0,80.0,,8.0,0.425,6386.2375,32348417.6375,507.0
10128,1001.0,21.0,1.0,100.0,80.0,,9.0,0.675,6386.9125,32354804.55,507.0
10129,1001.0,21.0,1.0,100.0,80.0,,10.0,0.6875,6387.6,32361192.15,507.0
10130,1001.0,21.0,1.0,100.0,80.0,,11.0,0.35,6387.95,32367580.1,507.0
10131,1001.0,21.0,1.0,100.0,80.0,,12.0,0.2625,6388.2125,32373968.3125,507.0
10132,1001.0,21.0,1.0,100.0,80.0,,13.0,0.8875,6389.1,32380357.4125,507.0
10133,1001.0,21.0,1.0,100.0,80.0,,14.0,0.55,6389.65,32386747.0625,507.0
10134,1001.0,21.0,1.0,100.0,80.0,,15.0,0.75,6390.4,32393137.4625,507.0
10135,1001.0,21.0,1.0,100.0,80.0,,16.0,1.0375,6391.4375,32399528.9,507.0
10136,1001.0,21.0,1.0,100.0,80.0,,17.0,0.05,6391.4875,32405920.3875,507.0
10137,1001.0,21.0,1.0,100.0,80.0,,18.0,0.9,6392.3875,32412312.775,507.0
10138,1001.0,21.0,1.0,100.0,80.0,,19.0,0.4875,6392.875,32418705.65,507.0
10139,1001.0,21.0,1.0,100.0,80.0,,20.0,1.025,6393.9,32425099.55,507.0
10140,1001.0,21.0,1.0,100.0,80.0,,1.0,0.8375,6394.7375,32431494.2875,508.0
10141,1001.0,21.0,1.0,100.0,80.0,,2.0,0.4625,6395.2,32437889.4875,508.0
10142,1001.0,21.0,1.0,100.0,80.0,,3.0,0.35,6395.55,32444285.0375,508.0
10143,1001.0,21.0,1.0,100.0,80.0,,4.0,0.5125,6396.0625,32450681.1,508.0
10144,1001.0,21.0,1.0,100.0,80.0,,5.0,0.6125,6396.675,32457077.775,508.0
10145,1001.0,21.0,1.0,100.0,80.0,,6.0,0.0875,6396.7625,32463474.5375,508.0
10146,1001.0,21.0,1.0,100.0,80.0,,7.0,0.8125,6397.575,32469872.1125,508.0
10147,1001.0,21.0,1.0,100.0,80.0,,8.0,0.625,6398.2,32476270.3125,508.0
10148,1001.0,21.0,1.0,100.0,80.0,,9.0,0.5375,6398.7375,32482669.05,508.0
10149,1001.0,21.0,1.0,100.0,80.0,,10.0,0.775,6399.5125,32489068.5625,508.0
10150,1001.0,21.0,1.0,100.0,80.0,,11.0,0.175,6399.6875,32495468.25,508.0
10151,1001.0,21.0,1.0,100.0,80.0,,12.0,1.2125,6400.9,32501869.15,508.0
10152,1001.0,21.0,1.0,100.0,80.0,,13.0,0.45,6401.35,32508270.5,508.0
10153,1001.0,21.0,1.0,100.0,80.0,,14.0,0.6125,6401.9625,32514672.4625,508.0
10154,1001.0,21.0,1.0,100.0,80.0,,15.0,0.1,6402.0625,32521074.525,508.0
10155,1001.0,21.0,1.0,100.0,80.0,,16.0,0.9125,6402.975,32527477.5,508.0
10156,1001.0,21.0,1.0,100.0,80.0,,17.0,0.8,6403.775,32533881.275,508.0
10157,1001.0,21.0,1.0,100.0,80.0,,18.0,0.375,6404.15,32540285.425,508.0
10158,1001.0,21.0,1.0,100.0,80.0,,19.0,0.425,6404.575,32546690.0,508.0
10159,1001.0,21.0,1.0,100.0,80.0,,20.0,0.3125,6404.8875,32553094.8875,508.0
10160,1001.0,21.0,1.0,100.0,80.0,,1.0,0.775,6405.6625,32559500.55,509.0
10161,1001.0,21.0,1.0,100.0,80.0,,2.0,0.325,6405.9875,32565906.5375,509.0
10162,1001.0,21.0,1.0,100.0,80.0,,3.0,1.05,6407.0375,32572313.575,509.0
10163,1001.0,21.0,1.0,100.0,80.0,,4.0,0.025,6407.0625,32578720.6375,509.0
10164,1001.0,21.0,1.0,100.0,80.0,,5.0,1.225,6408.2875,32585128.925,509.0
10165,1001.0,21.0,1.0,100.0,80.0,,6.0,1.125,6409.4125,32591538.3375,509.0
10166,1001.0,21.0,1.0,100.0,80.0,,7.0,0.725,6410.1375,32597948.475,509.0
10167,1001.0,21.0,1.0,100.0,80.0,,8.0,0.075,6410.2125,32604358.6875,509.0
10168,1001.0,21.0,1.0,100.0,80.0,,9.0,1.075,6411.2875,32610769.975,509.0
10169,1001.0,21.0,1.0,100.0,80.0,,10.0,0.3375,6411.625,32617181.6,509.0
10170,1001.0,21.0,1.0,100.0,80.0,,11.0,1.05,6412.675,32623594.275,509.0
10171,1001.0,21.0,1.0,100.0,80.0,,12.0,0.7375,6413.4125,32630007.6875,509.0
10172,1001.0,21.0,1.0,100.0,80.0,,13.0,0.7875,6414.2,32636421.8875,509.0
10173,1001.0,21.0,1.0,100.0,80.0,,14.0,0.0375,6414.2375,32642836.125,509.0
10174,1001.0,21.0,1.0,100.0,80.0,,15.0,0.1375,6414.375,32649250.5,509.0
10175,1001.0,21.0,1.0,100.0,80.0,,16.0,0.4,6414.775,32655665.275,509.0
10176,1001.0,21.0,1.0,100.0,80.0,,17.0,0.8625,6415.6375,32662080.9125,509.0
10177,1001.0,21.0,1.0,100.0,80.0,,18.0,1.0,6416.6375,32668497.55,509.0
10178,1001.0,21.0,1.0,100.0,80.0,,19.0,0.6875,6417.325,32674914.875,509.0
10179,1001.0,21.0,1.0,100.0,80.0,,20.0,0.35,6417.675,32681332.55,509.0
10180,1001.0,21.0,1.0,100.0,80.0,,1.0,0.6375,6418.3125,32687750.8625,510.0
10181,1001.0,21.0,1.0,100.0,80.0,,2.0,1.1375,6419.45,32694170.3125,510.0
10182,1001.0,21.0,1.0,100.0,80.0,,3.0,0.4875,6419.9375,32700590.25,510.0
10183,1001.0,21.0,1.0,100.0,80.0,,4.0,0.2375,6420.175,32707010.425,510.0
10184,1001.0,21.0,1.0,100.0,80.0,,5.0,0.475,6420.65,32713431.075,510.0
10185,1001.0,21.0,1.0,100.0,80.0,,6.0,0.55,6421.2,32719852.275,510.0
10186,1001.0,21.0,1.0,100.0,80.0,,7.0,0.3125,6421.5125,32726273.7875,510.0
10187,1001.0,21.0,1.0,100.0,80.0,,8.0,1.2125,6422.725,32732696.5125,510.0
10188,1001.0,21.0,1.0,100.0,80.0,,9.0,0.15,6422.875,32739119.3875,510.0
10189,1001.0,21.0,1.0,100.0,80.0,,10.0,1.0625,6423.9375,32745543.325,510.0
10190,1001.0,21.0,1.0,100.0,80.0,,11.0,0.975,6424.9125,32751968.2375,510.0
10191,1001.0,21.0,1.0,100.0,80.0,,12.0,0.3625,6425.275,32758393.5125,510.0
10192,1001.0,21.0,1.0,100.0,80.0,,13.0,0.3375,6425.6125,32764819.125,510.0
10193,1001.0,21.0,1.0,100.0,80.0,,14.0,0.2375,6425.85,32771244.975,510.0
10194,1001.0,21.0,1.0,100.0,80.0,,15.0,1.0375,6426.8875,32777671.8625,510.0
10195,1001.0,21.0,1.0,100.0,80.0,,16.0,0.6875,6427.575,32784099.4375,510.0
10196,1001.0,21.0,1.0,100.0,80.0,,17.0,1.0125,6428.5875,32790528.025,510.0
10197,1001.0,21.0,1.0,100.0,80.0,,18.0,0.3625,6428.95,32796956.975,510.0
10198,1001.0,21.0,1.0,100.0,80.0,,19.0,0.525,6429.475,32803386.45,510.0
10199,1001.0,21.0,1.0,100.0,80.0,,20.0,0.775,6430.25,32809816.7,510.0
10200,1001.0,21.0,1.0,100.0,80.0,,1.0,0.7375,6430.9875,32816247.6875,511.0
10201,1001.0,21.0,1.0,100.0,80.0,,2.0,0.8375,6431.825,32822679.5125,511.0
10202,1001.0,21.0,1.0,100.0,80.0,,3.0,0.325,6432.15,32829111.6625,511.0
10203,1001.0,21.0,1.0,100.0,80.0,,4.0,0.1125,6432.2625,32835543.925,511.0
10204,1001.0,21.0,1.0,100.0,80.0,,5.0,0.2125,6432.475,32841976.4,511.0
10205,1001.0,21.0,1.0,100.0,80.0,,6.0,0.6875,6433.1625,32848409.5625,511.0
10206,1001.0,21.0,1.0,100.0,80.0,,7.0,0.5375,6433.7,32854843.2625,511.0
10207,1001.0,21.0,1.0,100.0,80.0,,8.0,0.3,6434.0,32861277.2625,511.0
10208,1001.0,21.0,1.0,100.0,80.0,,9.0,0.725,6434.725,32867711.9875,511.0
10209,1001.0,21.0,1.0,100.0,80.0,,10.0,0.875,6435.6,32874147.5875,511.0
10210,1001.0,21.0,1.0,100.0,80.0,,11.0,0.35,6435.95,32880583.5375,511.0
10211,1001.0,21.0,1.0,100.0,80.0,,12.0,0.4375,6436.3875,32887019.925,511.0
10212,1001.0,21.0,1.0,100.0,80.0,,13.0,0.1625,6436.55,32893456.475,511.0
10213,1001.0,21.0,1.0,100.0,80.0,,14.0,0.3,6436.85,32899893.325,511.0
10214,1001.0,21.0,1.0,100.0,80.0,,15.0,1.1,6437.95,32906331.275,511.0
10215,1001.0,21.0,1.0,100.0,80.0,,16.0,0.6,6438.55,32912769.825,511.0
10216,1001.0,21.0,1.0,100.0,80.0,,17.0,0.85,6439.4,32919209.225,511.0
10217,1001.0,21.0,1.0,100.0,80.0,,18.0,1.2,6440.6,32925649.825,511.0
10218,1001.0,21.0,1.0,100.0,80.0,,19.0,0.35,6440.95,32932090.775,511.0
10219,1001.0,21.0,1.0,100.0,80.0,,20.0,0.875,6441.825,32938532.6,511.0
10220,1001.0,21.0,1.0,100.0,80.0,,1.0,0.5,6442.325,32944974.925,512.0
10221,1001.0,21.0,1.0,100.0,80.0,,2.0,1.225,6443.55,32951418.475,512.0
10222,1001.0,21.0,1.0,100.0,80.0,,3.0,0.65,6444.2,32957862.675,512.0
10223,1001.0,21.0,1.0,100.0,80.0,,4.0,0.4,6444.6,32964307.275,512.0
10224,1001.0,21.0,1.0,100.0,80.0,,5.0,0.9625,6445.5625,32970752.8375,512.0
10225,1001.0,21.0,1.0,100.0,80.0,,6.0,0.3,6445.8625,32977198.7,512.0
10226,1001.0,21.0,1.0,100.0,80.0,,7.0,0.3,6446.1625,32983644.8625,512.0
10227,1001.0,21.0,1.0,100.0,80.0,,8.0,0.4625,6446.625,32990091.4875,512.0
10228,1001.0,21.0,1.0,100.0,80.0,,9.0,0.9125,6447.5375,32996539.025,512.0
10229,1001.0,21.0,1.0,100.0,80.0,,10.0,0.9625,6448.5,33002987.525,512.0
10230,1001.0,21.0,1.0,100.0,80.0,,11.0,1.2125,6449.7125,33009437.2375,512.0
10231,1001.0,21.0,1.0,100.0,80.0,,12.0,0.175,6449.8875,33015887.125,512.0
10232,1001.0,21.0,1.0,100.0,80.0,,13.0,0.375,6450.2625,33022337.3875,512.0
10233,1001.0,21.0,1.0,100.0,80.0,,14.0,0.325,6450.5875,33028787.975,512.0
10234,1001.0,21.0,1.0,100.0,80.0,,15.0,0.275,6450.8625,33035238.8375,512.0
10235,1001.0,21.0,1.0,100.0,80.0,,16.0,0.375,6451.2375,33041690.075,512.0
10236,1001.0,21.0,1.0,100.0,80.0,,17.0,0.1875,6451.425,33048141.5,512.0
10237,1001.0,21.0,1.0,100.0,80.0,,18.0,0.9,6452.325,33054593.825,512.0
10238,1001.0,21.0,1.0,100.0,80.0,,19.0,0.1375,6452.4625,33061046.2875,512.0
10239,1001.0,21.0,1.0,100.0,80.0,,20.0,0.45,6452.9125,33067499.2,512.0
10240,1001.0,21.0,1.0,100.0,80.0,,1.0,1.1125,6454.025,33073953.225,513.0
10241,1001.0,21.0,1.0,100.0,80.0,,2.0,0.8875,6454.9125,33080408.1375,513.0
10242,1001.0,21.0,1.0,100.0,80.0,,3.0,0.9375,6455.85,33086863.9875,513.0
10243,1001.0,21.0,1.0,100.0,80.0,,4.0,0.4875,6456.3375,33093320.325,513.0
10244,1001.0,21.0,1.0,100.0,80.0,,5.0,0.8125,6457.15,33099777.475,513.0
10245,1001.0,21.0,1.0,100.0,80.0,,6.0,0.2625,6457.4125,33106234.8875,513.0
10246,1001.0,21.0,1.0,100.0,80.0,,7.0,0.625,6458.0375,33112692.925,513.0
10247,1001.0,21.0,1.0,100.0,80.0,,8.0,0.3875,6458.425,33119151.35,513.0
10248,1001.0,21.0,1.0,100.0,80.0,,9.0,0.9625,6459.3875,33125610.7375,513.0
10249,1001.0,21.0,1.0,100.0,80.0,,10.0,1.0875,6460.475,33132071.2125,513.0
10250,1001.0,21.0,1.0,100.0,80.0,,11.0,0.25,6460.725,33138531.9375,513.0
10251,1001.0,21.0,1.0,100.0,80.0,,12.0,0.1625,6460.8875,33144992.825,513.0
10252,1001.0,21.0,1.0,100.0,80.0,,13.0,1.1125,6462.0,33151454.825,513.0
10253,1001.0,21.0,1.0,100.0,80.0,,14.0,0.8875,6462.8875,33157917.7125,513.0
10254,1001.0,21.0,1.0,100.0,80.0,,15.0,0.25,6463.1375,33164380.85,513.0
10255,1001.0,21.0,1.0,100.0,80.0,,16.0,0.4125,6463.55,33170844.4,513.0
10256,1001.0,21.0,1.0,100.0,80.0,,17.0,1.0,6464.55,33177308.95,513.0
10257,1001.0,21.0,1.0,100.0,80.0,,18.0,0.2,6464.75,33183773.7,513.0
10258,1001.0,21.0,1.0,100.0,80.0,,19.0,1.0625,6465.8125,33190239.5125,513.0
10259,1001.0,21.0,1.0,100.0,80.0,,20.0,0.25,6466.0625,33196705.575,513.0
10260,1001.0,21.0,1.0,100.0,80.0,,1.0,0.45,6466.5125,33203172.0875,514.0
10261,1001.0,21.0,1.0,100.0,80.0,,2.0,0.925,6467.4375,33209639.525,514.0
10262,1001.0,21.0,1.0,100.0,80.0,,3.0,0.15,6467.5875,33216107.1125,514.0
10263,1001.0,21.0,1.0,100.0,80.0,,4.0,1.1625,6468.75,33222575.8625,514.0
10264,1001.0,21.0,1.0,100.0,80.0,,5.0,0.9875,6469.7375,33229045.6,514.0
10265,1001.0,21.0,1.0,100.0,80.0,,6.0,0.025,6469.7625,33235515.3625,514.0
10266,1001.0,21.0,1.0,100.0,80.0,,7.0,1.2,6470.9625,33241986.325,514.0
10267,1001.0,21.0,1.0,100.0,80.0,,8.0,0.375,6471.3375,33248457.6625,514.0
10268,1001.0,21.0,1.0,100.0,80.0,,9.0,0.6375,6471.975,33254929.6375,514.0
10269,1001.0,21.0,1.0,100.0,80.0,,10.0,0.05,6472.025,33261401.6625,514.0
10270,1001.0,21.0,1.0,100.0,80.0,,11.0,0.8875,6472.9125,33267874.575,514.0
10271,1001.0,21.0,1.0,100.0,80.0,,12.0,1.0375,6473.95,33274348.525,514.0
10272,1001.0,21.0,1.0,100.0,80.0,,13.0,0.875,6474.825,33280823.35,514.0
10273,1001.0,21.0,1.0,100.0,80.0,,14.0,0.8625,6475.6875,33287299.0375,514.0
10274,1001.0,21.0,1.0,100.0,80.0,,15.0,0.8,6476.4875,33293775.525,514.0
10275,1001.0,21.0,1.0,100.0,80.0,,16.0,0.55,6477.0375,33300252.5625,514.0
10276,1001.0,21.0,1.0,100.0,80.0,,17.0,0.1375,6477.175,33306729.7375,514.0
10277,1001.0,21.0,1.0,100.0,80.0,,18.0,0.625,6477.8,33313207.5375,514.0
10278,1001.0,21.0,1.0,100.0,80.0,,19.0,0.1125,6477.9125,33319685.45,514.0
10279,1001.0,21.0,1.0,100.0,80.0,,20.0,0.4375,6478.35,33326163.8,514.0
10280,1001.0,21.0,1.0,100.0,80.0,,1.0,1.125,6479.475,33332643.275,515.0
10281,1001.0,21.0,1.0,100.0,80.0,,2.0,0.4,6479.875,33339123.15,515.0
10282,1001.0,21.0,1.0,100.0,80.0,,3.0,0.7,6480.575,33345603.725,515.0
10283,1001.0,21.0,1.0,100.0,80.0,,4.0,0.975,6481.55,33352085.275,515.0
10284,1001.0,21.0,1.0,100.0,80.0,,5.0,0.0625,6481.6125,33358566.8875,515.0
10285,1001.0,21.0,1.0,100.0,80.0,,6.0,1.1,6482.7125,33365049.6,515.0
10286,1001.0,21.0,1.0,100.0,80.0,,7.0,0.3875,6483.1,33371532.7,515.0
10287,1001.0,21.0,1.0,100.0,80.0,,8.0,0.4125,6483.5125,33378016.2125,515.0
10288,1001.0,21.0,1.0,100.0,80.0,,9.0,0.3375,6483.85,33384500.0625,515.0
10289,1001.0,21.0,1.0,100.0,80.0,,10.0,1.0,6484.85,33390984.9125,515.0
10290,1001.0,21.0,1.0,100.0,80.0,,11.0,0.125,6484.975,33397469.8875,515.0
10291,1001.0,21.0,1.0,100.0,80.0,,12.0,0.7875,6485.7625,33403955.65,515.0
10292,1001.0,21.0,1.0,100.0,80.0,,13.0,0.8,6486.5625,33410442.2125,515.0
10293,1001.0,21.0,1.0,100.0,80.0,,14.0,0.3375,6486.9,33416929.1125,515.0
10294,1001.0,21.0,1.0,100.0,80.0,,15.0,0.825,6487.725,33423416.8375,515.0
10295,1001.0,21.0,1.0,100.0,80.0,,16.0,0.0625,6487.7875,33429904.625,515.0
10296,1001.0,21.0,1.0,100.0,80.0,,17.0,0.7625,6488.55,33436393.175,515.0
10297,1001.0,21.0,1.0,100.0,80.0,,18.0,1.0875,6489.6375,33442882.8125,515.0
10298,1001.0,21.0,1.0,100.0,80.0,,19.0,0.275,6489.9125,33449372.725,515.0
10299,1001.0,21.0,1.0,100.0,80.0,,20.0,1.2,6491.1125,33455863.8375,515.0
10300,1001.0,21.0,1.0,100.0,80.0,,1.0,0.8,6491.9125,33462355.75,516.0
10301,1001.0,21.0,1.0,100.0,80.0,,2.0,0.925,6492.8375,33468848.5875,516.0
10302,1001.0,21.0,1.0,100.0,80.0,,3.0,0.4875,6493.325,33475341.9125,516.0
10303,1001.0,21.0,1.0,100.0,80.0,,4.0,0.9875,6494.3125,33481836.225,516.0
10304,1001.0,21.0,1.0,100.0,80.0,,5.0,0.2625,6494.575,33488330.8,516.0
10305,1001.0,21.0,1.0,100.0,80.0,,6.0,0.975,6495.55,33494826.35,516.0
10306,1001.0,21.0,1.0,100.0,80.0,,7.0,1.0625,6496.6125,33501322.9625,516.0
10307,1001.0,21.0,1.0,100.0,80.0,,8.0,0.775,6497.3875,33507820.35,516.0
10308,1001.0,21.0,1.0,100.0,80.0,,9.0,0.1625,6497.55,33514317.9,516.0
10309,1001.0,21.0,1.0,100.0,80.0,,10.0,1.2,6498.75,33520816.65,516.0
10310,1001.0,21.0,1.0,100.0,80.0,,11.0,1.2125,6499.9625,33527316.6125,516.0
10311,1001.0,21.0,1.0,100.0,80.0,,12.0,0.625,6500.5875,33533817.2,516.0
10312,1001.0,21.0,1.0,100.0,80.0,,13.0,0.2375,6500.825,33540318.025,516.0
10313,1001.0,21.0,1.0,100.0,80.0,,14.0,0.2,6501.025,33546819.05,516.0
10314,1001.0,21.0,1.0,100.0,80.0,,15.0,0.95,6501.975,33553321.025,516.0
10315,1001.0,21.0,1.0,100.0,80.0,,16.0,0.2625,6502.2375,33559823.2625,516.0
10316,1001.0,21.0,1.0,100.0,80.0,,17.0,0.275,6502.5125,33566325.775,516.0
10317,1001.0,21.0,1.0,100.0,80.0,,18.0,0.475,6502.9875,33572828.7625,516.0
10318,1001.0,21.0,1.0,100.0,80.0,,19.0,0.375,6503.3625,33579332.125,516.0
10319,1001.0,21.0,1.0,100.0,80.0,,20.0,0.8125,6504.175,33585836.3,516.0
10320,1001.0,21.0,1.0,100.0,80.0,,1.0,1.0625,6505.2375,33592341.5375,517.0
10321,1001.0,21.0,1.0,100.0,80.0,,2.0,0.5625,6505.8,33598847.3375,517.0
10322,1001.0,21.0,1.0,100.0,80.0,,3.0,1.2,6507.0,33605354.3375,517.0
10323,1001.0,21.0,1.0,100.0,80.0,,4.0,0.8,6507.8,33611862.1375,517.0
10324,1001.0,21.0,1.0,100.0,80.0,,5.0,0.5875,6508.3875,33618370.525,517.0
10325,1001.0,21.0,1.0,100.0,80.0,,6.0,1.1125,6509.5,33624880.025,517.0
10326,1001.0,21.0,1.0,100.0,80.0,,7.0,0.55,6510.05,33631390.075,517.0
10327,1001.0,21.0,1.0,100.0,80.0,,8.0,0.825,6510.875,33637900.95,517.0
10328,1001.0,21.0,1.0,100.0,80.0,,9.0,1.2,6512.075,33644413.025,517.0
10329,1001.0,21.0,1.0,100.0,80.0,,10.0,0.0625,6512.1375,33650925.1625,517.0
10330,1001.0,21.0,1.0,100.0,80.0,,11.0,1.15,6513.2875,33657438.45,517.0
10331,1001.0,21.0,1.0,100.0,80.0,,12.0,1.05,6514.3375,33663952.7875,517.0
10332,1001.0,21.0,1.0,100.0,80.0,,13.0,0.7375,6515.075,33670467.8625,517.0
10333,1001.0,21.0,1.0,100.0,80.0,,14.0,1.0375,6516.1125,33676983.975,517.0
10334,1001.0,21.0,1.0,100.0,80.0,,15.0,0.15,6516.2625,33683500.2375,517.0
10335,1001.0,21.0,1.0,100.0,80.0,,16.0,1.025,6517.2875,33690017.525,517.0
10336,1001.0,21.0,1.0,100.0,80.0,,17.0,0.575,6517.8625,33696535.3875,517.0
10337,1001.0,21.0,1.0,100.0,80.0,,18.0,0.15,6518.0125,33703053.4,517.0
10338,1001.0,21.0,1.0,100.0,80.0,,19.0,0.975,6518.9875,33709572.3875,517.0
10339,1001.0,21.0,1.0,100.0,80.0,,20.0,0.875,6519.8625,33716092.25,517.0
10340,1001.0,21.0,1.0,100.0,80.0,,1.0,1.0,6520.8625,33722613.1125,518.0
10341,1001.0,21.0,1.0,100.0,80.0,,2.0,0.8,6521.6625,33729134.775,518.0
10342,1001.0,21.0,1.0,100.0,80.0,,3.0,0.9375,6522.6,33735657.375,518.0
10343,1001.0,21.0,1.0,100.0,80.0,,4.0,0.1875,6522.7875,33742180.1625,518.0
10344,1001.0,21.0,1.0,100.0,80.0,,5.0,0.95,6523.7375,33748703.9,518.0
10345,1001.0,21.0,1.0,100.0,80.0,,6.0,0.675,6524.4125,33755228.3125,518.0
10346,1001.0,21.0,1.0,100.0,80.0,,7.0,0.2375,6524.65,33761752.9625,518.0
10347,1001.0,21.0,1.0,100.0,80.0,,8.0,0.7875,6525.4375,33768278.4,518.0
10348,1001.0,21.0,1.0,100.0,80.0,,9.0,0.65,6526.0875,33774804.4875,518.0
10349,1001.0,21.0,1.0,100.0,80.0,,10.0,0.1875,6526.275,33781330.7625,518.0
10350,1001.0,21.0,1.0,100.0,80.0,,11.0,0.35,6526.625,33787857.3875,518.0
10351,1001.0,21.0,1.0,100.0,80.0,,12.0,0.3625,6526.9875,33794384.375,518.0
10352,1001.0,21.0,1.0,100.0,80.0,,13.0,0.65,6527.6375,33800912.0125,518.0
10353,1001.0,21.0,1.0,100.0,80.0,,14.0,1.1375,6528.775,33807440.7875,518.0
10354,1001.0,21.0,1.0,100.0,80.0,,15.0,0.7125,6529.4875,33813970.275,518.0
10355,1001.0,21.0,1.0,100.0,80.0,,16.0,1.15,6530.6375,33820500.9125,518.0
10356,1001.0,21.0,1.0,100.0,80.0,,17.0,0.875,6531.5125,33827032.425,518.0
10357,1001.0,21.0,1.0,100.0,80.0,,18.0,0.7,6532.2125,33833564.6375,518.0
10358,1001.0,21.0,1.0,100.0,80.0,,19.0,0.1,6532.3125,33840096.95,518.0
10359,1001.0,21.0,1.0,100.0,80.0,,20.0,0.875,6533.1875,33846630.1375,518.0
10360,1001.0,21.0,1.0,100.0,80.0,,1.0,0.3125,6533.5,33853163.6375,519.0
10361,1001.0,21.0,1.0,100.0,80.0,,2.0,0.8625,6534.3625,33859698.0,519.0
10362,1001.0,21.0,1.0,100.0,80.0,,3.0,1.15,6535.5125,33866233.5125,519.0
10363,1001.0,21.0,1.0,100.0,80.0,,4.0,0.4,6535.9125,33872769.425,519.0
10364,1001.0,21.0,1.0,100.0,80.0,,5.0,0.325,6536.2375,33879305.6625,519.0
10365,1001.0,21.0,1.0,100.0,80.0,,6.0,0.9,6537.1375,33885842.8,519.0
10366,1001.0,21.0,1.0,100.0,80.0,,7.0,0.7875,6537.925,33892380.725,519.0
10367,1001.0,21.0,1.0,100.0,80.0,,8.0,0.8125,6538.7375,33898919.4625,519.0
10368,1001.0,21.0,1.0,100.0,80.0,,9.0,0.9125,6539.65,33905459.1125,519.0
10369,1001.0,21.0,1.0,100.0,80.0,,10.0,0.4375,6540.0875,33911999.2,519.0
10370,1001.0,21.0,1.0,100.0,80.0,,11.0,0.65,6540.7375,33918539.9375,519.0
10371,1001.0,21.0,1.0,100.0,80.0,,12.0,1.075,6541.8125,33925081.75,519.0
10372,1001.0,21.0,1.0,100.0,80.0,,13.0,1.2,6543.0125,33931624.7625,519.0
10373,1001.0,21.0,1.0,100.0,80.0,,14.0,1.1125,6544.125,33938168.8875,519.0
10374,1001.0,21.0,1.0,100.0,80.0,,15.0,0.4125,6544.5375,33944713.425,519.0
10375,1001.0,21.0,1.0,100.0,80.0,,16.0,0.5375,6545.075,33951258.5,519.0
10376,1001.0,21.0,1.0,100.0,80.0,,17.0,1.2125,6546.2875,33957804.7875,519.0
10377,1001.0,21.0,1.0,100.0,80.0,,18.0,0.3,6546.5875,33964351.375,519.0
10378,1001.0,21.0,1.0,100.0,80.0,,19.0,1.2375,6547.825,33970899.2,519.0
10379,1001.0,21.0,1.0,100.0,80.0,,20.0,0.9,6548.725,33977447.925,519.0
10380,1001.0,21.0,1.0,100.0,80.0,,1.0,0.8625,6549.5875,33983997.5125,520.0
10381,1001.0,21.0,1.0,100.0,80.0,,2.0,0.825,6550.4125,33990547.925,520.0
10382,1001.0,21.0,1.0,100.0,80.0,,3.0,1.1875,6551.6,33997099.525,520.0
10383,1001.0,21.0,1.0,100.0,80.0,,4.0,0.3375,6551.9375,34003651.4625,520.0
10384,1001.0,21.0,1.0,100.0,80.0,,5.0,0.825,6552.7625,34010204.225,520.0
10385,1001.0,21.0,1.0,100.0,80.0,,6.0,0.3,6553.0625,34016757.2875,520.0
10386,1001.0,21.0,1.0,100.0,80.0,,7.0,0.9875,6554.05,34023311.3375,520.0
10387,1001.0,21.0,1.0,100.0,80.0,,8.0,0.2625,6554.3125,34029865.65,520.0
10388,1001.0,21.0,1.0,100.0,80.0,,9.0,0.25,6554.5625,34036420.2125,520.0
10389,1001.0,21.0,1.0,100.0,80.0,,10.0,0.8875,6555.45,34042975.6625,520.0
10390,1001.0,21.0,1.0,100.0,80.0,,11.0,1.2375,6556.6875,34049532.35,520.0
10391,1001.0,21.0,1.0,100.0,80.0,,12.0,0.6625,6557.35,34056089.7,520.0
10392,1001.0,21.0,1.0,100.0,80.0,,13.0,0.1125,6557.4625,34062647.1625,520.0
10393,1001.0,21.0,1.0,100.0,80.0,,14.0,1.225,6558.6875,34069205.85,520.0
10394,1001.0,21.0,1.0,100.0,80.0,,15.0,0.1125,6558.8,34075764.65,520.0
10395,1001.0,21.0,1.0,100.0,80.0,,16.0,0.5625,6559.3625,34082324.0125,520.0
10396,1001.0,21.0,1.0,100.0,80.0,,17.0,0.0875,6559.45,34088883.4625,520.0
10397,1001.0,21.0,1.0,100.0,80.0,,18.0,0.5625,6560.0125,34095443.475,520.0
10398,1001.0,21.0,1.0,100.0,80.0,,19.0,0.3,6560.3125,34102003.7875,520.0
10399,1001.0,21.0,1.0,100.0,80.0,,20.0,0.1375,6560.45,34108564.2375,520.0
10400,1001.0,21.0,1.0,100.0,80.0,,1.0,0.475,6560.925,34115125.1625,521.0
10401,1001.0,21.0,1.0,100.0,80.0,,2.0,0.7625,6561.6875,34121686.85,521.0
10402,1001.0,21.0,1.0,100.0,80.0,,3.0,0.35,6562.0375,34128248.8875,521.0
10403,1001.0,21.0,1.0,100.0,80.0,,4.0,0.1,6562.1375,34134811.025,521.0
10404,1001.0,21.0,1.0,100.0,80.0,,5.0,0.3625,6562.5,34141373.525,521.0
10405,1001.0,21.0,1.0,100.0,80.0,,6.0,0.95,6563.45,34147936.975,521.0
10406,1001.0,21.0,1.0,100.0,80.0,,7.0,0.25,6563.7,34154500.675,521.0
10407,1001.0,21.0,1.0,100.0,80.0,,8.0,0.4,6564.1,34161064.775,521.0
10408,1001.0,21.0,1.0,100.0,80.0,,9.0,0.9375,6565.0375,34167629.8125,521.0
10409,1001.0,21.0,1.0,100.0,80.0,,10.0,0.2625,6565.3,34174195.1125,521.0
10410,1001.0,21.0,1.0,100.0,80.0,,11.0,0.55,6565.85,34180760.9625,521.0
10411,1001.0,21.0,1.0,100.0,80.0,,12.0,0.5125,6566.3625,34187327.325,521.0
10412,1001.0,21.0,1.0,100.0,80.0,,13.0,0.375,6566.7375,34193894.0625,521.0
10413,1001.0,21.0,1.0,100.0,80.0,,14.0,0.9,6567.6375,34200461.7,521.0
10414,1001.0,21.0,1.0,100.0,80.0,,15.0,0.1625,6567.8,34207029.5,521.0
10415,1001.0,21.0,1.0,100.0,80.0,,16.0,0.6125,6568.4125,34213597.9125,521.0
10416,1001.0,21.0,1.0,100.0,80.0,,17.0,0.25,6568.6625,34220166.575,521.0
10417,1001.0,21.0,1.0,100.0,80.0,,18.0,1.1375,6569.8,34226736.375,521.0
10418,1001.0,21.0,1.0,100.0,80.0,,19.0,0.0125,6569.8125,34233306.1875,521.0
10419,1001.0,21.0,1.0,100.0,80.0,,20.0,0.3625,6570.175,34239876.3625,521.0
10420,1001.0,21.0,1.0,100.0,80.0,,1.0,0.925,6571.1,34246447.4625,522.0
10421,1001.0,21.0,1.0,100.0,80.0,,2.0,0.6625,6571.7625,34253019.225,522.0
10422,1001.0,21.0,1.0,100.0,80.0,,3.0,0.5625,6572.325,34259591.55,522.0
10423,1001.0,21.0,1.0,100.0,80.0,,4.0,0.75,6573.075,34266164.625,522.0
10424,1001.0,21.0,1.0,100.0,80.0,,5.0,1.075,6574.15,34272738.775,522.0
10425,1001.0,21.0,1.0,100.0,80.0,,6.0,1.0375,6575.1875,34279313.9625,522.0
10426,1001.0,21.0,1.0,100.0,80.0,,7.0,0.7,6575.8875,34285889.85,522.0
10427,1001.0,21.0,1.0,100.0,80.0,,8.0,0.75,6576.6375,34292466.4875,522.0
10428,1001.0,21.0,1.0,100.0,80.0,,9.0,0.9875,6577.625,34299044.1125,522.0
10429,1001.0,21.0,1.0,100.0,80.0,,10.0,0.05,6577.675,34305621.7875,522.0
10430,1001.0,21.0,1.0,100.0,80.0,,11.0,0.825,6578.5,34312200.2875,522.0
10431,1001.0,21.0,1.0,100.0,80.0,,12.0,0.5375,6579.0375,34318779.325,522.0
10432,1001.0,21.0,1.0,100.0,80.0,,13.0,0.1,6579.1375,34325358.4625,522.0
10433,1001.0,21.0,1.0,100.0,80.0,,14.0,0.5125,6579.65,34331938.1125,522.0
10434,1001.0,21.0,1.0,100.0,80.0,,15.0,0.3875,6580.0375,34338518.15,522.0
10435,1001.0,21.0,1.0,100.0,80.0,,16.0,0.3875,6580.425,34345098.575,522.0
10436,1001.0,21.0,1.0,100.0,80.0,,17.0,0.1375,6580.5625,34351679.1375,522.0
10437,1001.0,21.0,1.0,100.0,80.0,,18.0,0.725,6581.2875,34358260.425,522.0
10438,1001.0,21.0,1.0,100.0,80.0,,19.0,1.05,6582.3375,34364842.7625,522.0
10439,1001.0,21.0,1.0,100.0,80.0,,20.0,0.95,6583.2875,34371426.05,522.0
10440,1001.0,21.0,1.0,100.0,80.0,,1.0,0.975,6584.2625,34378010.3125,523.0
10441,1001.0,21.0,1.0,100.0,80.0,,2.0,1.0875,6585.35,34384595.6625,523.0
10442,1001.0,21.0,1.0,100.0,80.0,,3.0,1.0625,6586.4125,34391182.075,523.0
10443,1001.0,21.0,1.0,100.0,80.0,,4.0,1.225,6587.6375,34397769.7125,523.0
10444,1001.0,21.0,1.0,100.0,80.0,,5.0,0.8625,6588.5,34404358.2125,523.0
10445,1001.0,21.0,1.0,100.0,80.0,,6.0,1.1125,6589.6125,34410947.825,523.0
10446,1001.0,21.0,1.0,100.0,80.0,,7.0,0.975,6590.5875,34417538.4125,523.0
10447,1001.0,21.0,1.0,100.0,80.0,,8.0,0.05,6590.6375,34424129.05,523.0
10448,1001.0,21.0,1.0,100.0,80.0,,9.0,0.4875,6591.125,34430720.175,523.0
10449,1001.0,21.0,1.0,100.0,80.0,,10.0,0.2,6591.325,34437311.5,523.0
10450,1001.0,21.0,1.0,100.0,80.0,,11.0,0.9625,6592.2875,34443903.7875,523.0
10451,1001.0,21.0,1.0,100.0,80.0,,12.0,0.55,6592.8375,34450496.625,523.0
10452,1001.0,21.0,1.0,100.0,80.0,,13.0,1.2125,6594.05,34457090.675,523.0
10453,1001.0,21.0,1.0,100.0,80.0,,14.0,0.0375,6594.0875,34463684.7625,523.0
10454,1001.0,21.0,1.0,100.0,80.0,,15.0,0.9625,6595.05,34470279.8125,523.0
10455,1001.0,21.0,1.0,100.0,80.0,,16.0,0.6875,6595.7375,34476875.55,523.0
10456,1001.0,21.0,1.0,100.0,80.0,,17.0,1.225,6596.9625,34483472.5125,523.0
10457,1001.0,21.0,1.0,100.0,80.0,,18.0,1.15,6598.1125,34490070.625,523.0
10458,1001.0,21.0,1.0,100.0,80.0,,19.0,0.4375,6598.55,34496669.175,523.0
10459,1001.0,21.0,1.0,100.0,80.0,,20.0,0.65,6599.2,34503268.375,523.0
10460,1001.0,21.0,1.0,100.0,80.0,,1.0,0.7125,6599.9125,34509868.2875,524.0
10461,1001.0,21.0,1.0,100.0,80.0,,2.0,0.975,6600.8875,34516469.175,524.0
10462,1001.0,21.0,1.0,100.0,80.0,,3.0,1.1125,6602.0,34523071.175,524.0
10463,1001.0,21.0,1.0,100.0,80.0,,4.0,0.0875,6602.0875,34529673.2625,524.0
10464,1001.0,21.0,1.0,100.0,80.0,,5.0,0.4375,6602.525,34536275.7875,524.0
10465,1001.0,21.0,1.0,100.0,80.0,,6.0,0.95,6603.475,34542879.2625,524.0
10466,1001.0,21.0,1.0,100.0,80.0,,7.0,0.8875,6604.3625,34549483.625,524.0
10467,1001.0,21.0,1.0,100.0,80.0,,8.0,0.725,6605.0875,34556088.7125,524.0
10468,1001.0,21.0,1.0,100.0,80.0,,9.0,1.125,6606.2125,34562694.925,524.0
10469,1001.0,21.0,1.0,100.0,80.0,,10.0,0.7625,6606.975,34569301.9,524.0
10470,1001.0,21.0,1.0,100.0,80.0,,11.0,0.075,6607.05,34575908.95,524.0
10471,1001.0,21.0,1.0,100.0,80.0,,12.0,0.6875,6607.7375,34582516.6875,524.0
10472,1001.0,21.0,1.0,100.0,80.0,,13.0,0.325,6608.0625,34589124.75,524.0
10473,1001.0,21.0,1.0,100.0,80.0,,14.0,0.275,6608.3375,34595733.0875,524.0
10474,1001.0,21.0,1.0,100.0,80.0,,15.0,0.45,6608.7875,34602341.875,524.0
10475,1001.0,21.0,1.0,100.0,80.0,,16.0,0.6,6609.3875,34608951.2625,524.0
10476,1001.0,21.0,1.0,100.0,80.0,,17.0,0.7375,6610.125,34615561.3875,524.0
10477,1001.0,21.0,1.0,100.0,80.0,,18.0,0.175,6610.3,34622171.6875,524.0
10478,1001.0,21.0,1.0,100.0,80.0,,19.0,0.725,6611.025,34628782.7125,524.0
10479,1001.0,21.0,1.0,100.0,80.0,,20.0,1.1125,6612.1375,34635394.85,524.0
10480,1001.0,21.0,1.0,100.0,80.0,,1.0,0.8625,6613.0,34642007.85,525.0
10481,1001.0,21.0,1.0,100.0,80.0,,2.0,1.1625,6614.1625,34648622.0125,525.0
10482,1001.0,21.0,1.0,100.0,80.0,,3.0,0.675,6614.8375,34655236.85,525.0
10483,1001.0,21.0,1.0,100.0,80.0,,4.0,0.525,6615.3625,34661852.2125,525.0
10484,1001.0,21.0,1.0,100.0,80.0,,5.0,0.3875,6615.75,34668467.9625,525.0
10485,1001.0,21.0,1.0,100.0,80.0,,6.0,0.25,6616.0,34675083.9625,525.0
10486,1001.0,21.0,1.0,100.0,80.0,,7.0,0.8125,6616.8125,34681700.775,525.0
10487,1001.0,21.0,1.0,100.0,80.0,,8.0,0.1125,6616.925,34688317.7,525.0
10488,1001.0,21.0,1.0,100.0,80.0,,9.0,0.0125,6616.9375,34694934.6375,525.0
10489,1001.0,21.0,1.0,100.0,80.0,,10.0,0.675,6617.6125,34701552.25,525.0
10490,1001.0,21.0,1.0,100.0,80.0,,11.0,0.3625,6617.975,34708170.225,525.0
10491,1001.0,21.0,1.0,100.0,80.0,,12.0,0.0625,6618.0375,34714788.2625,525.0
10492,1001.0,21.0,1.0,100.0,80.0,,13.0,1.075,6619.1125,34721407.375,525.0
10493,1001.0,21.0,1.0,100.0,80.0,,14.0,0.575,6619.6875,34728027.0625,525.0
10494,1001.0,21.0,1.0,100.0,80.0,,15.0,1.15,6620.8375,34734647.9,525.0
10495,1001.0,21.0,1.0,100.0,80.0,,16.0,0.15,6620.9875,34741268.8875,525.0
10496,1001.0,21.0,1.0,100.0,80.0,,17.0,0.725,6621.7125,34747890.6,525.0
10497,1001.0,21.0,1.0,100.0,80.0,,18.0,0.125,6621.8375,34754512.4375,525.0
10498,1001.0,21.0,1.0,100.0,80.0,,19.0,0.975,6622.8125,34761135.25,525.0
10499,1001.0,21.0,1.0,100.0,80.0,,20.0,1.0,6623.8125,34767759.0625,525.0
10500,1001.0,21.0,1.0,100.0,80.0,,1.0,0.4375,6624.25,34774383.3125,526.0
10501,1001.0,21.0,1.0,100.0,80.0,,2.0,0.9875,6625.2375,34781008.55,526.0
10502,1001.0,21.0,1.0,100.0,80.0,,3.0,0.2625,6625.5,34787634.05,526.0
10503,1001.0,21.0,1.0,100.0,80.0,,4.0,0.7625,6626.2625,34794260.3125,526.0
10504,1001.0,21.0,1.0,100.0,80.0,,5.0,0.7625,6627.025,34800887.3375,526.0
10505,1001.0,21.0,1.0,100.0,80.0,,6.0,0.55,6627.575,34807514.9125,526.0
10506,1001.0,21.0,1.0,100.0,80.0,,7.0,1.05,6628.625,34814143.5375,526.0
10507,1001.0,21.0,1.0,100.0,80.0,,8.0,0.1625,6628.7875,34820772.325,526.0
10508,1001.0,21.0,1.0,100.0,80.0,,9.0,0.6625,6629.45,34827401.775,526.0
10509,1001.0,21.0,1.0,100.0,80.0,,10.0,1.1125,6630.5625,34834032.3375,526.0
10510,1001.0,21.0,1.0,100.0,80.0,,11.0,0.1125,6630.675,34840663.0125,526.0
10511,1001.0,21.0,1.0,100.0,80.0,,12.0,1.1875,6631.8625,34847294.875,526.0
10512,1001.0,21.0,1.0,100.0,80.0,,13.0,0.8875,6632.75,34853927.625,526.0
10513,1001.0,21.0,1.0,100.0,80.0,,14.0,0.1,6632.85,34860560.475,526.0
10514,1001.0,21.0,1.0,100.0,80.0,,15.0,0.8875,6633.7375,34867194.2125,526.0
10515,1001.0,21.0,1.0,100.0,80.0,,16.0,0.7125,6634.45,34873828.6625,526.0
10516,1001.0,21.0,1.0,100.0,80.0,,17.0,0.5375,6634.9875,34880463.65,526.0
10517,1001.0,21.0,1.0,100.0,80.0,,18.0,0.7125,6635.7,34887099.35,526.0
10518,1001.0,21.0,1.0,100.0,80.0,,19.0,0.6375,6636.3375,34893735.6875,526.0
10519,1001.0,21.0,1.0,100.0,80.0,,20.0,1.2125,6637.55,34900373.2375,526.0
10520,1001.0,21.0,1.0,100.0,80.0,,1.0,1.05,6638.6,34907011.8375,527.0
10521,1001.0,21.0,1.0,100.0,80.0,,2.0,0.3625,6638.9625,34913650.8,527.0
10522,1001.0,21.0,1.0,100.0,80.0,,3.0,1.125,6640.0875,34920290.8875,527.0
10523,1001.0,21.0,1.0,100.0,80.0,,4.0,0.55,6640.6375,34926931.525,527.0
10524,1001.0,21.0,1.0,100.0,80.0,,5.0,0.7125,6641.35,34933572.875,527.0
10525,1001.0,21.0,1.0,100.0,80.0,,6.0,0.95,6642.3,34940215.175,527.0
10526,1001.0,21.0,1.0,100.0,80.0,,7.0,0.7375,6643.0375,34946858.2125,527.0
10527,1001.0,21.0,1.0,100.0,80.0,,8.0,0.9625,6644.0,34953502.2125,527.0
10528,1001.0,21.0,1.0,100.0,80.0,,9.0,0.05,6644.05,34960146.2625,527.0
10529,1001.0,21.0,1.0,100.0,80.0,,10.0,0.575,6644.625,34966790.8875,527.0
10530,1001.0,21.0,1.0,100.0,80.0,,11.0,0.975,6645.6,34973436.4875,527.0
10531,1001.0,21.0,1.0,100.0,80.0,,12.0,0.825,6646.425,34980082.9125,527.0
10532,1001.0,21.0,1.0,100.0,80.0,,13.0,0.725,6647.15,34986730.0625,527.0
10533,1001.0,21.0,1.0,100.0,80.0,,14.0,0.3875,6647.5375,34993377.6,527.0
10534,1001.0,21.0,1.0,100.0,80.0,,15.0,0.8875,6648.425,35000026.025,527.0
10535,1001.0,21.0,1.0,100.0,80.0,,16.0,1.2125,6649.6375,35006675.6625,527.0
10536,1001.0,21.0,1.0,100.0,80.0,,17.0,0.3625,6650.0,35013325.6625,527.0
10537,1001.0,21.0,1.0,100.0,80.0,,18.0,0.825,6650.825,35019976.4875,527.0
10538,1001.0,21.0,1.0,100.0,80.0,,19.0,0.0375,6650.8625,35026627.35,527.0
10539,1001.0,21.0,1.0,100.0,80.0,,20.0,0.8375,6651.7,35033279.05,527.0
10540,1001.0,21.0,1.0,100.0,80.0,,1.0,1.1375,6652.8375,35039931.8875,528.0
10541,1001.0,21.0,1.0,100.0,80.0,,2.0,0.9875,6653.825,35046585.7125,528.0
10542,1001.0,21.0,1.0,100.0,80.0,,3.0,0.2875,6654.1125,35053239.825,528.0
10543,1001.0,21.0,1.0,100.0,80.0,,4.0,0.875,6654.9875,35059894.8125,528.0
10544,1001.0,21.0,1.0,100.0,80.0,,5.0,0.0625,6655.05,35066549.8625,528.0
10545,1001.0,21.0,1.0,100.0,80.0,,6.0,0.3875,6655.4375,35073205.3,528.0
10546,1001.0,21.0,1.0,100.0,80.0,,7.0,1.175,6656.6125,35079861.9125,528.0
10547,1001.0,21.0,1.0,100.0,80.0,,8.0,1.1875,6657.8,35086519.7125,528.0
10548,1001.0,21.0,1.0,100.0,80.0,,9.0,0.075,6657.875,35093177.5875,528.0
10549,1001.0,21.0,1.0,100.0,80.0,,10.0,1.1625,6659.0375,35099836.625,528.0
10550,1001.0,21.0,1.0,100.0,80.0,,11.0,0.025,6659.0625,35106495.6875,528.0
10551,1001.0,21.0,1.0,100.0,80.0,,12.0,0.15,6659.2125,35113154.9,528.0
10552,1001.0,21.0,1.0,100.0,80.0,,13.0,0.0125,6659.225,35119814.125,528.0
10553,1001.0,21.0,1.0,100.0,80.0,,14.0,0.1875,6659.4125,35126473.5375,528.0
10554,1001.0,21.0,1.0,100.0,80.0,,15.0,0.8875,6660.3,35133133.8375,528.0
10555,1001.0,21.0,1.0,100.0,80.0,,16.0,0.15,6660.45,35139794.2875,528.0
10556,1001.0,21.0,1.0,100.0,80.0,,17.0,0.625,6661.075,35146455.3625,528.0
10557,1001.0,21.0,1.0,100.0,80.0,,18.0,1.2,6662.275,35153117.6375,528.0
10558,1001.0,21.0,1.0,100.0,80.0,,19.0,0.825,6663.1,35159780.7375,528.0
10559,1001.0,21.0,1.0,100.0,80.0,,20.0,0.2875,6663.3875,35166444.125,528.0
10560,1001.0,21.0,1.0,100.0,80.0,,1.0,0.025,6663.4125,35173107.5375,529.0
10561,1001.0,21.0,1.0,100.0,80.0,,2.0,0.2875,6663.7,35179771.2375,529.0
10562,1001.0,21.0,1.0,100.0,80.0,,3.0,0.3625,6664.0625,35186435.3,529.0
10563,1001.0,21.0,1.0,100.0,80.0,,4.0,0.85,6664.9125,35193100.2125,529.0
10564,1001.0,21.0,1.0,100.0,80.0,,5.0,1.0125,6665.925,35199766.1375,529.0
10565,1001.0,21.0,1.0,100.0,80.0,,6.0,0.6625,6666.5875,35206432.725,529.0
10566,1001.0,21.0,1.0,100.0,80.0,,7.0,0.05,6666.6375,35213099.3625,529.0
10567,1001.0,21.0,1.0,100.0,80.0,,8.0,0.0625,6666.7,35219766.0625,529.0
10568,1001.0,21.0,1.0,100.0,80.0,,9.0,0.5625,6667.2625,35226433.325,529.0
10569,1001.0,21.0,1.0,100.0,80.0,,10.0,1.2,6668.4625,35233101.7875,529.0
10570,1001.0,21.0,1.0,100.0,80.0,,11.0,0.75,6669.2125,35239771.0,529.0
10571,1001.0,21.0,1.0,100.0,80.0,,12.0,0.075,6669.2875,35246440.2875,529.0
10572,1001.0,21.0,1.0,100.0,80.0,,13.0,0.95,6670.2375,35253110.525,529.0
10573,1001.0,21.0,1.0,100.0,80.0,,14.0,0.3875,6670.625,35259781.15,529.0
10574,1001.0,21.0,1.0,100.0,80.0,,15.0,0.575,6671.2,35266452.35,529.0
10575,1001.0,21.0,1.0,100.0,80.0,,16.0,0.7,6671.9,35273124.25,529.0
10576,1001.0,21.0,1.0,100.0,80.0,,17.0,0.775,6672.675,35279796.925,529.0
10577,1001.0,21.0,1.0,100.0,80.0,,18.0,0.5375,6673.2125,35286470.1375,529.0
10578,1001.0,21.0,1.0,100.0,80.0,,19.0,1.125,6674.3375,35293144.475,529.0
10579,1001.0,21.0,1.0,100.0,80.0,,20.0,0.6,6674.9375,35299819.4125,529.0
10580,1001.0,21.0,1.0,100.0,80.0,,1.0,1.1125,6676.05,35306495.4625,530.0
10581,1001.0,21.0,1.0,100.0,80.0,,2.0,0.225,6676.275,35313171.7375,530.0
10582,1001.0,21.0,1.0,100.0,80.0,,3.0,0.325,6676.6,35319848.3375,530.0
10583,1001.0,21.0,1.0,100.0,80.0,,4.0,0.4875,6677.0875,35326525.425,530.0
10584,1001.0,21.0,1.0,100.0,80.0,,5.0,0.7875,6677.875,35333203.3,530.0
10585,1001.0,21.0,1.0,100.0,80.0,,6.0,0.5375,6678.4125,35339881.7125,530.0
10586,1001.0,21.0,1.0,100.0,80.0,,7.0,1.0375,6679.45,35346561.1625,530.0
10587,1001.0,21.0,1.0,100.0,80.0,,8.0,0.3125,6679.7625,35353240.925,530.0
10588,1001.0,21.0,1.0,100.0,80.0,,9.0,0.8875,6680.65,35359921.575,530.0
10589,1001.0,21.0,1.0,100.0,80.0,,10.0,0.675,6681.325,35366602.9,530.0
10590,1001.0,21.0,1.0,100.0,80.0,,11.0,0.5375,6681.8625,35373284.7625,530.0
10591,1001.0,21.0,1.0,100.0,80.0,,12.0,0.1375,6682.0,35379966.7625,530.0
10592,1001.0,21.0,1.0,100.0,80.0,,13.0,0.4125,6682.4125,35386649.175,530.0
10593,1001.0,21.0,1.0,100.0,80.0,,14.0,0.225,6682.6375,35393331.8125,530.0
10594,1001.0,21.0,1.0,100.0,80.0,,15.0,1.0375,6683.675,35400015.4875,530.0
10595,1001.0,21.0,1.0,100.0,80.0,,16.0,0.1875,6683.8625,35406699.35,530.0
10596,1001.0,21.0,1.0,100.0,80.0,,17.0,1.125,6684.9875,35413384.3375,530.0
10597,1001.0,21.0,1.0,100.0,80.0,,18.0,1.175,6686.1625,35420070.5,530.0
10598,1001.0,21.0,1.0,100.0,80.0,,19.0,0.05,6686.2125,35426756.7125,530.0
10599,1001.0,21.0,1.0,100.0,80.0,,20.0,0.2625,6686.475,35433443.1875,530.0
10600,1001.0,21.0,1.0,100.0,80.0,,1.0,1.0125,6687.4875,35440130.675,531.0
10601,1001.0,21.0,1.0,100.0,80.0,,2.0,0.725,6688.2125,35446818.8875,531.0
10602,1001.0,21.0,1.0,100.0,80.0,,3.0,0.9875,6689.2,35453508.0875,531.0
10603,1001.0,21.0,1.0,100.0,80.0,,4.0,0.975,6690.175,35460198.2625,531.0
10604,1001.0,21.0,1.0,100.0,80.0,,5.0,0.425,6690.6,35466888.8625,531.0
10605,1001.0,21.0,1.0,100.0,80.0,,6.0,0.075,6690.675,35473579.5375,531.0
10606,1001.0,21.0,1.0,100.0,80.0,,7.0,0.3625,6691.0375,35480270.575,531.0
10607,1001.0,21.0,1.0,100.0,80.0,,8.0,0.4875,6691.525,35486962.1,531.0
10608,1001.0,21.0,1.0,100.0,80.0,,9.0,0.1875,6691.7125,35493653.8125,531.0
10609,1001.0,21.0,1.0,100.0,80.0,,10.0,0.75,6692.4625,35500346.275,531.0
10610,1001.0,21.0,1.0,100.0,80.0,,11.0,0.15,6692.6125,35507038.8875,531.0
10611,1001.0,21.0,1.0,100.0,80.0,,12.0,0.05,6692.6625,35513731.55,531.0
10612,1001.0,21.0,1.0,100.0,80.0,,13.0,1.2,6693.8625,35520425.4125,531.0
10613,1001.0,21.0,1.0,100.0,80.0,,14.0,0.2375,6694.1,35527119.5125,531.0
10614,1001.0,21.0,1.0,100.0,80.0,,15.0,0.45,6694.55,35533814.0625,531.0
10615,1001.0,21.0,1.0,100.0,80.0,,16.0,0.9625,6695.5125,35540509.575,531.0
10616,1001.0,21.0,1.0,100.0,80.0,,17.0,1.2,6696.7125,35547206.2875,531.0
10617,1001.0,21.0,1.0,100.0,80.0,,18.0,1.0375,6697.75,35553904.0375,531.0
10618,1001.0,21.0,1.0,100.0,80.0,,19.0,0.475,6698.225,35560602.2625,531.0
10619,1001.0,21.0,1.0,100.0,80.0,,20.0,1.05,6699.275,35567301.5375,531.0
10620,1001.0,21.0,1.0,100.0,80.0,,1.0,0.15,6699.425,35574000.9625,532.0
10621,1001.0,21.0,1.0,100.0,80.0,,2.0,0.05,6699.475,35580700.4375,532.0
10622,1001.0,21.0,1.0,100.0,80.0,,3.0,0.2,6699.675,35587400.1125,532.0
10623,1001.0,21.0,1.0,100.0,80.0,,4.0,0.175,6699.85,35594099.9625,532.0
10624,1001.0,21.0,1.0,100.0,80.0,,5.0,0.35,6700.2,35600800.1625,532.0
10625,1001.0,21.0,1.0,100.0,80.0,,6.0,0.775,6700.975,35607501.1375,532.0
10626,1001.0,21.0,1.0,100.0,80.0,,7.0,0.6375,6701.6125,35614202.75,532.0
10627,1001.0,21.0,1.0,100.0,80.0,,8.0,0.2625,6701.875,35620904.625,532.0
10628,1001.0,21.0,1.0,100.0,80.0,,9.0,0.0125,6701.8875,35627606.5125,532.0
10629,1001.0,21.0,1.0,100.0,80.0,,10.0,0.1875,6702.075,35634308.5875,532.0
10630,1001.0,21.0,1.0,100.0,80.0,,11.0,1.0,6703.075,35641011.6625,532.0
10631,1001.0,21.0,1.0,100.0,80.0,,12.0,0.9375,6704.0125,35647715.675,532.0
10632,1001.0,21.0,1.0,100.0,80.0,,13.0,1.125,6705.1375,35654420.8125,532.0
10633,1001.0,21.0,1.0,100.0,80.0,,14.0,0.3,6705.4375,35661126.25,532.0
10634,1001.0,21.0,1.0,100.0,80.0,,15.0,1.175,6706.6125,35667832.8625,532.0
10635,1001.0,21.0,1.0,100.0,80.0,,16.0,0.475,6707.0875,35674539.95,532.0
10636,1001.0,21.0,1.0,100.0,80.0,,17.0,0.3125,6707.4,35681247.35,532.0
10637,1001.0,21.0,1.0,100.0,80.0,,18.0,0.8375,6708.2375,35687955.5875,532.0
10638,1001.0,21.0,1.0,100.0,80.0,,19.0,0.375,6708.6125,35694664.2,532.0
10639,1001.0,21.0,1.0,100.0,80.0,,20.0,0.275,6708.8875,35701373.0875,532.0
10640,1001.0,21.0,1.0,100.0,80.0,,1.0,1.2,6710.0875,35708083.175,533.0
10641,1001.0,21.0,1.0,100.0,80.0,,2.0,0.45,6710.5375,35714793.7125,533.0
10642,1001.0,21.0,1.0,100.0,80.0,,3.0,1.1875,6711.725,35721505.4375,533.0
10643,1001.0,21.0,1.0,100.0,80.0,,4.0,0.9,6712.625,35728218.0625,533.0
10644,1001.0,21.0,1.0,100.0,80.0,,5.0,0.525,6713.15,35734931.2125,533.0
10645,1001.0,21.0,1.0,100.0,80.0,,6.0,0.8125,6713.9625,35741645.175,533.0
10646,1001.0,21.0,1.0,100.0,80.0,,7.0,0.675,6714.6375,35748359.8125,533.0
10647,1001.0,21.0,1.0,100.0,80.0,,8.0,0.2625,6714.9,35755074.7125,533.0
10648,1001.0,21.0,1.0,100.0,80.0,,9.0,0.7,6715.6,35761790.3125,533.0
10649,1001.0,21.0,1.0,100.0,80.0,,10.0,0.85,6716.45,35768506.7625,533.0
10650,1001.0,21.0,1.0,100.0,80.0,,11.0,0.825,6717.275,35775224.0375,533.0
10651,1001.0,21.0,1.0,100.0,80.0,,12.0,0.725,6718.0,35781942.0375,533.0
10652,1001.0,21.0,1.0,100.0,80.0,,13.0,0.25,6718.25,35788660.2875,533.0
10653,1001.0,21.0,1.0,100.0,80.0,,14.0,0.25,6718.5,35795378.7875,533.0
10654,1001.0,21.0,1.0,100.0,80.0,,15.0,0.6,6719.1,35802097.8875,533.0
10655,1001.0,21.0,1.0,100.0,80.0,,16.0,0.45,6719.55,35808817.4375,533.0
10656,1001.0,21.0,1.0,100.0,80.0,,17.0,0.175,6719.725,35815537.1625,533.0
10657,1001.0,21.0,1.0,100.0,80.0,,18.0,0.3375,6720.0625,35822257.225,533.0
10658,1001.0,21.0,1.0,100.0,80.0,,19.0,0.925,6720.9875,35828978.2125,533.0
10659,1001.0,21.0,1.0,100.0,80.0,,20.0,0.325,6721.3125,35835699.525,533.0
10660,1001.0,21.0,1.0,100.0,80.0,,1.0,0.375,6721.6875,35842421.2125,534.0
10661,1001.0,21.0,1.0,100.0,80.0,,2.0,0.8375,6722.525,35849143.7375,534.0
10662,1001.0,21.0,1.0,100.0,80.0,,3.0,1.1625,6723.6875,35855867.425,534.0
10663,1001.0,21.0,1.0,100.0,80.0,,4.0,0.95,6724.6375,35862592.0625,534.0
10664,1001.0,21.0,1.0,100.0,80.0,,5.0,0.3875,6725.025,35869317.0875,534.0
10665,1001.0,21.0,1.0,100.0,80.0,,6.0,0.0375,6725.0625,35876042.15,534.0
10666,1001.0,21.0,1.0,100.0,80.0,,7.0,0.45,6725.5125,35882767.6625,534.0
10667,1001.0,21.0,1.0,100.0,80.0,,8.0,0.125,6725.6375,35889493.3,534.0
10668,1001.0,21.0,1.0,100.0,80.0,,9.0,0.2125,6725.85,35896219.15,534.0
10669,1001.0,21.0,1.0,100.0,80.0,,10.0,0.225,6726.075,35902945.225,534.0
10670,1001.0,21.0,1.0,100.0,80.0,,11.0,0.375,6726.45,35909671.675,534.0
10671,1001.0,21.0,1.0,100.0,80.0,,12.0,0.9375,6727.3875,35916399.0625,534.0
10672,1001.0,21.0,1.0,100.0,80.0,,13.0,0.325,6727.7125,35923126.775,534.0
10673,1001.0,21.0,1.0,100.0,80.0,,14.0,1.175,6728.8875,35929855.6625,534.0
10674,1001.0,21.0,1.0,100.0,80.0,,15.0,0.1375,6729.025,35936584.6875,534.0
10675,1001.0,21.0,1.0,100.0,80.0,,16.0,0.7,6729.725,35943314.4125,534.0
10676,1001.0,21.0,1.0,100.0,80.0,,17.0,0.8875,6730.6125,35950045.025,534.0
10677,1001.0,21.0,1.0,100.0,80.0,,18.0,0.2125,6730.825,35956775.85,534.0
10678,1001.0,21.0,1.0,100.0,80.0,,19.0,0.425,6731.25,35963507.1,534.0
10679,1001.0,21.0,1.0,100.0,80.0,,20.0,0.0375,6731.2875,35970238.3875,534.0
10680,1001.0,21.0,1.0,100.0,80.0,,1.0,0.6875,6731.975,35976970.3625,535.0
10681,1001.0,21.0,1.0,100.0,80.0,,2.0,0.925,6732.9,35983703.2625,535.0
10682,1001.0,21.0,1.0,100.0,80.0,,3.0,0.9625,6733.8625,35990437.125,535.0
10683,1001.0,21.0,1.0,100.0,80.0,,4.0,0.8875,6734.75,35997171.875,535.0
10684,1001.0,21.0,1.0,100.0,80.0,,5.0,0.125,6734.875,36003906.75,535.0
10685,1001.0,21.0,1.0,100.0,80.0,,6.0,0.475,6735.35,36010642.1,535.0
10686,1001.0,21.0,1.0,100.0,80.0,,7.0,0.65,6736.0,36017378.1,535.0
10687,1001.0,21.0,1.0,100.0,80.0,,8.0,0.4375,6736.4375,36024114.5375,535.0
10688,1001.0,21.0,1.0,100.0,80.0,,9.0,0.9,6737.3375,36030851.875,535.0
10689,1001.0,21.0,1.0,100.0,80.0,,10.0,0.7625,6738.1,36037589.975,535.0
10690,1001.0,21.0,1.0,100.0,80.0,,11.0,1.1125,6739.2125,36044329.1875,535.0
10691,1001.0,21.0,1.0,100.0,80.0,,12.0,0.125,6739.3375,36051068.525,535.0
10692,1001.0,21.0,1.0,100.0,80.0,,13.0,1.2125,6740.55,36057809.075,535.0
10693,1001.0,21.0,1.0,100.0,80.0,,14.0,0.8875,6741.4375,36064550.5125,535.0
10694,1001.0,21.0,1.0,100.0,80.0,,15.0,0.8,6742.2375,36071292.75,535.0
10695,1001.0,21.0,1.0,100.0,80.0,,16.0,0.9,6743.1375,36078035.8875,535.0
10696,1001.0,21.0,1.0,100.0,80.0,,17.0,0.575,6743.7125,36084779.6,535.0
10697,1001.0,21.0,1.0,100.0,80.0,,18.0,0.7125,6744.425,36091524.025,535.0
10698,1001.0,21.0,1.0,100.0,80.0,,19.0,0.7875,6745.2125,36098269.2375,535.0
10699,1001.0,21.0,1.0,100.0,80.0,,20.0,1.1125,6746.325,36105015.5625,535.0
10700,1001.0,21.0,1.0,100.0,80.0,,1.0,0.8375,6747.1625,36111762.725,536.0
10701,1001.0,21.0,1.0,100.0,80.0,,2.0,0.45,6747.6125,36118510.3375,536.0
10702,1001.0,21.0,1.0,100.0,80.0,,3.0,1.2125,6748.825,36125259.1625,536.0
10703,1001.0,21.0,1.0,100.0,80.0,,4.0,1.025,6749.85,36132009.0125,536.0
10704,1001.0,21.0,1.0,100.0,80.0,,5.0,0.15,6750.0,36138759.0125,536.0
10705,1001.0,21.0,1.0,100.0,80.0,,6.0,0.7375,6750.7375,36145509.75,536.0
10706,1001.0,21.0,1.0,100.0,80.0,,7.0,0.975,6751.7125,36152261.4625,536.0
10707,1001.0,21.0,1.0,100.0,80.0,,8.0,0.9,6752.6125,36159014.075,536.0
10708,1001.0,21.0,1.0,100.0,80.0,,9.0,0.975,6753.5875,36165767.6625,536.0
10709,1001.0,21.0,1.0,100.0,80.0,,10.0,0.1875,6753.775,36172521.4375,536.0
10710,1001.0,21.0,1.0,100.0,80.0,,11.0,1.225,6755.0,36179276.4375,536.0
10711,1001.0,21.0,1.0,100.0,80.0,,12.0,0.2875,6755.2875,36186031.725,536.0
10712,1001.0,21.0,1.0,100.0,80.0,,13.0,0.725,6756.0125,36192787.7375,536.0
10713,1001.0,21.0,1.0,100.0,80.0,,14.0,0.275,6756.2875,36199544.025,536.0
10714,1001.0,21.0,1.0,100.0,80.0,,15.0,0.0625,6756.35,36206300.375,536.0
10715,1001.0,21.0,1.0,100.0,80.0,,16.0,0.2,6756.55,36213056.925,536.0
10716,1001.0,21.0,1.0,100.0,80.0,,17.0,0.65,6757.2,36219814.125,536.0
10717,1001.0,21.0,1.0,100.0,80.0,,18.0,0.9625,6758.1625,36226572.2875,536.0
10718,1001.0,21.0,1.0,100.0,80.0,,19.0,0.575,6758.7375,36233331.025,536.0
10719,1001.0,21.0,1.0,100.0,80.0,,20.0,0.575,6759.3125,36240090.3375,536.0
10720,1001.0,21.0,1.0,100.0,80.0,,1.0,0.4625,6759.775,36246850.1125,537.0
10721,1001.0,21.0,1.0,100.0,80.0,,2.0,0.2875,6760.0625,36253610.175,537.0
10722,1001.0,21.0,1.0,100.0,80.0,,3.0,0.775,6760.8375,36260371.0125,537.0
10723,1001.0,21.0,1.0,100.0,80.0,,4.0,1.025,6761.8625,36267132.875,537.0
10724,1001.0,21.0,1.0,100.0,80.0,,5.0,0.3625,6762.225,36273895.1,537.0
10725,1001.0,21.0,1.0,100.0,80.0,,6.0,0.4375,6762.6625,36280657.7625,537.0
10726,1001.0,21.0,1.0,100.0,80.0,,7.0,0.3625,6763.025,36287420.7875,537.0
10727,1001.0,21.0,1.0,100.0,80.0,,8.0,0.2875,6763.3125,36294184.1,537.0
10728,1001.0,21.0,1.0,100.0,80.0,,9.0,0.1375,6763.45,36300947.55,537.0
10729,1001.0,21.0,1.0,100.0,80.0,,10.0,0.4875,6763.9375,36307711.4875,537.0
10730,1001.0,21.0,1.0,100.0,80.0,,11.0,0.6375,6764.575,36314476.0625,537.0
10731,1001.0,21.0,1.0,100.0,80.0,,12.0,0.1,6764.675,36321240.7375,537.0
10732,1001.0,21.0,1.0,100.0,80.0,,13.0,0.85,6765.525,36328006.2625,537.0
10733,1001.0,21.0,1.0,100.0,80.0,,14.0,0.9,6766.425,36334772.6875,537.0
10734,1001.0,21.0,1.0,100.0,80.0,,15.0,1.0125,6767.4375,36341540.125,537.0
10735,1001.0,21.0,1.0,100.0,80.0,,16.0,0.2125,6767.65,36348307.775,537.0
10736,1001.0,21.0,1.0,100.0,80.0,,17.0,0.7875,6768.4375,36355076.2125,537.0
10737,1001.0,21.0,1.0,100.0,80.0,,18.0,0.7375,6769.175,36361845.3875,537.0
10738,1001.0,21.0,1.0,100.0,80.0,,19.0,0.7625,6769.9375,36368615.325,537.0
10739,1001.0,21.0,1.0,100.0,80.0,,20.0,1.175,6771.1125,36375386.4375,537.0
10740,1001.0,21.0,1.0,100.0,80.0,,1.0,1.15,6772.2625,36382158.7,538.0
10741,1001.0,21.0,1.0,100.0,80.0,,2.0,0.275,6772.5375,36388931.2375,538.0
10742,1001.0,21.0,1.0,100.0,80.0,,3.0,0.25,6772.7875,36395704.025,538.0
10743,1001.0,21.0,1.0,100.0,80.0,,4.0,0.3375,6773.125,36402477.15,538.0
10744,1001.0,21.0,1.0,100.0,80.0,,5.0,0.3375,6773.4625,36409250.6125,538.0
10745,1001.0,21.0,1.0,100.0,80.0,,6.0,0.5125,6773.975,36416024.5875,538.0
10746,1001.0,21.0,1.0,100.0,80.0,,7.0,0.25,6774.225,36422798.8125,538.0
10747,1001.0,21.0,1.0,100.0,80.0,,8.0,0.8125,6775.0375,36429573.85,538.0
10748,1001.0,21.0,1.0,100.0,80.0,,9.0,0.1125,6775.15,36436349.0,538.0
10749,1001.0,21.0,1.0,100.0,80.0,,10.0,0.0125,6775.1625,36443124.1625,538.0
10750,1001.0,21.0,1.0,100.0,80.0,,11.0,1.0875,6776.25,36449900.4125,538.0
10751,1001.0,21.0,1.0,100.0,80.0,,12.0,0.95,6777.2,36456677.6125,538.0
10752,1001.0,21.0,1.0,100.0,80.0,,13.0,1.075,6778.275,36463455.8875,538.0
10753,1001.0,21.0,1.0,100.0,80.0,,14.0,0.1125,6778.3875,36470234.275,538.0
10754,1001.0,21.0,1.0,100.0,80.0,,15.0,0.5875,6778.975,36477013.25,538.0
10755,1001.0,21.0,1.0,100.0,80.0,,16.0,0.275,6779.25,36483792.5,538.0
10756,1001.0,21.0,1.0,100.0,80.0,,17.0,0.6,6779.85,36490572.35,538.0
10757,1001.0,21.0,1.0,100.0,80.0,,18.0,0.15,6780.0,36497352.35,538.0
10758,1001.0,21.0,1.0,100.0,80.0,,19.0,1.1875,6781.1875,36504133.5375,538.0
10759,1001.0,21.0,1.0,100.0,80.0,,20.0,1.0625,6782.25,36510915.7875,538.0
10760,1001.0,21.0,1.0,100.0,80.0,,1.0,0.3875,6782.6375,36517698.425,539.0
10761,1001.0,21.0,1.0,100.0,80.0,,2.0,0.3125,6782.95,36524481.375,539.0
10762,1001.0,21.0,1.0,100.0,80.0,,3.0,0.8625,6783.8125,36531265.1875,539.0
10763,1001.0,21.0,1.0,100.0,80.0,,4.0,0.85,6784.6625,36538049.85,539.0
10764,1001.0,21.0,1.0,100.0,80.0,,5.0,1.05,6785.7125,36544835.5625,539.0
10765,1001.0,21.0,1.0,100.0,80.0,,6.0,0.8,6786.5125,36551622.075,539.0
10766,1001.0,21.0,1.0,100.0,80.0,,7.0,0.825,6787.3375,36558409.4125,539.0
10767,1001.0,21.0,1.0,100.0,80.0,,8.0,0.5375,6787.875,36565197.2875,539.0
10768,1001.0,21.0,1.0,100.0,80.0,,9.0,0.025,6787.9,36571985.1875,539.0
10769,1001.0,21.0,1.0,100.0,80.0,,10.0,0.3375,6788.2375,36578773.425,539.0
10770,1001.0,21.0,1.0,100.0,80.0,,11.0,0.1875,6788.425,36585561.85,539.0
10771,1001.0,21.0,1.0,100.0,80.0,,12.0,0.975,6789.4,36592351.25,539.0
10772,1001.0,21.0,1.0,100.0,80.0,,13.0,0.7375,6790.1375,36599141.3875,539.0
10773,1001.0,21.0,1.0,100.0,80.0,,14.0,0.375,6790.5125,36605931.9,539.0
10774,1001.0,21.0,1.0,100.0,80.0,,15.0,0.0875,6790.6,36612722.5,539.0
10775,1001.0,21.0,1.0,100.0,80.0,,16.0,1.1125,6791.7125,36619514.2125,539.0
10776,1001.0,21.0,1.0,100.0,80.0,,17.0,0.4,6792.1125,36626306.325,539.0
10777,1001.0,21.0,1.0,100.0,80.0,,18.0,0.775,6792.8875,36633099.2125,539.0
10778,1001.0,21.0,1.0,100.0,80.0,,19.0,0.7875,6793.675,36639892.8875,539.0
10779,1001.0,21.0,1.0,100.0,80.0,,20.0,0.3875,6794.0625,36646686.95,539.0
10780,1001.0,21.0,1.0,100.0,80.0,,1.0,0.275,6794.3375,36653481.2875,540.0
10781,1001.0,21.0,1.0,100.0,80.0,,2.0,0.8,6795.1375,36660276.425,540.0
10782,1001.0,21.0,1.0,100.0,80.0,,3.0,0.0875,6795.225,36667071.65,540.0
10783,1001.0,21.0,1.0,100.0,80.0,,4.0,0.2625,6795.4875,36673867.1375,540.0
10784,1001.0,21.0,1.0,100.0,80.0,,5.0,0.4,6795.8875,36680663.025,540.0
10785,1001.0,21.0,1.0,100.0,80.0,,6.0,0.95,6796.8375,36687459.8625,540.0
10786,1001.0,21.0,1.0,100.0,80.0,,7.0,0.875,6797.7125,36694257.575,540.0
10787,1001.0,21.0,1.0,100.0,80.0,,8.0,0.0625,6797.775,36701055.35,540.0
10788,1001.0,21.0,1.0,100.0,80.0,,9.0,1.15,6798.925,36707854.275,540.0
10789,1001.0,21.0,1.0,100.0,80.0,,10.0,0.1625,6799.0875,36714653.3625,540.0
10790,1001.0,21.0,1.0,100.0,80.0,,11.0,0.525,6799.6125,36721452.975,540.0
10791,1001.0,21.0,1.0,100.0,80.0,,12.0,1.0625,6800.675,36728253.65,540.0
10792,1001.0,21.0,1.0,100.0,80.0,,13.0,0.5,6801.175,36735054.825,540.0
10793,1001.0,21.0,1.0,100.0,80.0,,14.0,1.2,6802.375,36741857.2,540.0
10794,1001.0,21.0,1.0,100.0,80.0,,15.0,0.95,6803.325,36748660.525,540.0
10795,1001.0,21.0,1.0,100.0,80.0,,16.0,0.8375,6804.1625,36755464.6875,540.0
10796,1001.0,21.0,1.0,100.0,80.0,,17.0,0.4625,6804.625,36762269.3125,540.0
10797,1001.0,21.0,1.0,100.0,80.0,,18.0,1.1125,6805.7375,36769075.05,540.0
10798,1001.0,21.0,1.0,100.0,80.0,,19.0,1.075,6806.8125,36775881.8625,540.0
10799,1001.0,21.0,1.0,100.0,80.0,,20.0,1.025,6807.8375,36782689.7,540.0
10800,1001.0,21.0,1.0,100.0,80.0,,1.0,0.875,6808.7125,36789498.4125,541.0
10801,1001.0,21.0,1.0,100.0,80.0,,2.0,0.4375,6809.15,36796307.5625,541.0
10802,1001.0,21.0,1.0,100.0,80.0,,3.0,0.9875,6810.1375,36803117.7,541.0
10803,1001.0,21.0,1.0,100.0,80.0,,4.0,1.1125,6811.25,36809928.95,541.0
10804,1001.0,21.0,1.0,100.0,80.0,,5.0,0.8875,6812.1375,36816741.0875,541.0
10805,1001.0,21.0,1.0,100.0,80.0,,6.0,1.075,6813.2125,36823554.3,541.0
10806,1001.0,21.0,1.0,100.0,80.0,,7.0,0.975,6814.1875,36830368.4875,541.0
10807,1001.0,21.0,1.0,100.0,80.0,,8.0,0.425,6814.6125,36837183.1,541.0
10808,1001.0,21.0,1.0,100.0,80.0,,9.0,0.7875,6815.4,36843998.5,541.0
10809,1001.0,21.0,1.0,100.0,80.0,,10.0,0.225,6815.625,36850814.125,541.0
10810,1001.0,21.0,1.0,100.0,80.0,,11.0,0.425,6816.05,36857630.175,541.0
10811,1001.0,21.0,1.0,100.0,80.0,,12.0,0.1,6816.15,36864446.325,541.0
10812,1001.0,21.0,1.0,100.0,80.0,,13.0,1.2375,6817.3875,36871263.7125,541.0
10813,1001.0,21.0,1.0,100.0,80.0,,14.0,0.6125,6818.0,36878081.7125,541.0
10814,1001.0,21.0,1.0,100.0,80.0,,15.0,0.8125,6818.8125,36884900.525,541.0
10815,1001.0,21.0,1.0,100.0,80.0,,16.0,0.65,6819.4625,36891719.9875,541.0
10816,1001.0,21.0,1.0,100.0,80.0,,17.0,0.4625,6819.925,36898539.9125,541.0
10817,1001.0,21.0,1.0,100.0,80.0,,18.0,0.1,6820.025,36905359.9375,541.0
10818,1001.0,21.0,1.0,100.0,80.0,,19.0,0.775,6820.8,36912180.7375,541.0
10819,1001.0,21.0,1.0,100.0,80.0,,20.0,0.4875,6821.2875,36919002.025,541.0
10820,1001.0,21.0,1.0,100.0,80.0,,1.0,0.6875,6821.975,36925824.0,542.0
10821,1001.0,21.0,1.0,100.0,80.0,,2.0,0.9125,6822.8875,36932646.8875,542.0
10822,1001.0,21.0,1.0,100.0,80.0,,3.0,0.65,6823.5375,36939470.425,542.0
10823,1001.0,21.0,1.0,100.0,80.0,,4.0,0.5875,6824.125,36946294.55,542.0
10824,1001.0,21.0,1.0,100.0,80.0,,5.0,0.0625,6824.1875,36953118.7375,542.0
10825,1001.0,21.0,1.0,100.0,80.0,,6.0,0.425,6824.6125,36959943.35,542.0
10826,1001.0,21.0,1.0,100.0,80.0,,7.0,0.55,6825.1625,36966768.5125,542.0
10827,1001.0,21.0,1.0,100.0,80.0,,8.0,0.8625,6826.025,36973594.5375,542.0
10828,1001.0,21.0,1.0,100.0,80.0,,9.0,0.7625,6826.7875,36980421.325,542.0
10829,1001.0,21.0,1.0,100.0,80.0,,10.0,0.6,6827.3875,36987248.7125,542.0
10830,1001.0,21.0,1.0,100.0,80.0,,11.0,0.6,6827.9875,36994076.7,542.0
10831,1001.0,21.0,1.0,100.0,80.0,,12.0,1.025,6829.0125,37000905.7125,542.0
10832,1001.0,21.0,1.0,100.0,80.0,,13.0,0.9,6829.9125,37007735.625,542.0
10833,1001.0,21.0,1.0,100.0,80.0,,14.0,0.9625,6830.875,37014566.5,542.0
10834,1001.0,21.0,1.0,100.0,80.0,,15.0,1.0625,6831.9375,37021398.4375,542.0
10835,1001.0,21.0,1.0,100.0,80.0,,16.0,1.025,6832.9625,37028231.4,542.0
10836,1001.0,21.0,1.0,100.0,80.0,,17.0,0.7125,6833.675,37035065.075,542.0
10837,1001.0,21.0,1.0,100.0,80.0,,18.0,0.5125,6834.1875,37041899.2625,542.0
10838,1001.0,21.0,1.0,100.0,80.0,,19.0,0.85,6835.0375,37048734.3,542.0
10839,1001.0,21.0,1.0,100.0,80.0,,20.0,0.125,6835.1625,37055569.4625,542.0
10840,1001.0,21.0,1.0,100.0,80.0,,1.0,0.7125,6835.875,37062405.3375,543.0
10841,1001.0,21.0,1.0,100.0,80.0,,2.0,0.4875,6836.3625,37069241.7,543.0
10842,1001.0,21.0,1.0,100.0,80.0,,3.0,1.0,6837.3625,37076079.0625,543.0
10843,1001.0,21.0,1.0,100.0,80.0,,4.0,0.5125,6837.875,37082916.9375,543.0
10844,1001.0,21.0,1.0,100.0,80.0,,5.0,1.2,6839.075,37089756.0125,543.0
10845,1001.0,21.0,1.0,100.0,80.0,,6.0,0.75,6839.825,37096595.8375,543.0
10846,1001.0,21.0,1.0,100.0,80.0,,7.0,0.325,6840.15,37103435.9875,543.0
10847,1001.0,21.0,1.0,100.0,80.0,,8.0,0.45,6840.6,37110276.5875,543.0
10848,1001.0,21.0,1.0,100.0,80.0,,9.0,0.65,6841.25,37117117.8375,543.0
10849,1001.0,21.0,1.0,100.0,80.0,,10.0,0.8125,6842.0625,37123959.9,543.0
10850,1001.0,21.0,1.0,100.0,80.0,,11.0,0.2,6842.2625,37130802.1625,543.0
10851,1001.0,21.0,1.0,100.0,80.0,,12.0,0.175,6842.4375,37137644.6,543.0
10852,1001.0,21.0,1.0,100.0,80.0,,13.0,0.0375,6842.475,37144487.075,543.0
10853,1001.0,21.0,1.0,100.0,80.0,,14.0,0.6,6843.075,37151330.15,543.0
10854,1001.0,21.0,1.0,100.0,80.0,,15.0,0.2125,6843.2875,37158173.4375,543.0
10855,1001.0,21.0,1.0,100.0,80.0,,16.0,1.1125,6844.4,37165017.8375,543.0
10856,1001.0,21.0,1.0,100.0,80.0,,17.0,0.6125,6845.0125,37171862.85,543.0
10857,1001.0,21.0,1.0,100.0,80.0,,18.0,0.5875,6845.6,37178708.45,543.0
10858,1001.0,21.0,1.0,100.0,80.0,,19.0,1.0375,6846.6375,37185555.0875,543.0
10859,1001.0,21.0,1.0,100.0,80.0,,20.0,0.9875,6847.625,37192402.7125,543.0
10860,1001.0,21.0,1.0,100.0,80.0,,1.0,1.0,6848.625,37199251.3375,544.0
10861,1001.0,21.0,1.0,100.0,80.0,,2.0,0.45,6849.075,37206100.4125,544.0
10862,1001.0,21.0,1.0,100.0,80.0,,3.0,0.1625,6849.2375,37212949.65,544.0
10863,1001.0,21.0,1.0,100.0,80.0,,4.0,0.5,6849.7375,37219799.3875,544.0
10864,1001.0,21.0,1.0,100.0,80.0,,5.0,1.0375,6850.775,37226650.1625,544.0
10865,1001.0,21.0,1.0,100.0,80.0,,6.0,0.25,6851.025,37233501.1875,544.0
10866,1001.0,21.0,1.0,100.0,80.0,,7.0,0.35,6851.375,37240352.5625,544.0
10867,1001.0,21.0,1.0,100.0,80.0,,8.0,0.65,6852.025,37247204.5875,544.0
10868,1001.0,21.0,1.0,100.0,80.0,,9.0,0.7375,6852.7625,37254057.35,544.0
10869,1001.0,21.0,1.0,100.0,80.0,,10.0,0.0625,6852.825,37260910.175,544.0
10870,1001.0,21.0,1.0,100.0,80.0,,11.0,0.875,6853.7,37267763.875,544.0
10871,1001.0,21.0,1.0,100.0,80.0,,12.0,0.3125,6854.0125,37274617.8875,544.0
10872,1001.0,21.0,1.0,100.0,80.0,,13.0,0.7125,6854.725,37281472.6125,544.0
10873,1001.0,21.0,1.0,100.0,80.0,,14.0,0.85,6855.575,37288328.1875,544.0
10874,1001.0,21.0,1.0,100.0,80.0,,15.0,0.45,6856.025,37295184.2125,544.0
10875,1001.0,21.0,1.0,100.0,80.0,,16.0,0.5875,6856.6125,37302040.825,544.0
10876,1001.0,21.0,1.0,100.0,80.0,,17.0,0.875,6857.4875,37308898.3125,544.0
10877,1001.0,21.0,1.0,100.0,80.0,,18.0,0.225,6857.7125,37315756.025,544.0
10878,1001.0,21.0,1.0,100.0,80.0,,19.0,0.7625,6858.475,37322614.5,544.0
10879,1001.0,21.0,1.0,100.0,80.0,,20.0,0.1625,6858.6375,37329473.1375,544.0
10880,1001.0,21.0,1.0,100.0,80.0,,1.0,0.0375,6858.675,37336331.8125,545.0
10881,1001.0,21.0,1.0,100.0,80.0,,2.0,0.7,6859.375,37343191.1875,545.0
10882,1001.0,21.0,1.0,100.0,80.0,,3.0,1.075,6860.45,37350051.6375,545.0
10883,1001.0,21.0,1.0,100.0,80.0,,4.0,0.1625,6860.6125,37356912.25,545.0
10884,1001.0,21.0,1.0,100.0,80.0,,5.0,1.0625,6861.675,37363773.925,545.0
10885,1001.0,21.0,1.0,100.0,80.0,,6.0,0.175,6861.85,37370635.775,545.0
10886,1001.0,21.0,1.0,100.0,80.0,,7.0,0.9,6862.75,37377498.525,545.0
10887,1001.0,21.0,1.0,100.0,80.0,,8.0,1.175,6863.925,37384362.45,545.0
10888,1001.0,21.0,1.0,100.0,80.0,,9.0,0.7125,6864.6375,37391227.0875,545.0
10889,1001.0,21.0,1.0,100.0,80.0,,10.0,0.175,6864.8125,37398091.9,545.0
10890,1001.0,21.0,1.0,100.0,80.0,,11.0,0.9625,6865.775,37404957.675,545.0
10891,1001.0,21.0,1.0,100.0,80.0,,12.0,0.225,6866.0,37411823.675,545.0
10892,1001.0,21.0,1.0,100.0,80.0,,13.0,0.05,6866.05,37418689.725,545.0
10893,1001.0,21.0,1.0,100.0,80.0,,14.0,0.5625,6866.6125,37425556.3375,545.0
10894,1001.0,21.0,1.0,100.0,80.0,,15.0,0.475,6867.0875,37432423.425,545.0
10895,1001.0,21.0,1.0,100.0,80.0,,16.0,0.875,6867.9625,37439291.3875,545.0
10896,1001.0,21.0,1.0,100.0,80.0,,17.0,1.0,6868.9625,37446160.35,545.0
10897,1001.0,21.0,1.0,100.0,80.0,,18.0,0.9875,6869.95,37453030.3,545.0
10898,1001.0,21.0,1.0,100.0,80.0,,19.0,0.2625,6870.2125,37459900.5125,545.0
10899,1001.0,21.0,1.0,100.0,80.0,,20.0,0.6625,6870.875,37466771.3875,545.0
10900,1001.0,21.0,1.0,100.0,80.0,,1.0,0.675,6871.55,37473642.9375,546.0
10901,1001.0,21.0,1.0,100.0,80.0,,2.0,0.1875,6871.7375,37480514.675,546.0
10902,1001.0,21.0,1.0,100.0,80.0,,3.0,0.25,6871.9875,37487386.6625,546.0
10903,1001.0,21.0,1.0,100.0,80.0,,4.0,0.975,6872.9625,37494259.625,546.0
10904,1001.0,21.0,1.0,100.0,80.0,,5.0,0.2125,6873.175,37501132.8,546.0
10905,1001.0,21.0,1.0,100.0,80.0,,6.0,1.175,6874.35,37508007.15,546.0
10906,1001.0,21.0,1.0,100.0,80.0,,7.0,0.775,6875.125,37514882.275,546.0
10907,1001.0,21.0,1.0,100.0,80.0,,8.0,0.95,6876.075,37521758.35,546.0
10908,1001.0,21.0,1.0,100.0,80.0,,9.0,0.4,6876.475,37528634.825,546.0
10909,1001.0,21.0,1.0,100.0,80.0,,10.0,0.05,6876.525,37535511.35,546.0
10910,1001.0,21.0,1.0,100.0,80.0,,11.0,0.8375,6877.3625,37542388.7125,546.0
10911,1001.0,21.0,1.0,100.0,80.0,,12.0,0.4875,6877.85,37549266.5625,546.0
10912,1001.0,21.0,1.0,100.0,80.0,,13.0,0.6125,6878.4625,37556145.025,546.0
10913,1001.0,21.0,1.0,100.0,80.0,,14.0,1.1375,6879.6,37563024.625,546.0
10914,1001.0,21.0,1.0,100.0,80.0,,15.0,0.1625,6879.7625,37569904.3875,546.0
10915,1001.0,21.0,1.0,100.0,80.0,,16.0,0.65,6880.4125,37576784.8,546.0
10916,1001.0,21.0,1.0,100.0,80.0,,17.0,0.1625,6880.575,37583665.375,546.0
10917,1001.0,21.0,1.0,100.0,80.0,,18.0,0.9375,6881.5125,37590546.8875,546.0
10918,1001.0,21.0,1.0,100.0,80.0,,19.0,0.525,6882.0375,37597428.925,546.0
10919,1001.0,21.0,1.0,100.0,80.0,,20.0,0.4625,6882.5,37604311.425,546.0
10920,1001.0,21.0,1.0,100.0,80.0,,1.0,0.375,6882.875,37611194.3,547.0
10921,1001.0,21.0,1.0,100.0,80.0,,2.0,0.2625,6883.1375,37618077.4375,547.0
10922,1001.0,21.0,1.0,100.0,80.0,,3.0,0.9875,6884.125,37624961.5625,547.0
10923,1001.0,21.0,1.0,100.0,80.0,,4.0,1.125,6885.25,37631846.8125,547.0
10924,1001.0,21.0,1.0,100.0,80.0,,5.0,1.125,6886.375,37638733.1875,547.0
10925,1001.0,21.0,1.0,100.0,80.0,,6.0,1.05,6887.425,37645620.6125,547.0
10926,1001.0,21.0,1.0,100.0,80.0,,7.0,0.3625,6887.7875,37652508.4,547.0
10927,1001.0,21.0,1.0,100.0,80.0,,8.0,0.025,6887.8125,37659396.2125,547.0
10928,1001.0,21.0,1.0,100.0,80.0,,9.0,0.725,6888.5375,37666284.75,547.0
10929,1001.0,21.0,1.0,100.0,80.0,,10.0,0.4375,6888.975,37673173.725,547.0
10930,1001.0,21.0,1.0,100.0,80.0,,11.0,0.925,6889.9,37680063.625,547.0
10931,1001.0,21.0,1.0,100.0,80.0,,12.0,1.1625,6891.0625,37686954.6875,547.0
10932,1001.0,21.0,1.0,100.0,80.0,,13.0,1.2125,6892.275,37693846.9625,547.0
10933,1001.0,21.0,1.0,100.0,80.0,,14.0,0.65,6892.925,37700739.8875,547.0
10934,1001.0,21.0,1.0,100.0,80.0,,15.0,0.075,6893.0,37707632.8875,547.0
10935,1001.0,21.0,1.0,100.0,80.0,,16.0,0.4875,6893.4875,37714526.375,547.0
10936,1001.0,21.0,1.0,100.0,80.0,,17.0,0.1,6893.5875,37721419.9625,547.0
10937,1001.0,21.0,1.0,100.0,80.0,,18.0,1.1875,6894.775,37728314.7375,547.0
10938,1001.0,21.0,1.0,100.0,80.0,,19.0,0.7375,6895.5125,37735210.25,547.0
10939,1001.0,21.0,1.0,100.0,80.0,,20.0,0.7125,6896.225,37742106.475,547.0
10940,1001.0,21.0,1.0,100.0,80.0,,1.0,0.3625,6896.5875,37749003.0625,548.0
10941,1001.0,21.0,1.0,100.0,80.0,,2.0,0.625,6897.2125,37755900.275,548.0
10942,1001.0,21.0,1.0,100.0,80.0,,3.0,1.1125,6898.325,37762798.6,548.0
10943,1001.0,21.0,1.0,100.0,80.0,,4.0,0.875,6899.2,37769697.8,548.0
10944,1001.0,21.0,1.0,100.0,80.0,,5.0,0.5125,6899.7125,37776597.5125,548.0
10945,1001.0,21.0,1.0,100.0,80.0,,6.0,1.0375,6900.75,37783498.2625,548.0
10946,1001.0,21.0,1.0,100.0,80.0,,7.0,0.875,6901.625,37790399.8875,548.0
10947,1001.0,21.0,1.0,100.0,80.0,,8.0,0.6375,6902.2625,37797302.15,548.0
10948,1001.0,21.0,1.0,100.0,80.0,,9.0,1.1625,6903.425,37804205.575,548.0
10949,1001.0,21.0,1.0,100.0,80.0,,10.0,0.0625,6903.4875,37811109.0625,548.0
10950,1001.0,21.0,1.0,100.0,80.0,,11.0,0.6125,6904.1,37818013.1625,548.0
10951,1001.0,21.0,1.0,100.0,80.0,,12.0,1.2125,6905.3125,37824918.475,548.0
10952,1001.0,21.0,1.0,100.0,80.0,,13.0,0.35,6905.6625,37831824.1375,548.0
10953,1001.0,21.0,1.0,100.0,80.0,,14.0,0.1625,6905.825,37838729.9625,548.0
10954,1001.0,21.0,1.0,100.0,80.0,,15.0,0.9,6906.725,37845636.6875,548.0
10955,1001.0,21.0,1.0,100.0,80.0,,16.0,0.825,6907.55,37852544.2375,548.0
10956,1001.0,21.0,1.0,100.0,80.0,,17.0,1.2125,6908.7625,37859453.0,548.0
10957,1001.0,21.0,1.0,100.0,80.0,,18.0,0.1375,6908.9,37866361.9,548.0
10958,1001.0,21.0,1.0,100.0,80.0,,19.0,0.825,6909.725,37873271.625,548.0
10959,1001.0,21.0,1.0,100.0,80.0,,20.0,0.4,6910.125,37880181.75,548.0
10960,1001.0,21.0,1.0,100.0,80.0,,1.0,0.725,6910.85,37887092.6,549.0
10961,1001.0,21.0,1.0,100.0,80.0,,2.0,0.9375,6911.7875,37894004.3875,549.0
10962,1001.0,21.0,1.0,100.0,80.0,,3.0,0.65,6912.4375,37900916.825,549.0
10963,1001.0,21.0,1.0,100.0,80.0,,4.0,0.9625,6913.4,37907830.225,549.0
10964,1001.0,21.0,1.0,100.0,80.0,,5.0,0.7125,6914.1125,37914744.3375,549.0
10965,1001.0,21.0,1.0,100.0,80.0,,6.0,0.775,6914.8875,37921659.225,549.0
10966,1001.0,21.0,1.0,100.0,80.0,,7.0,0.9875,6915.875,37928575.1,549.0
10967,1001.0,21.0,1.0,100.0,80.0,,8.0,1.1625,6917.0375,37935492.1375,549.0
10968,1001.0,21.0,1.0,100.0,80.0,,9.0,1.0625,6918.1,37942410.2375,549.0
10969,1001.0,21.0,1.0,100.0,80.0,,10.0,0.0625,6918.1625,37949328.4,549.0
10970,1001.0,21.0,1.0,100.0,80.0,,11.0,0.3125,6918.475,37956246.875,549.0
10971,1001.0,21.0,1.0,100.0,80.0,,12.0,0.525,6919.0,37963165.875,549.0
10972,1001.0,21.0,1.0,100.0,80.0,,13.0,1.2,6920.2,37970086.075,549.0
10973,1001.0,21.0,1.0,100.0,80.0,,14.0,0.5125,6920.7125,37977006.7875,549.0
10974,1001.0,21.0,1.0,100.0,80.0,,15.0,1.0875,6921.8,37983928.5875,549.0
10975,1001.0,21.0,1.0,100.0,80.0,,16.0,0.075,6921.875,37990850.4625,549.0
10976,1001.0,21.0,1.0,100.0,80.0,,17.0,0.3375,6922.2125,37997772.675,549.0
10977,1001.0,21.0,1.0,100.0,80.0,,18.0,0.425,6922.6375,38004695.3125,549.0
10978,1001.0,21.0,1.0,100.0,80.0,,19.0,0.425,6923.0625,38011618.375,549.0
10979,1001.0,21.0,1.0,100.0,80.0,,20.0,1.2375,6924.3,38018542.675,549.0
10980,1001.0,21.0,1.0,100.0,80.0,,1.0,0.875,6925.175,38025467.85,550.0
10981,1001.0,21.0,1.0,100.0,80.0,,2.0,0.6,6925.775,38032393.625,550.0
10982,1001.0,21.0,1.0,100.0,80.0,,3.0,1.15,6926.925,38039320.55,550.0
10983,1001.0,21.0,1.0,100.0,80.0,,4.0,0.6625,6927.5875,38046248.1375,550.0
10984,1001.0,21.0,1.0,100.0,80.0,,5.0,1.2,6928.7875,38053176.925,550.0
10985,1001.0,21.0,1.0,100.0,80.0,,6.0,0.6125,6929.4,38060106.325,550.0
10986,1001.0,21.0,1.0,100.0,80.0,,7.0,0.125,6929.525,38067035.85,550.0
10987,1001.0,21.0,1.0,100.0,80.0,,8.0,0.1875,6929.7125,38073965.5625,550.0
10988,1001.0,21.0,1.0,100.0,80.0,,9.0,0.1625,6929.875,38080895.4375,550.0
10989,1001.0,21.0,1.0,100.0,80.0,,10.0,0.7375,6930.6125,38087826.05,550.0
10990,1001.0,21.0,1.0,100.0,80.0,,11.0,0.075,6930.6875,38094756.7375,550.0
10991,1001.0,21.0,1.0,100.0,80.0,,12.0,1.2375,6931.925,38101688.6625,550.0
10992,1001.0,21.0,1.0,100.0,80.0,,13.0,1.0875,6933.0125,38108621.675,550.0
10993,1001.0,21.0,1.0,100.0,80.0,,14.0,0.9875,6934.0,38115555.675,550.0
10994,1001.0,21.0,1.0,100.0,80.0,,15.0,0.2375,6934.2375,38122489.9125,550.0
10995,1001.0,21.0,1.0,100.0,80.0,,16.0,1.075,6935.3125,38129425.225,550.0
10996,1001.0,21.0,1.0,100.0,80.0,,17.0,1.0875,6936.4,38136361.625,550.0
10997,1001.0,21.0,1.0,100.0,80.0,,18.0,0.3625,6936.7625,38143298.3875,550.0
10998,1001.0,21.0,1.0,100.0,80.0,,19.0,1.175,6937.9375,38150236.325,550.0
10999,1001.0,21.0,1.0,100.0,80.0,,20.0,0.3125,6938.25,38157174.575,550.0
11000,1001.0,21.0,1.0,100.0,80.0,,1.0,1.1125,6939.3625,38164113.9375,551.0
11001,1001.0,21.0,1.0,100.0,80.0,,2.0,0.1875,6939.55,38171053.4875,551.0
11002,1001.0,21.0,1.0,100.0,80.0,,3.0,0.0375,6939.5875,38177993.075,551.0
11003,1001.0,21.0,1.0,100.0,80.0,,4.0,0.6125,6940.2,38184933.275,551.0
11004,1001.0,21.0,1.0,100.0,80.0,,5.0,1.2,6941.4,38191874.675,551.0
11005,1001.0,21.0,1.0,100.0,80.0,,6.0,1.1375,6942.5375,38198817.2125,551.0
11006,1001.0,21.0,1.0,100.0,80.0,,7.0,0.3375,6942.875,38205760.0875,551.0
11007,1001.0,21.0,1.0,100.0,80.0,,8.0,0.775,6943.65,38212703.7375,551.0
11008,1001.0,21.0,1.0,100.0,80.0,,9.0,1.2125,6944.8625,38219648.6,551.0
11009,1001.0,21.0,1.0,100.0,80.0,,10.0,0.7625,6945.625,38226594.225,551.0
11010,1001.0,21.0,1.0,100.0,80.0,,11.0,0.15,6945.775,38233540.0,551.0
11011,1001.0,21.0,1.0,100.0,80.0,,12.0,0.1875,6945.9625,38240485.9625,551.0
11012,1001.0,21.0,1.0,100.0,80.0,,13.0,0.25,6946.2125,38247432.175,551.0
11013,1001.0,21.0,1.0,100.0,80.0,,14.0,1.025,6947.2375,38254379.4125,551.0
11014,1001.0,21.0,1.0,100.0,80.0,,15.0,0.65,6947.8875,38261327.3,551.0
11015,1001.0,21.0,1.0,100.0,80.0,,16.0,0.35,6948.2375,38268275.5375,551.0
11016,1001.0,21.0,1.0,100.0,80.0,,17.0,0.525,6948.7625,38275224.3,551.0
11017,1001.0,21.0,1.0,100.0,80.0,,18.0,0.5375,6949.3,38282173.6,551.0
11018,1001.0,21.0,1.0,100.0,80.0,,19.0,0.975,6950.275,38289123.875,551.0
11019,1001.0,21.0,1.0,100.0,80.0,,20.0,1.075,6951.35,38296075.225,551.0
11020,1001.0,21.0,1.0,100.0,80.0,,1.0,1.125,6952.475,38303027.7,552.0
11021,1001.0,21.0,1.0,100.0,80.0,,2.0,0.2375,6952.7125,38309980.4125,552.0
11022,1001.0,21.0,1.0,100.0,80.0,,3.0,0.4375,6953.15,38316933.5625,552.0
11023,1001.0,21.0,1.0,100.0,80.0,,4.0,0.1875,6953.3375,38323886.9,552.0
11024,1001.0,21.0,1.0,100.0,80.0,,5.0,0.175,6953.5125,38330840.4125,552.0
11025,1001.0,21.0,1.0,100.0,80.0,,6.0,0.45,6953.9625,38337794.375,552.0
11026,1001.0,21.0,1.0,100.0,80.0,,7.0,1.1125,6955.075,38344749.45,552.0
11027,1001.0,21.0,1.0,100.0,80.0,,8.0,0.8,6955.875,38351705.325,552.0
11028,1001.0,21.0,1.0,100.0,80.0,,9.0,0.5875,6956.4625,38358661.7875,552.0
11029,1001.0,21.0,1.0,100.0,80.0,,10.0,0.9875,6957.45,38365619.2375,552.0
11030,1001.0,21.0,1.0,100.0,80.0,,11.0,0.0625,6957.5125,38372576.75,552.0
11031,1001.0,21.0,1.0,100.0,80.0,,12.0,0.6375,6958.15,38379534.9,552.0
11032,1001.0,21.0,1.0,100.0,80.0,,13.0,0.4875,6958.6375,38386493.5375,552.0
11033,1001.0,21.0,1.0,100.0,80.0,,14.0,0.5125,6959.15,38393452.6875,552.0
11034,1001.0,21.0,1.0,100.0,80.0,,15.0,0.7625,6959.9125,38400412.6,552.0
11035,1001.0,21.0,1.0,100.0,80.0,,16.0,0.2375,6960.15,38407372.75,552.0
11036,1001.0,21.0,1.0,100.0,80.0,,17.0,0.775,6960.925,38414333.675,552.0
11037,1001.0,21.0,1.0,100.0,80.0,,18.0,0.05,6960.975,38421294.65,552.0
11038,1001.0,21.0,1.0,100.0,80.0,,19.0,0.8,6961.775,38428256.425,552.0
11039,1001.0,21.0,1.0,100.0,80.0,,20.0,0.6875,6962.4625,38435218.8875,552.0
11040,1001.0,21.0,1.0,100.0,80.0,,1.0,0.4625,6962.925,38442181.8125,553.0
11041,1001.0,21.0,1.0,100.0,80.0,,2.0,0.275,6963.2,38449145.0125,553.0
11042,1001.0,21.0,1.0,100.0,80.0,,3.0,0.825,6964.025,38456109.0375,553.0
11043,1001.0,21.0,1.0,100.0,80.0,,4.0,0.15,6964.175,38463073.2125,553.0
11044,1001.0,21.0,1.0,100.0,80.0,,5.0,1.175,6965.35,38470038.5625,553.0
11045,1001.0,21.0,1.0,100.0,80.0,,6.0,1.225,6966.575,38477005.1375,553.0
11046,1001.0,21.0,1.0,100.0,80.0,,7.0,0.75,6967.325,38483972.4625,553.0
11047,1001.0,21.0,1.0,100.0,80.0,,8.0,0.4125,6967.7375,38490940.2,553.0
11048,1001.0,21.0,1.0,100.0,80.0,,9.0,0.775,6968.5125,38497908.7125,553.0
11049,1001.0,21.0,1.0,100.0,80.0,,10.0,0.0125,6968.525,38504877.2375,553.0
11050,1001.0,21.0,1.0,100.0,80.0,,11.0,0.4875,6969.0125,38511846.25,553.0
11051,1001.0,21.0,1.0,100.0,80.0,,12.0,1.1375,6970.15,38518816.4,553.0
11052,1001.0,21.0,1.0,100.0,80.0,,13.0,1.2,6971.35,38525787.75,553.0
11053,1001.0,21.0,1.0,100.0,80.0,,14.0,0.5625,6971.9125,38532759.6625,553.0
11054,1001.0,21.0,1.0,100.0,80.0,,15.0,0.4625,6972.375,38539732.0375,553.0
11055,1001.0,21.0,1.0,100.0,80.0,,16.0,0.4375,6972.8125,38546704.85,553.0
11056,1001.0,21.0,1.0,100.0,80.0,,17.0,0.775,6973.5875,38553678.4375,553.0
11057,1001.0,21.0,1.0,100.0,80.0,,18.0,0.7875,6974.375,38560652.8125,553.0
11058,1001.0,21.0,1.0,100.0,80.0,,19.0,0.45,6974.825,38567627.6375,553.0
11059,1001.0,21.0,1.0,100.0,80.0,,20.0,1.125,6975.95,38574603.5875,553.0
11060,1001.0,21.0,1.0,100.0,80.0,,1.0,0.3125,6976.2625,38581579.85,554.0
11061,1001.0,21.0,1.0,100.0,80.0,,2.0,1.225,6977.4875,38588557.3375,554.0
11062,1001.0,21.0,1.0,100.0,80.0,,3.0,0.8375,6978.325,38595535.6625,554.0
11063,1001.0,21.0,1.0,100.0,80.0,,4.0,1.025,6979.35,38602515.0125,554.0
11064,1001.0,21.0,1.0,100.0,80.0,,5.0,0.5875,6979.9375,38609494.95,554.0
11065,1001.0,21.0,1.0,100.0,80.0,,6.0,0.825,6980.7625,38616475.7125,554.0
11066,1001.0,21.0,1.0,100.0,80.0,,7.0,0.075,6980.8375,38623456.55,554.0
11067,1001.0,21.0,1.0,100.0,80.0,,8.0,0.2125,6981.05,38630437.6,554.0
11068,1001.0,21.0,1.0,100.0,80.0,,9.0,0.375,6981.425,38637419.025,554.0
11069,1001.0,21.0,1.0,100.0,80.0,,10.0,0.8625,6982.2875,38644401.3125,554.0
11070,1001.0,21.0,1.0,100.0,80.0,,11.0,0.0125,6982.3,38651383.6125,554.0
11071,1001.0,21.0,1.0,100.0,80.0,,12.0,0.475,6982.775,38658366.3875,554.0
11072,1001.0,21.0,1.0,100.0,80.0,,13.0,0.1,6982.875,38665349.2625,554.0
11073,1001.0,21.0,1.0,100.0,80.0,,14.0,0.5125,6983.3875,38672332.65,554.0
11074,1001.0,21.0,1.0,100.0,80.0,,15.0,0.6375,6984.025,38679316.675,554.0
11075,1001.0,21.0,1.0,100.0,80.0,,16.0,0.025,6984.05,38686300.725,554.0
11076,1001.0,21.0,1.0,100.0,80.0,,17.0,0.5875,6984.6375,38693285.3625,554.0
11077,1001.0,21.0,1.0,100.0,80.0,,18.0,0.1625,6984.8,38700270.1625,554.0
11078,1001.0,21.0,1.0,100.0,80.0,,19.0,0.4875,6985.2875,38707255.45,554.0
11079,1001.0,21.0,1.0,100.0,80.0,,20.0,0.9625,6986.25,38714241.7,554.0
11080,1001.0,21.0,1.0,100.0,80.0,,1.0,0.3125,6986.5625,38721228.2625,555.0
11081,1001.0,21.0,1.0,100.0,80.0,,2.0,0.6125,6987.175,38728215.4375,555.0
11082,1001.0,21.0,1.0,100.0,80.0,,3.0,0.375,6987.55,38735202.9875,555.0
11083,1001.0,21.0,1.0,100.0,80.0,,4.0,0.975,6988.525,38742191.5125,555.0
11084,1001.0,21.0,1.0,100.0,80.0,,5.0,0.55,6989.075,38749180.5875,555.0
11085,1001.0,21.0,1.0,100.0,80.0,,6.0,0.475,6989.55,38756170.1375,555.0
11086,1001.0,21.0,1.0,100.0,80.0,,7.0,0.85,6990.4,38763160.5375,555.0
11087,1001.0,21.0,1.0,100.0,80.0,,8.0,0.75,6991.15,38770151.6875,555.0
11088,1001.0,21.0,1.0,100.0,80.0,,9.0,0.4625,6991.6125,38777143.3,555.0
11089,1001.0,21.0,1.0,100.0,80.0,,10.0,0.8625,6992.475,38784135.775,555.0
11090,1001.0,21.0,1.0,100.0,80.0,,11.0,0.75,6993.225,38791129.0,555.0
11091,1001.0,21.0,1.0,100.0,80.0,,12.0,0.2625,6993.4875,38798122.4875,555.0
11092,1001.0,21.0,1.0,100.0,80.0,,13.0,0.575,6994.0625,38805116.55,555.0
11093,1001.0,21.0,1.0,100.0,80.0,,14.0,0.2125,6994.275,38812110.825,555.0
11094,1001.0,21.0,1.0,100.0,80.0,,15.0,0.4375,6994.7125,38819105.5375,555.0
11095,1001.0,21.0,1.0,100.0,80.0,,16.0,0.0625,6994.775,38826100.3125,555.0
11096,1001.0,21.0,1.0,100.0,80.0,,17.0,0.5125,6995.2875,38833095.6,555.0
11097,1001.0,21.0,1.0,100.0,80.0,,18.0,0.6375,6995.925,38840091.525,555.0
11098,1001.0,21.0,1.0,100.0,80.0,,19.0,1.1125,6997.0375,38847088.5625,555.0
11099,1001.0,21.0,1.0,100.0,80.0,,20.0,0.625,6997.6625,38854086.225,555.0
11100,1001.0,21.0,1.0,100.0,80.0,,1.0,0.4875,6998.15,38861084.375,556.0
11101,1001.0,21.0,1.0,100.0,80.0,,2.0,1.05,6999.2,38868083.575,556.0
11102,1001.0,21.0,1.0,100.0,80.0,,3.0,0.8375,7000.0375,38875083.6125,556.0
11103,1001.0,21.0,1.0,100.0,80.0,,4.0,0.0375,7000.075,38882083.6875,556.0
11104,1001.0,21.0,1.0,100.0,80.0,,5.0,0.5125,7000.5875,38889084.275,556.0
11105,1001.0,21.0,1.0,100.0,80.0,,6.0,0.5375,7001.125,38896085.4,556.0
11106,1001.0,21.0,1.0,100.0,80.0,,7.0,0.1125,7001.2375,38903086.6375,556.0
11107,1001.0,21.0,1.0,100.0,80.0,,8.0,0.6375,7001.875,38910088.5125,556.0
11108,1001.0,21.0,1.0,100.0,80.0,,9.0,0.6875,7002.5625,38917091.075,556.0
11109,1001.0,21.0,1.0,100.0,80.0,,10.0,0.2625,7002.825,38924093.9,556.0
11110,1001.0,21.0,1.0,100.0,80.0,,11.0,0.2875,7003.1125,38931097.0125,556.0
11111,1001.0,21.0,1.0,100.0,80.0,,12.0,0.7,7003.8125,38938100.825,556.0
11112,1001.0,21.0,1.0,100.0,80.0,,13.0,0.7,7004.5125,38945105.3375,556.0
11113,1001.0,21.0,1.0,100.0,80.0,,14.0,0.9125,7005.425,38952110.7625,556.0
11114,1001.0,21.0,1.0,100.0,80.0,,15.0,1.175,7006.6,38959117.3625,556.0
11115,1001.0,21.0,1.0,100.0,80.0,,16.0,0.0625,7006.6625,38966124.025,556.0
11116,1001.0,21.0,1.0,100.0,80.0,,17.0,0.4875,7007.15,38973131.175,556.0
11117,1001.0,21.0,1.0,100.0,80.0,,18.0,0.3125,7007.4625,38980138.6375,556.0
11118,1001.0,21.0,1.0,100.0,80.0,,19.0,0.8,7008.2625,38987146.9,556.0
11119,1001.0,21.0,1.0,100.0,80.0,,20.0,0.8125,7009.075,38994155.975,556.0
11120,1001.0,21.0,1.0,100.0,80.0,,1.0,0.55,7009.625,39001165.6,557.0
11121,1001.0,21.0,1.0,100.0,80.0,,2.0,0.375,7010.0,39008175.6,557.0
11122,1001.0,21.0,1.0,100.0,80.0,,3.0,0.5,7010.5,39015186.1,557.0
11123,1001.0,21.0,1.0,100.0,80.0,,4.0,0.1375,7010.6375,39022196.7375,557.0
11124,1001.0,21.0,1.0,100.0,80.0,,5.0,1.1625,7011.8,39029208.5375,557.0
11125,1001.0,21.0,1.0,100.0,80.0,,6.0,0.15,7011.95,39036220.4875,557.0
11126,1001.0,21.0,1.0,100.0,80.0,,7.0,0.55,7012.5,39043232.9875,557.0
11127,1001.0,21.0,1.0,100.0,80.0,,8.0,0.425,7012.925,39050245.9125,557.0
11128,1001.0,21.0,1.0,100.0,80.0,,9.0,0.4875,7013.4125,39057259.325,557.0
11129,1001.0,21.0,1.0,100.0,80.0,,10.0,0.5125,7013.925,39064273.25,557.0
11130,1001.0,21.0,1.0,100.0,80.0,,11.0,0.9125,7014.8375,39071288.0875,557.0
11131,1001.0,21.0,1.0,100.0,80.0,,12.0,1.2125,7016.05,39078304.1375,557.0
11132,1001.0,21.0,1.0,100.0,80.0,,13.0,0.025,7016.075,39085320.2125,557.0
11133,1001.0,21.0,1.0,100.0,80.0,,14.0,0.8,7016.875,39092337.0875,557.0
11134,1001.0,21.0,1.0,100.0,80.0,,15.0,0.725,7017.6,39099354.6875,557.0
11135,1001.0,21.0,1.0,100.0,80.0,,16.0,0.325,7017.925,39106372.6125,557.0
11136,1001.0,21.0,1.0,100.0,80.0,,17.0,1.0875,7019.0125,39113391.625,557.0
11137,1001.0,21.0,1.0,100.0,80.0,,18.0,0.1875,7019.2,39120410.825,557.0
11138,1001.0,21.0,1.0,100.0,80.0,,19.0,1.1,7020.3,39127431.125,557.0
11139,1001.0,21.0,1.0,100.0,80.0,,20.0,0.4625,7020.7625,39134451.8875,557.0
11140,1001.0,21.0,1.0,100.0,80.0,,1.0,0.25,7021.0125,39141472.9,558.0
11141,1001.0,21.0,1.0,100.0,80.0,,2.0,1.125,7022.1375,39148495.0375,558.0
11142,1001.0,21.0,1.0,100.0,80.0,,3.0,0.4375,7022.575,39155517.6125,558.0
11143,1001.0,21.0,1.0,100.0,80.0,,4.0,0.9625,7023.5375,39162541.15,558.0
11144,1001.0,21.0,1.0,100.0,80.0,,5.0,0.95,7024.4875,39169565.6375,558.0
11145,1001.0,21.0,1.0,100.0,80.0,,6.0,1.125,7025.6125,39176591.25,558.0
11146,1001.0,21.0,1.0,100.0,80.0,,7.0,0.7875,7026.4,39183617.65,558.0
11147,1001.0,21.0,1.0,100.0,80.0,,8.0,0.675,7027.075,39190644.725,558.0
11148,1001.0,21.0,1.0,100.0,80.0,,9.0,1.0375,7028.1125,39197672.8375,558.0
11149,1001.0,21.0,1.0,100.0,80.0,,10.0,0.675,7028.7875,39204701.625,558.0
11150,1001.0,21.0,1.0,100.0,80.0,,11.0,0.125,7028.9125,39211730.5375,558.0
11151,1001.0,21.0,1.0,100.0,80.0,,12.0,0.1375,7029.05,39218759.5875,558.0
11152,1001.0,21.0,1.0,100.0,80.0,,13.0,0.875,7029.925,39225789.5125,558.0
11153,1001.0,21.0,1.0,100.0,80.0,,14.0,1.125,7031.05,39232820.5625,558.0
11154,1001.0,21.0,1.0,100.0,80.0,,15.0,0.3875,7031.4375,39239852.0,558.0
11155,1001.0,21.0,1.0,100.0,80.0,,16.0,0.8375,7032.275,39246884.275,558.0
11156,1001.0,21.0,1.0,100.0,80.0,,17.0,0.3625,7032.6375,39253916.9125,558.0
11157,1001.0,21.0,1.0,100.0,80.0,,18.0,1.1,7033.7375,39260950.65,558.0
11158,1001.0,21.0,1.0,100.0,80.0,,19.0,0.9125,7034.65,39267985.3,558.0
11159,1001.0,21.0,1.0,100.0,80.0,,20.0,0.1375,7034.7875,39275020.0875,558.0
11160,1001.0,21.0,1.0,100.0,80.0,,1.0,0.7125,7035.5,39282055.5875,559.0
11161,1001.0,21.0,1.0,100.0,80.0,,2.0,0.675,7036.175,39289091.7625,559.0
11162,1001.0,21.0,1.0,100.0,80.0,,3.0,1.2125,7037.3875,39296129.15,559.0
11163,1001.0,21.0,1.0,100.0,80.0,,4.0,0.6875,7038.075,39303167.225,559.0
11164,1001.0,21.0,1.0,100.0,80.0,,5.0,1.0875,7039.1625,39310206.3875,559.0
11165,1001.0,21.0,1.0,100.0,80.0,,6.0,1.225,7040.3875,39317246.775,559.0
11166,1001.0,21.0,1.0,100.0,80.0,,7.0,1.2125,7041.6,39324288.375,559.0
11167,1001.0,21.0,1.0,100.0,80.0,,8.0,0.5875,7042.1875,39331330.5625,559.0
11168,1001.0,21.0,1.0,100.0,80.0,,9.0,0.2875,7042.475,39338373.0375,559.0
11169,1001.0,21.0,1.0,100.0,80.0,,10.0,0.1875,7042.6625,39345415.7,559.0
11170,1001.0,21.0,1.0,100.0,80.0,,11.0,0.3625,7043.025,39352458.725,559.0
11171,1001.0,21.0,1.0,100.0,80.0,,12.0,0.7625,7043.7875,39359502.5125,559.0
11172,1001.0,21.0,1.0,100.0,80.0,,13.0,0.4625,7044.25,39366546.7625,559.0
11173,1001.0,21.0,1.0,100.0,80.0,,14.0,0.7625,7045.0125,39373591.775,559.0
11174,1001.0,21.0,1.0,100.0,80.0,,15.0,0.05,7045.0625,39380636.8375,559.0
11175,1001.0,21.0,1.0,100.0,80.0,,16.0,1.1,7046.1625,39387683.0,559.0
11176,1001.0,21.0,1.0,100.0,80.0,,17.0,0.825,7046.9875,39394729.9875,559.0
11177,1001.0,21.0,1.0,100.0,80.0,,18.0,0.95,7047.9375,39401777.925,559.0
11178,1001.0,21.0,1.0,100.0,80.0,,19.0,0.3875,7048.325,39408826.25,559.0
11179,1001.0,21.0,1.0,100.0,80.0,,20.0,0.2375,7048.5625,39415874.8125,559.0
11180,1001.0,21.0,1.0,100.0,80.0,,1.0,0.3625,7048.925,39422923.7375,560.0
11181,1001.0,21.0,1.0,100.0,80.0,,2.0,1.0,7049.925,39429973.6625,560.0
11182,1001.0,21.0,1.0,100.0,80.0,,3.0,0.2875,7050.2125,39437023.875,560.0
11183,1001.0,21.0,1.0,100.0,80.0,,4.0,0.8,7051.0125,39444074.8875,560.0
11184,1001.0,21.0,1.0,100.0,80.0,,5.0,0.525,7051.5375,39451126.425,560.0
11185,1001.0,21.0,1.0,100.0,80.0,,6.0,0.425,7051.9625,39458178.3875,560.0
11186,1001.0,21.0,1.0,100.0,80.0,,7.0,1.2,7053.1625,39465231.55,560.0
11187,1001.0,21.0,1.0,100.0,80.0,,8.0,0.0875,7053.25,39472284.8,560.0
11188,1001.0,21.0,1.0,100.0,80.0,,9.0,0.6125,7053.8625,39479338.6625,560.0
11189,1001.0,21.0,1.0,100.0,80.0,,10.0,1.175,7055.0375,39486393.7,560.0
11190,1001.0,21.0,1.0,100.0,80.0,,11.0,0.925,7055.9625,39493449.6625,560.0
11191,1001.0,21.0,1.0,100.0,80.0,,12.0,0.5,7056.4625,39500506.125,560.0
11192,1001.0,21.0,1.0,100.0,80.0,,13.0,1.0375,7057.5,39507563.625,560.0
11193,1001.0,21.0,1.0,100.0,80.0,,14.0,0.9625,7058.4625,39514622.0875,560.0
11194,1001.0,21.0,1.0,100.0,80.0,,15.0,0.3375,7058.8,39521680.8875,560.0
11195,1001.0,21.0,1.0,100.0,80.0,,16.0,0.625,7059.425,39528740.3125,560.0
11196,1001.0,21.0,1.0,100.0,80.0,,17.0,0.0875,7059.5125,39535799.825,560.0
11197,1001.0,21.0,1.0,100.0,80.0,,18.0,0.2,7059.7125,39542859.5375,560.0
11198,1001.0,21.0,1.0,100.0,80.0,,19.0,0.175,7059.8875,39549919.425,560.0
11199,1001.0,21.0,1.0,100.0,80.0,,20.0,0.45,7060.3375,39556979.7625,560.0
11200,1001.0,21.0,1.0,100.0,80.0,,1.0,1.1375,7061.475,39564041.2375,561.0
11201,1001.0,21.0,1.0,100.0,80.0,,2.0,0.325,7061.8,39571103.0375,561.0
11202,1001.0,21.0,1.0,100.0,80.0,,3.0,0.4375,7062.2375,39578165.275,561.0
11203,1001.0,21.0,1.0,100.0,80.0,,4.0,0.85,7063.0875,39585228.3625,561.0
11204,1001.0,21.0,1.0,100.0,80.0,,5.0,0.125,7063.2125,39592291.575,561.0
11205,1001.0,21.0,1.0,100.0,80.0,,6.0,0.5,7063.7125,39599355.2875,561.0
11206,1001.0,21.0,1.0,100.0,80.0,,7.0,0.1375,7063.85,39606419.1375,561.0
11207,1001.0,21.0,1.0,100.0,80.0,,8.0,0.0875,7063.9375,39613483.075,561.0
11208,1001.0,21.0,1.0,100.0,80.0,,9.0,0.55,7064.4875,39620547.5625,561.0
11209,1001.0,21.0,1.0,100.0,80.0,,10.0,1.225,7065.7125,39627613.275,561.0
11210,1001.0,21.0,1.0,100.0,80.0,,11.0,0.9,7066.6125,39634679.8875,561.0
11211,1001.0,21.0,1.0,100.0,80.0,,12.0,0.1875,7066.8,39641746.6875,561.0
11212,1001.0,21.0,1.0,100.0,80.0,,13.0,0.6,7067.4,39648814.0875,561.0
11213,1001.0,21.0,1.0,100.0,80.0,,14.0,0.9625,7068.3625,39655882.45,561.0
11214,1001.0,21.0,1.0,100.0,80.0,,15.0,0.3875,7068.75,39662951.2,561.0
11215,1001.0,21.0,1.0,100.0,80.0,,16.0,0.6125,7069.3625,39670020.5625,561.0
11216,1001.0,21.0,1.0,100.0,80.0,,17.0,0.7625,7070.125,39677090.6875,561.0
11217,1001.0,21.0,1.0,100.0,80.0,,18.0,0.65,7070.775,39684161.4625,561.0
11218,1001.0,21.0,1.0,100.0,80.0,,19.0,0.1625,7070.9375,39691232.4,561.0
11219,1001.0,21.0,1.0,100.0,80.0,,20.0,0.475,7071.4125,39698303.8125,561.0
11220,1001.0,21.0,1.0,100.0,80.0,,1.0,0.675,7072.0875,39705375.9,562.0
11221,1001.0,21.0,1.0,100.0,80.0,,2.0,1.075,7073.1625,39712449.0625,562.0
11222,1001.0,21.0,1.0,100.0,80.0,,3.0,0.8375,7074.0,39719523.0625,562.0
11223,1001.0,21.0,1.0,100.0,80.0,,4.0,0.0375,7074.0375,39726597.1,562.0
11224,1001.0,21.0,1.0,100.0,80.0,,5.0,1.05,7075.0875,39733672.1875,562.0
11225,1001.0,21.0,1.0,100.0,80.0,,6.0,1.1,7076.1875,39740748.375,562.0
11226,1001.0,21.0,1.0,100.0,80.0,,7.0,0.5375,7076.725,39747825.1,562.0
11227,1001.0,21.0,1.0,100.0,80.0,,8.0,0.3625,7077.0875,39754902.1875,562.0
11228,1001.0,21.0,1.0,100.0,80.0,,9.0,0.8875,7077.975,39761980.1625,562.0
11229,1001.0,21.0,1.0,100.0,80.0,,10.0,0.7375,7078.7125,39769058.875,562.0
11230,1001.0,21.0,1.0,100.0,80.0,,11.0,0.05,7078.7625,39776137.6375,562.0
11231,1001.0,21.0,1.0,100.0,80.0,,12.0,0.4375,7079.2,39783216.8375,562.0
11232,1001.0,21.0,1.0,100.0,80.0,,13.0,0.7875,7079.9875,39790296.825,562.0
11233,1001.0,21.0,1.0,100.0,80.0,,14.0,0.0375,7080.025,39797376.85,562.0
11234,1001.0,21.0,1.0,100.0,80.0,,15.0,0.35,7080.375,39804457.225,562.0
11235,1001.0,21.0,1.0,100.0,80.0,,16.0,0.3875,7080.7625,39811537.9875,562.0
11236,1001.0,21.0,1.0,100.0,80.0,,17.0,1.175,7081.9375,39818619.925,562.0
11237,1001.0,21.0,1.0,100.0,80.0,,18.0,0.3125,7082.25,39825702.175,562.0
11238,1001.0,21.0,1.0,100.0,80.0,,19.0,0.075,7082.325,39832784.5,562.0
11239,1001.0,21.0,1.0,100.0,80.0,,20.0,0.4375,7082.7625,39839867.2625,562.0
11240,1001.0,21.0,1.0,100.0,80.0,,1.0,1.1625,7083.925,39846951.1875,563.0
11241,1001.0,21.0,1.0,100.0,80.0,,2.0,0.375,7084.3,39854035.4875,563.0
11242,1001.0,21.0,1.0,100.0,80.0,,3.0,0.6875,7084.9875,39861120.475,563.0
11243,1001.0,21.0,1.0,100.0,80.0,,4.0,0.5125,7085.5,39868205.975,563.0
11244,1001.0,21.0,1.0,100.0,80.0,,5.0,0.2625,7085.7625,39875291.7375,563.0
11245,1001.0,21.0,1.0,100.0,80.0,,6.0,0.0875,7085.85,39882377.5875,563.0
11246,1001.0,21.0,1.0,100.0,80.0,,7.0,1.2125,7087.0625,39889464.65,563.0
11247,1001.0,21.0,1.0,100.0,80.0,,8.0,1.075,7088.1375,39896552.7875,563.0
11248,1001.0,21.0,1.0,100.0,80.0,,9.0,1.1875,7089.325,39903642.1125,563.0
11249,1001.0,21.0,1.0,100.0,80.0,,10.0,0.625,7089.95,39910732.0625,563.0
11250,1001.0,21.0,1.0,100.0,80.0,,11.0,0.3375,7090.2875,39917822.35,563.0
11251,1001.0,21.0,1.0,100.0,80.0,,12.0,0.1375,7090.425,39924912.775,563.0
11252,1001.0,21.0,1.0,100.0,80.0,,13.0,0.3375,7090.7625,39932003.5375,563.0
11253,1001.0,21.0,1.0,100.0,80.0,,14.0,0.2875,7091.05,39939094.5875,563.0
11254,1001.0,21.0,1.0,100.0,80.0,,15.0,0.2875,7091.3375,39946185.925,563.0
11255,1001.0,21.0,1.0,100.0,80.0,,16.0,0.4875,7091.825,39953277.75,563.0
11256,1001.0,21.0,1.0,100.0,80.0,,17.0,0.425,7092.25,39960370.0,563.0
11257,1001.0,21.0,1.0,100.0,80.0,,18.0,0.9,7093.15,39967463.15,563.0
11258,1001.0,21.0,1.0,100.0,80.0,,19.0,0.75,7093.9,39974557.05,563.0
11259,1001.0,21.0,1.0,100.0,80.0,,20.0,1.175,7095.075,39981652.125,563.0
11260,1001.0,21.0,1.0,100.0,80.0,,1.0,0.1125,7095.1875,39988747.3125,564.0
11261,1001.0,21.0,1.0,100.0,80.0,,2.0,0.9625,7096.15,39995843.4625,564.0
11262,1001.0,21.0,1.0,100.0,80.0,,3.0,0.3125,7096.4625,40002939.925,564.0
11263,1001.0,21.0,1.0,100.0,80.0,,4.0,0.6875,7097.15,40010037.075,564.0
11264,1001.0,21.0,1.0,100.0,80.0,,5.0,0.425,7097.575,40017134.65,564.0
11265,1001.0,21.0,1.0,100.0,80.0,,6.0,0.5375,7098.1125,40024232.7625,564.0
11266,1001.0,21.0,1.0,100.0,80.0,,7.0,0.55,7098.6625,40031331.425,564.0
11267,1001.0,21.0,1.0,100.0,80.0,,8.0,0.575,7099.2375,40038430.6625,564.0
11268,1001.0,21.0,1.0,100.0,80.0,,9.0,1.1375,7100.375,40045531.0375,564.0
11269,1001.0,21.0,1.0,100.0,80.0,,10.0,0.25,7100.625,40052631.6625,564.0
11270,1001.0,21.0,1.0,100.0,80.0,,11.0,0.5875,7101.2125,40059732.875,564.0
11271,1001.0,21.0,1.0,100.0,80.0,,12.0,0.3875,7101.6,40066834.475,564.0
11272,1001.0,21.0,1.0,100.0,80.0,,13.0,0.0375,7101.6375,40073936.1125,564.0
11273,1001.0,21.0,1.0,100.0,80.0,,14.0,0.7125,7102.35,40081038.4625,564.0
11274,1001.0,21.0,1.0,100.0,80.0,,15.0,1.125,7103.475,40088141.9375,564.0
11275,1001.0,21.0,1.0,100.0,80.0,,16.0,1.0375,7104.5125,40095246.45,564.0
11276,1001.0,21.0,1.0,100.0,80.0,,17.0,0.7125,7105.225,40102351.675,564.0
11277,1001.0,21.0,1.0,100.0,80.0,,18.0,0.2875,7105.5125,40109457.1875,564.0
11278,1001.0,21.0,1.0,100.0,80.0,,19.0,0.075,7105.5875,40116562.775,564.0
11279,1001.0,21.0,1.0,100.0,80.0,,20.0,0.75,7106.3375,40123669.1125,564.0
11280,1001.0,21.0,1.0,100.0,80.0,,1.0,0.675,7107.0125,40130776.125,565.0
11281,1001.0,21.0,1.0,100.0,80.0,,2.0,1.15,7108.1625,40137884.2875,565.0
11282,1001.0,21.0,1.0,100.0,80.0,,3.0,0.425,7108.5875,40144992.875,565.0
11283,1001.0,21.0,1.0,100.0,80.0,,4.0,0.3125,7108.9,40152101.775,565.0
11284,1001.0,21.0,1.0,100.0,80.0,,5.0,0.4,7109.3,40159211.075,565.0
11285,1001.0,21.0,1.0,100.0,80.0,,6.0,1.1875,7110.4875,40166321.5625,565.0
11286,1001.0,21.0,1.0,100.0,80.0,,7.0,1.1875,7111.675,40173433.2375,565.0
11287,1001.0,21.0,1.0,100.0,80.0,,8.0,0.275,7111.95,40180545.1875,565.0
11288,1001.0,21.0,1.0,100.0,80.0,,9.0,0.6875,7112.6375,40187657.825,565.0
11289,1001.0,21.0,1.0,100.0,80.0,,10.0,0.45,7113.0875,40194770.9125,565.0
11290,1001.0,21.0,1.0,100.0,80.0,,11.0,0.225,7113.3125,40201884.225,565.0
11291,1001.0,21.0,1.0,100.0,80.0,,12.0,0.2625,7113.575,40208997.8,565.0
11292,1001.0,21.0,1.0,100.0,80.0,,13.0,0.125,7113.7,40216111.5,565.0
11293,1001.0,21.0,1.0,100.0,80.0,,14.0,0.375,7114.075,40223225.575,565.0
11294,1001.0,21.0,1.0,100.0,80.0,,15.0,0.3375,7114.4125,40230339.9875,565.0
11295,1001.0,21.0,1.0,100.0,80.0,,16.0,0.875,7115.2875,40237455.275,565.0
11296,1001.0,21.0,1.0,100.0,80.0,,17.0,0.0125,7115.3,40244570.575,565.0
11297,1001.0,21.0,1.0,100.0,80.0,,18.0,0.5875,7115.8875,40251686.4625,565.0
11298,1001.0,21.0,1.0,100.0,80.0,,19.0,1.2125,7117.1,40258803.5625,565.0
11299,1001.0,21.0,1.0,100.0,80.0,,20.0,0.5375,7117.6375,40265921.2,565.0
11300,1001.0,21.0,1.0,100.0,80.0,,1.0,0.65,7118.2875,40273039.4875,566.0
11301,1001.0,21.0,1.0,100.0,80.0,,2.0,0.4375,7118.725,40280158.2125,566.0
11302,1001.0,21.0,1.0,100.0,80.0,,3.0,1.0125,7119.7375,40287277.95,566.0
11303,1001.0,21.0,1.0,100.0,80.0,,4.0,0.0875,7119.825,40294397.775,566.0
11304,1001.0,21.0,1.0,100.0,80.0,,5.0,0.95,7120.775,40301518.55,566.0
11305,1001.0,21.0,1.0,100.0,80.0,,6.0,0.5125,7121.2875,40308639.8375,566.0
11306,1001.0,21.0,1.0,100.0,80.0,,7.0,0.675,7121.9625,40315761.8,566.0
11307,1001.0,21.0,1.0,100.0,80.0,,8.0,1.1,7123.0625,40322884.8625,566.0
11308,1001.0,21.0,1.0,100.0,80.0,,9.0,0.875,7123.9375,40330008.8,566.0
11309,1001.0,21.0,1.0,100.0,80.0,,10.0,0.425,7124.3625,40337133.1625,566.0
11310,1001.0,21.0,1.0,100.0,80.0,,11.0,0.1875,7124.55,40344257.7125,566.0
11311,1001.0,21.0,1.0,100.0,80.0,,12.0,1.225,7125.775,40351383.4875,566.0
11312,1001.0,21.0,1.0,100.0,80.0,,13.0,0.65,7126.425,40358509.9125,566.0
11313,1001.0,21.0,1.0,100.0,80.0,,14.0,0.325,7126.75,40365636.6625,566.0
11314,1001.0,21.0,1.0,100.0,80.0,,15.0,0.625,7127.375,40372764.0375,566.0
11315,1001.0,21.0,1.0,100.0,80.0,,16.0,0.2875,7127.6625,40379891.7,566.0
11316,1001.0,21.0,1.0,100.0,80.0,,17.0,0.0375,7127.7,40387019.4,566.0
11317,1001.0,21.0,1.0,100.0,80.0,,18.0,0.75,7128.45,40394147.85,566.0
11318,1001.0,21.0,1.0,100.0,80.0,,19.0,0.9,7129.35,40401277.2,566.0
11319,1001.0,21.0,1.0,100.0,80.0,,20.0,0.1625,7129.5125,40408406.7125,566.0
11320,1001.0,21.0,1.0,100.0,80.0,,1.0,0.05,7129.5625,40415536.275,567.0
11321,1001.0,21.0,1.0,100.0,80.0,,2.0,0.775,7130.3375,40422666.6125,567.0
11322,1001.0,21.0,1.0,100.0,80.0,,3.0,0.225,7130.5625,40429797.175,567.0
11323,1001.0,21.0,1.0,100.0,80.0,,4.0,0.2375,7130.8,40436927.975,567.0
11324,1001.0,21.0,1.0,100.0,80.0,,5.0,0.0625,7130.8625,40444058.8375,567.0
11325,1001.0,21.0,1.0,100.0,80.0,,6.0,0.6875,7131.55,40451190.3875,567.0
11326,1001.0,21.0,1.0,100.0,80.0,,7.0,0.225,7131.775,40458322.1625,567.0
11327,1001.0,21.0,1.0,100.0,80.0,,8.0,0.6625,7132.4375,40465454.6,567.0
11328,1001.0,21.0,1.0,100.0,80.0,,9.0,0.975,7133.4125,40472588.0125,567.0
11329,1001.0,21.0,1.0,100.0,80.0,,10.0,0.7375,7134.15,40479722.1625,567.0
11330,1001.0,21.0,1.0,100.0,80.0,,11.0,0.6125,7134.7625,40486856.925,567.0
11331,1001.0,21.0,1.0,100.0,80.0,,12.0,0.85,7135.6125,40493992.5375,567.0
11332,1001.0,21.0,1.0,100.0,80.0,,13.0,1.175,7136.7875,40501129.325,567.0
11333,1001.0,21.0,1.0,100.0,80.0,,14.0,0.05,7136.8375,40508266.1625,567.0
11334,1001.0,21.0,1.0,100.0,80.0,,15.0,0.0125,7136.85,40515403.0125,567.0
11335,1001.0,21.0,1.0,100.0,80.0,,16.0,0.1875,7137.0375,40522540.05,567.0
11336,1001.0,21.0,1.0,100.0,80.0,,17.0,0.4125,7137.45,40529677.5,567.0
11337,1001.0,21.0,1.0,100.0,80.0,,18.0,0.1625,7137.6125,40536815.1125,567.0
11338,1001.0,21.0,1.0,100.0,80.0,,19.0,0.175,7137.7875,40543952.9,567.0
11339,1001.0,21.0,1.0,100.0,80.0,,20.0,1.05,7138.8375,40551091.7375,567.0
11340,1001.0,21.0,1.0,100.0,80.0,,1.0,0.45,7139.2875,40558231.025,568.0
11341,1001.0,21.0,1.0,100.0,80.0,,2.0,1.0125,7140.3,40565371.325,568.0
11342,1001.0,21.0,1.0,100.0,80.0,,3.0,0.225,7140.525,40572511.85,568.0
11343,1001.0,21.0,1.0,100.0,80.0,,4.0,0.125,7140.65,40579652.5,568.0
11344,1001.0,21.0,1.0,100.0,80.0,,5.0,0.6875,7141.3375,40586793.8375,568.0
11345,1001.0,21.0,1.0,100.0,80.0,,6.0,1.1875,7142.525,40593936.3625,568.0
11346,1001.0,21.0,1.0,100.0,80.0,,7.0,0.7625,7143.2875,40601079.65,568.0
11347,1001.0,21.0,1.0,100.0,80.0,,8.0,0.9875,7144.275,40608223.925,568.0
11348,1001.0,21.0,1.0,100.0,80.0,,9.0,0.025,7144.3,40615368.225,568.0
11349,1001.0,21.0,1.0,100.0,80.0,,10.0,0.55,7144.85,40622513.075,568.0
11350,1001.0,21.0,1.0,100.0,80.0,,11.0,0.225,7145.075,40629658.15,568.0
11351,1001.0,21.0,1.0,100.0,80.0,,12.0,1.1375,7146.2125,40636804.3625,568.0
11352,1001.0,21.0,1.0,100.0,80.0,,13.0,0.5,7146.7125,40643951.075,568.0
11353,1001.0,21.0,1.0,100.0,80.0,,14.0,1.075,7147.7875,40651098.8625,568.0
11354,1001.0,21.0,1.0,100.0,80.0,,15.0,0.4125,7148.2,40658247.0625,568.0
11355,1001.0,21.0,1.0,100.0,80.0,,16.0,0.825,7149.025,40665396.0875,568.0
11356,1001.0,21.0,1.0,100.0,80.0,,17.0,0.3625,7149.3875,40672545.475,568.0
11357,1001.0,21.0,1.0,100.0,80.0,,18.0,0.2625,7149.65,40679695.125,568.0
11358,1001.0,21.0,1.0,100.0,80.0,,19.0,0.725,7150.375,40686845.5,568.0
11359,1001.0,21.0,1.0,100.0,80.0,,20.0,1.0875,7151.4625,40693996.9625,568.0
11360,1001.0,21.0,1.0,100.0,80.0,,1.0,1.075,7152.5375,40701149.5,569.0
11361,1001.0,21.0,1.0,100.0,80.0,,2.0,1.225,7153.7625,40708303.2625,569.0
11362,1001.0,21.0,1.0,100.0,80.0,,3.0,1.1875,7154.95,40715458.2125,569.0
11363,1001.0,21.0,1.0,100.0,80.0,,4.0,0.25,7155.2,40722613.4125,569.0
11364,1001.0,21.0,1.0,100.0,80.0,,5.0,1.0875,7156.2875,40729769.7,569.0
11365,1001.0,21.0,1.0,100.0,80.0,,6.0,0.5,7156.7875,40736926.4875,569.0
11366,1001.0,21.0,1.0,100.0,80.0,,7.0,1.05,7157.8375,40744084.325,569.0
11367,1001.0,21.0,1.0,100.0,80.0,,8.0,0.1875,7158.025,40751242.35,569.0
11368,1001.0,21.0,1.0,100.0,80.0,,9.0,0.05,7158.075,40758400.425,569.0
11369,1001.0,21.0,1.0,100.0,80.0,,10.0,0.675,7158.75,40765559.175,569.0
11370,1001.0,21.0,1.0,100.0,80.0,,11.0,1.125,7159.875,40772719.05,569.0
11371,1001.0,21.0,1.0,100.0,80.0,,12.0,0.575,7160.45,40779879.5,569.0
11372,1001.0,21.0,1.0,100.0,80.0,,13.0,1.125,7161.575,40787041.075,569.0
11373,1001.0,21.0,1.0,100.0,80.0,,14.0,0.5625,7162.1375,40794203.2125,569.0
11374,1001.0,21.0,1.0,100.0,80.0,,15.0,0.575,7162.7125,40801365.925,569.0
11375,1001.0,21.0,1.0,100.0,80.0,,16.0,0.775,7163.4875,40808529.4125,569.0
11376,1001.0,21.0,1.0,100.0,80.0,,17.0,0.3,7163.7875,40815693.2,569.0
11377,1001.0,21.0,1.0,100.0,80.0,,18.0,0.9,7164.6875,40822857.8875,569.0
11378,1001.0,21.0,1.0,100.0,80.0,,19.0,0.35,7165.0375,40830022.925,569.0
11379,1001.0,21.0,1.0,100.0,80.0,,20.0,0.8375,7165.875,40837188.8,569.0
11380,1001.0,21.0,1.0,100.0,80.0,,1.0,0.7625,7166.6375,40844355.4375,570.0
11381,1001.0,21.0,1.0,100.0,80.0,,2.0,0.425,7167.0625,40851522.5,570.0
11382,1001.0,21.0,1.0,100.0,80.0,,3.0,0.375,7167.4375,40858689.9375,570.0
11383,1001.0,21.0,1.0,100.0,80.0,,4.0,1.0125,7168.45,40865858.3875,570.0
11384,1001.0,21.0,1.0,100.0,80.0,,5.0,0.7375,7169.1875,40873027.575,570.0
11385,1001.0,21.0,1.0,100.0,80.0,,6.0,0.875,7170.0625,40880197.6375,570.0
11386,1001.0,21.0,1.0,100.0,80.0,,7.0,0.2875,7170.35,40887367.9875,570.0
11387,1001.0,21.0,1.0,100.0,80.0,,8.0,0.775,7171.125,40894539.1125,570.0
11388,1001.0,21.0,1.0,100.0,80.0,,9.0,0.2,7171.325,40901710.4375,570.0
11389,1001.0,21.0,1.0,100.0,80.0,,10.0,0.525,7171.85,40908882.2875,570.0
11390,1001.0,21.0,1.0,100.0,80.0,,11.0,1.175,7173.025,40916055.3125,570.0
11391,1001.0,21.0,1.0,100.0,80.0,,12.0,0.8,7173.825,40923229.1375,570.0
11392,1001.0,21.0,1.0,100.0,80.0,,13.0,0.4125,7174.2375,40930403.375,570.0
11393,1001.0,21.0,1.0,100.0,80.0,,14.0,0.85,7175.0875,40937578.4625,570.0
11394,1001.0,21.0,1.0,100.0,80.0,,15.0,1.0625,7176.15,40944754.6125,570.0
11395,1001.0,21.0,1.0,100.0,80.0,,16.0,0.6,7176.75,40951931.3625,570.0
11396,1001.0,21.0,1.0,100.0,80.0,,17.0,0.4375,7177.1875,40959108.55,570.0
11397,1001.0,21.0,1.0,100.0,80.0,,18.0,0.6875,7177.875,40966286.425,570.0
11398,1001.0,21.0,1.0,100.0,80.0,,19.0,0.675,7178.55,40973464.975,570.0
11399,1001.0,21.0,1.0,100.0,80.0,,20.0,0.225,7178.775,40980643.75,570.0
11400,1001.0,21.0,1.0,100.0,80.0,,1.0,0.725,7179.5,40987823.25,571.0
11401,1001.0,21.0,1.0,100.0,80.0,,2.0,0.15,7179.65,40995002.9,571.0
11402,1001.0,21.0,1.0,100.0,80.0,,3.0,0.45,7180.1,41002183.0,571.0
11403,1001.0,21.0,1.0,100.0,80.0,,4.0,1.0,7181.1,41009364.1,571.0
11404,1001.0,21.0,1.0,100.0,80.0,,5.0,1.15,7182.25,41016546.35,571.0
11405,1001.0,21.0,1.0,100.0,80.0,,6.0,0.9875,7183.2375,41023729.5875,571.0
11406,1001.0,21.0,1.0,100.0,80.0,,7.0,1.1125,7184.35,41030913.9375,571.0
11407,1001.0,21.0,1.0,100.0,80.0,,8.0,1.1125,7185.4625,41038099.4,571.0
11408,1001.0,21.0,1.0,100.0,80.0,,9.0,0.6125,7186.075,41045285.475,571.0
11409,1001.0,21.0,1.0,100.0,80.0,,10.0,0.425,7186.5,41052471.975,571.0
11410,1001.0,21.0,1.0,100.0,80.0,,11.0,0.9625,7187.4625,41059659.4375,571.0
11411,1001.0,21.0,1.0,100.0,80.0,,12.0,0.4875,7187.95,41066847.3875,571.0
11412,1001.0,21.0,1.0,100.0,80.0,,13.0,0.3875,7188.3375,41074035.725,571.0
11413,1001.0,21.0,1.0,100.0,80.0,,14.0,0.425,7188.7625,41081224.4875,571.0
11414,1001.0,21.0,1.0,100.0,80.0,,15.0,0.5,7189.2625,41088413.75,571.0
11415,1001.0,21.0,1.0,100.0,80.0,,16.0,0.2125,7189.475,41095603.225,571.0
11416,1001.0,21.0,1.0,100.0,80.0,,17.0,0.5875,7190.0625,41102793.2875,571.0
11417,1001.0,21.0,1.0,100.0,80.0,,18.0,0.6375,7190.7,41109983.9875,571.0
11418,1001.0,21.0,1.0,100.0,80.0,,19.0,0.4875,7191.1875,41117175.175,571.0
11419,1001.0,21.0,1.0,100.0,80.0,,20.0,0.8875,7192.075,41124367.25,571.0
11420,1001.0,21.0,1.0,100.0,80.0,,1.0,1.225,7193.3,41131560.55,572.0
11421,1001.0,21.0,1.0,100.0,80.0,,2.0,0.1625,7193.4625,41138754.0125,572.0
11422,1001.0,21.0,1.0,100.0,80.0,,3.0,0.0625,7193.525,41145947.5375,572.0
11423,1001.0,21.0,1.0,100.0,80.0,,4.0,1.2125,7194.7375,41153142.275,572.0
11424,1001.0,21.0,1.0,100.0,80.0,,5.0,0.6375,7195.375,41160337.65,572.0
11425,1001.0,21.0,1.0,100.0,80.0,,6.0,1.1,7196.475,41167534.125,572.0
11426,1001.0,21.0,1.0,100.0,80.0,,7.0,0.0375,7196.5125,41174730.6375,572.0
11427,1001.0,21.0,1.0,100.0,80.0,,8.0,1.225,7197.7375,41181928.375,572.0
11428,1001.0,21.0,1.0,100.0,80.0,,9.0,0.45,7198.1875,41189126.5625,572.0
11429,1001.0,21.0,1.0,100.0,80.0,,10.0,0.075,7198.2625,41196324.825,572.0
11430,1001.0,21.0,1.0,100.0,80.0,,11.0,1.175,7199.4375,41203524.2625,572.0
11431,1001.0,21.0,1.0,100.0,80.0,,12.0,0.2125,7199.65,41210723.9125,572.0
11432,1001.0,21.0,1.0,100.0,80.0,,13.0,0.0625,7199.7125,41217923.625,572.0
11433,1001.0,21.0,1.0,100.0,80.0,,14.0,0.2125,7199.925,41225123.55,572.0
11434,1001.0,21.0,1.0,100.0,80.0,,15.0,0.775,7200.7,41232324.25,572.0
11435,1001.0,21.0,1.0,100.0,80.0,,16.0,0.8,7201.5,41239525.75,572.0
11436,1001.0,21.0,1.0,100.0,80.0,,17.0,0.65,7202.15,41246727.9,572.0
11437,1001.0,21.0,1.0,100.0,80.0,,18.0,0.675,7202.825,41253930.725,572.0
11438,1001.0,21.0,1.0,100.0,80.0,,19.0,0.975,7203.8,41261134.525,572.0
11439,1001.0,21.0,1.0,100.0,80.0,,20.0,1.2125,7205.0125,41268339.5375,572.0
11440,1001.0,21.0,1.0,100.0,80.0,,1.0,0.2125,7205.225,41275544.7625,573.0
11441,1001.0,21.0,1.0,100.0,80.0,,2.0,0.1375,7205.3625,41282750.125,573.0
11442,1001.0,21.0,1.0,100.0,80.0,,3.0,0.375,7205.7375,41289955.8625,573.0
11443,1001.0,21.0,1.0,100.0,80.0,,4.0,0.1375,7205.875,41297161.7375,573.0
11444,1001.0,21.0,1.0,100.0,80.0,,5.0,0.625,7206.5,41304368.2375,573.0
11445,1001.0,21.0,1.0,100.0,80.0,,6.0,0.2375,7206.7375,41311574.975,573.0
11446,1001.0,21.0,1.0,100.0,80.0,,7.0,0.1875,7206.925,41318781.9,573.0
11447,1001.0,21.0,1.0,100.0,80.0,,8.0,1.2375,7208.1625,41325990.0625,573.0
11448,1001.0,21.0,1.0,100.0,80.0,,9.0,0.9125,7209.075,41333199.1375,573.0
11449,1001.0,21.0,1.0,100.0,80.0,,10.0,0.8375,7209.9125,41340409.05,573.0
11450,1001.0,21.0,1.0,100.0,80.0,,11.0,0.925,7210.8375,41347619.8875,573.0
11451,1001.0,21.0,1.0,100.0,80.0,,12.0,0.375,7211.2125,41354831.1,573.0
11452,1001.0,21.0,1.0,100.0,80.0,,13.0,1.2,7212.4125,41362043.5125,573.0
11453,1001.0,21.0,1.0,100.0,80.0,,14.0,0.3125,7212.725,41369256.2375,573.0
11454,1001.0,21.0,1.0,100.0,80.0,,15.0,1.1,7213.825,41376470.0625,573.0
11455,1001.0,21.0,1.0,100.0,80.0,,16.0,0.8125,7214.6375,41383684.7,573.0
11456,1001.0,21.0,1.0,100.0,80.0,,17.0,0.825,7215.4625,41390900.1625,573.0
11457,1001.0,21.0,1.0,100.0,80.0,,18.0,0.4625,7215.925,41398116.0875,573.0
11458,1001.0,21.0,1.0,100.0,80.0,,19.0,0.275,7216.2,41405332.2875,573.0
11459,1001.0,21.0,1.0,100.0,80.0,,20.0,0.775,7216.975,41412549.2625,573.0
11460,1001.0,21.0,1.0,100.0,80.0,,1.0,0.325,7217.3,41419766.5625,574.0
11461,1001.0,21.0,1.0,100.0,80.0,,2.0,0.45,7217.75,41426984.3125,574.0
11462,1001.0,21.0,1.0,100.0,80.0,,3.0,0.1875,7217.9375,41434202.25,574.0
11463,1001.0,21.0,1.0,100.0,80.0,,4.0,0.7875,7218.725,41441420.975,574.0
11464,1001.0,21.0,1.0,100.0,80.0,,5.0,0.1625,7218.8875,41448639.8625,574.0
11465,1001.0,21.0,1.0,100.0,80.0,,6.0,1.15,7220.0375,41455859.9,574.0
11466,1001.0,21.0,1.0,100.0,80.0,,7.0,0.95,7220.9875,41463080.8875,574.0
11467,1001.0,21.0,1.0,100.0,80.0,,8.0,0.8,7221.7875,41470302.675,574.0
11468,1001.0,21.0,1.0,100.0,80.0,,9.0,1.025,7222.8125,41477525.4875,574.0
11469,1001.0,21.0,1.0,100.0,80.0,,10.0,0.525,7223.3375,41484748.825,574.0
11470,1001.0,21.0,1.0,100.0,80.0,,11.0,0.8625,7224.2,41491973.025,574.0
11471,1001.0,21.0,1.0,100.0,80.0,,12.0,0.05,7224.25,41499197.275,574.0
11472,1001.0,21.0,1.0,100.0,80.0,,13.0,0.375,7224.625,41506421.9,574.0
11473,1001.0,21.0,1.0,100.0,80.0,,14.0,0.675,7225.3,41513647.2,574.0
11474,1001.0,21.0,1.0,100.0,80.0,,15.0,0.1,7225.4,41520872.6,574.0
11475,1001.0,21.0,1.0,100.0,80.0,,16.0,1.1625,7226.5625,41528099.1625,574.0
11476,1001.0,21.0,1.0,100.0,80.0,,17.0,0.025,7226.5875,41535325.75,574.0
11477,1001.0,21.0,1.0,100.0,80.0,,18.0,0.7,7227.2875,41542553.0375,574.0
11478,1001.0,21.0,1.0,100.0,80.0,,19.0,0.2875,7227.575,41549780.6125,574.0
11479,1001.0,21.0,1.0,100.0,80.0,,20.0,0.1875,7227.7625,41557008.375,574.0
11480,1001.0,21.0,1.0,100.0,80.0,,1.0,0.15,7227.9125,41564236.2875,575.0
11481,1001.0,21.0,1.0,100.0,80.0,,2.0,1.1125,7229.025,41571465.3125,575.0
11482,1001.0,21.0,1.0,100.0,80.0,,3.0,0.15,7229.175,41578694.4875,575.0
11483,1001.0,21.0,1.0,100.0,80.0,,4.0,0.8875,7230.0625,41585924.55,575.0
11484,1001.0,21.0,1.0,100.0,80.0,,5.0,0.9875,7231.05,41593155.6,575.0
11485,1001.0,21.0,1.0,100.0,80.0,,6.0,0.95,7232.0,41600387.6,575.0
11486,1001.0,21.0,1.0,100.0,80.0,,7.0,1.1,7233.1,41607620.7,575.0
11487,1001.0,21.0,1.0,100.0,80.0,,8.0,0.525,7233.625,41614854.325,575.0
11488,1001.0,21.0,1.0,100.0,80.0,,9.0,0.775,7234.4,41622088.725,575.0
11489,1001.0,21.0,1.0,100.0,80.0,,10.0,0.4125,7234.8125,41629323.5375,575.0
11490,1001.0,21.0,1.0,100.0,80.0,,11.0,0.3125,7235.125,41636558.6625,575.0
11491,1001.0,21.0,1.0,100.0,80.0,,12.0,0.2,7235.325,41643793.9875,575.0
11492,1001.0,21.0,1.0,100.0,80.0,,13.0,1.0,7236.325,41651030.3125,575.0
11493,1001.0,21.0,1.0,100.0,80.0,,14.0,0.9,7237.225,41658267.5375,575.0
11494,1001.0,21.0,1.0,100.0,80.0,,15.0,0.75,7237.975,41665505.5125,575.0
11495,1001.0,21.0,1.0,100.0,80.0,,16.0,0.675,7238.65,41672744.1625,575.0
11496,1001.0,21.0,1.0,100.0,80.0,,17.0,0.6,7239.25,41679983.4125,575.0
11497,1001.0,21.0,1.0,100.0,80.0,,18.0,0.7125,7239.9625,41687223.375,575.0
11498,1001.0,21.0,1.0,100.0,80.0,,19.0,0.8,7240.7625,41694464.1375,575.0
11499,1001.0,21.0,1.0,100.0,80.0,,20.0,0.5625,7241.325,41701705.4625,575.0
11500,1001.0,21.0,1.0,100.0,80.0,,1.0,0.6375,7241.9625,41708947.425,576.0
11501,1001.0,21.0,1.0,100.0,80.0,,2.0,0.6,7242.5625,41716189.9875,576.0
11502,1001.0,21.0,1.0,100.0,80.0,,3.0,0.55,7243.1125,41723433.1,576.0
11503,1001.0,21.0,1.0,100.0,80.0,,4.0,0.7375,7243.85,41730676.95,576.0
11504,1001.0,21.0,1.0,100.0,80.0,,5.0,0.725,7244.575,41737921.525,576.0
11505,1001.0,21.0,1.0,100.0,80.0,,6.0,1.1625,7245.7375,41745167.2625,576.0
11506,1001.0,21.0,1.0,100.0,80.0,,7.0,0.9125,7246.65,41752413.9125,576.0
11507,1001.0,21.0,1.0,100.0,80.0,,8.0,0.3125,7246.9625,41759660.875,576.0
11508,1001.0,21.0,1.0,100.0,80.0,,9.0,1.025,7247.9875,41766908.8625,576.0
11509,1001.0,21.0,1.0,100.0,80.0,,10.0,1.15,7249.1375,41774158.0,576.0
11510,1001.0,21.0,1.0,100.0,80.0,,11.0,1.2125,7250.35,41781408.35,576.0
11511,1001.0,21.0,1.0,100.0,80.0,,12.0,0.875,7251.225,41788659.575,576.0
11512,1001.0,21.0,1.0,100.0,80.0,,13.0,0.3375,7251.5625,41795911.1375,576.0
11513,1001.0,21.0,1.0,100.0,80.0,,14.0,0.45,7252.0125,41803163.15,576.0
11514,1001.0,21.0,1.0,100.0,80.0,,15.0,0.6625,7252.675,41810415.825,576.0
11515,1001.0,21.0,1.0,100.0,80.0,,16.0,0.6375,7253.3125,41817669.1375,576.0
11516,1001.0,21.0,1.0,100.0,80.0,,17.0,0.8125,7254.125,41824923.2625,576.0
11517,1001.0,21.0,1.0,100.0,80.0,,18.0,0.1375,7254.2625,41832177.525,576.0
11518,1001.0,21.0,1.0,100.0,80.0,,19.0,0.55,7254.8125,41839432.3375,576.0
11519,1001.0,21.0,1.0,100.0,80.0,,20.0,0.3,7255.1125,41846687.45,576.0
11520,1001.0,21.0,1.0,100.0,80.0,,1.0,1.1625,7256.275,41853943.725,577.0
11521,1001.0,21.0,1.0,100.0,80.0,,2.0,0.6,7256.875,41861200.6,577.0
11522,1001.0,21.0,1.0,100.0,80.0,,3.0,0.1125,7256.9875,41868457.5875,577.0
11523,1001.0,21.0,1.0,100.0,80.0,,4.0,0.4125,7257.4,41875714.9875,577.0
11524,1001.0,21.0,1.0,100.0,80.0,,5.0,1.0,7258.4,41882973.3875,577.0
11525,1001.0,21.0,1.0,100.0,80.0,,6.0,0.5875,7258.9875,41890232.375,577.0
11526,1001.0,21.0,1.0,100.0,80.0,,7.0,0.8375,7259.825,41897492.2,577.0
11527,1001.0,21.0,1.0,100.0,80.0,,8.0,0.7625,7260.5875,41904752.7875,577.0
11528,1001.0,21.0,1.0,100.0,80.0,,9.0,0.5,7261.0875,41912013.875,577.0
11529,1001.0,21.0,1.0,100.0,80.0,,10.0,1.1,7262.1875,41919276.0625,577.0
11530,1001.0,21.0,1.0,100.0,80.0,,11.0,0.475,7262.6625,41926538.725,577.0
11531,1001.0,21.0,1.0,100.0,80.0,,12.0,0.275,7262.9375,41933801.6625,577.0
11532,1001.0,21.0,1.0,100.0,80.0,,13.0,1.05,7263.9875,41941065.65,577.0
11533,1001.0,21.0,1.0,100.0,80.0,,14.0,1.15,7265.1375,41948330.7875,577.0
11534,1001.0,21.0,1.0,100.0,80.0,,15.0,0.975,7266.1125,41955596.9,577.0
11535,1001.0,21.0,1.0,100.0,80.0,,16.0,0.3125,7266.425,41962863.325,577.0
11536,1001.0,21.0,1.0,100.0,80.0,,17.0,1.125,7267.55,41970130.875,577.0
11537,1001.0,21.0,1.0,100.0,80.0,,18.0,0.35,7267.9,41977398.775,577.0
11538,1001.0,21.0,1.0,100.0,80.0,,19.0,0.4125,7268.3125,41984667.0875,577.0
11539,1001.0,21.0,1.0,100.0,80.0,,20.0,0.1,7268.4125,41991935.5,577.0
11540,1001.0,21.0,1.0,100.0,80.0,,1.0,0.85,7269.2625,41999204.7625,578.0
11541,1001.0,21.0,1.0,100.0,80.0,,2.0,0.0625,7269.325,42006474.0875,578.0
11542,1001.0,21.0,1.0,100.0,80.0,,3.0,0.6125,7269.9375,42013744.025,578.0
11543,1001.0,21.0,1.0,100.0,80.0,,4.0,1.225,7271.1625,42021015.1875,578.0
11544,1001.0,21.0,1.0,100.0,80.0,,5.0,0.1125,7271.275,42028286.4625,578.0
11545,1001.0,21.0,1.0,100.0,80.0,,6.0,0.6375,7271.9125,42035558.375,578.0
11546,1001.0,21.0,1.0,100.0,80.0,,7.0,0.925,7272.8375,42042831.2125,578.0
11547,1001.0,21.0,1.0,100.0,80.0,,8.0,0.5,7273.3375,42050104.55,578.0
11548,1001.0,21.0,1.0,100.0,80.0,,9.0,0.5,7273.8375,42057378.3875,578.0
11549,1001.0,21.0,1.0,100.0,80.0,,10.0,0.4375,7274.275,42064652.6625,578.0
11550,1001.0,21.0,1.0,100.0,80.0,,11.0,0.7875,7275.0625,42071927.725,578.0
11551,1001.0,21.0,1.0,100.0,80.0,,12.0,1.2375,7276.3,42079204.025,578.0
11552,1001.0,21.0,1.0,100.0,80.0,,13.0,0.1875,7276.4875,42086480.5125,578.0
11553,1001.0,21.0,1.0,100.0,80.0,,14.0,1.175,7277.6625,42093758.175,578.0
11554,1001.0,21.0,1.0,100.0,80.0,,15.0,0.675,7278.3375,42101036.5125,578.0
11555,1001.0,21.0,1.0,100.0,80.0,,16.0,0.4875,7278.825,42108315.3375,578.0
11556,1001.0,21.0,1.0,100.0,80.0,,17.0,0.05,7278.875,42115594.2125,578.0
11557,1001.0,21.0,1.0,100.0,80.0,,18.0,0.95,7279.825,42122874.0375,578.0
11558,1001.0,21.0,1.0,100.0,80.0,,19.0,0.0875,7279.9125,42130153.95,578.0
11559,1001.0,21.0,1.0,100.0,80.0,,20.0,0.975,7280.8875,42137434.8375,578.0
11560,1001.0,21.0,1.0,100.0,80.0,,1.0,0.675,7281.5625,42144716.4,579.0
11561,1001.0,21.0,1.0,100.0,80.0,,2.0,0.6375,7282.2,42151998.6,579.0
11562,1001.0,21.0,1.0,100.0,80.0,,3.0,0.2625,7282.4625,42159281.0625,579.0
11563,1001.0,21.0,1.0,100.0,80.0,,4.0,0.9875,7283.45,42166564.5125,579.0
11564,1001.0,21.0,1.0,100.0,80.0,,5.0,0.15,7283.6,42173848.1125,579.0
11565,1001.0,21.0,1.0,100.0,80.0,,6.0,0.05,7283.65,42181131.7625,579.0
11566,1001.0,21.0,1.0,100.0,80.0,,7.0,0.5375,7284.1875,42188415.95,579.0
11567,1001.0,21.0,1.0,100.0,80.0,,8.0,0.2,7284.3875,42195700.3375,579.0
11568,1001.0,21.0,1.0,100.0,80.0,,9.0,0.325,7284.7125,42202985.05,579.0
11569,1001.0,21.0,1.0,100.0,80.0,,10.0,0.525,7285.2375,42210270.2875,579.0
11570,1001.0,21.0,1.0,100.0,80.0,,11.0,0.1375,7285.375,42217555.6625,579.0
11571,1001.0,21.0,1.0,100.0,80.0,,12.0,0.7625,7286.1375,42224841.8,579.0
11572,1001.0,21.0,1.0,100.0,80.0,,13.0,0.2125,7286.35,42232128.15,579.0
11573,1001.0,21.0,1.0,100.0,80.0,,14.0,0.275,7286.625,42239414.775,579.0
11574,1001.0,21.0,1.0,100.0,80.0,,15.0,0.0625,7286.6875,42246701.4625,579.0
11575,1001.0,21.0,1.0,100.0,80.0,,16.0,1.1625,7287.85,42253989.3125,579.0
11576,1001.0,21.0,1.0,100.0,80.0,,17.0,0.1875,7288.0375,42261277.35,579.0
11577,1001.0,21.0,1.0,100.0,80.0,,18.0,0.825,7288.8625,42268566.2125,579.0
11578,1001.0,21.0,1.0,100.0,80.0,,19.0,0.175,7289.0375,42275855.25,579.0
11579,1001.0,21.0,1.0,100.0,80.0,,20.0,0.1375,7289.175,42283144.425,579.0
11580,1001.0,21.0,1.0,100.0,80.0,,1.0,1.225,7290.4,42290434.825,580.0
11581,1001.0,21.0,1.0,100.0,80.0,,2.0,0.6625,7291.0625,42297725.8875,580.0
11582,1001.0,21.0,1.0,100.0,80.0,,3.0,0.6875,7291.75,42305017.6375,580.0
11583,1001.0,21.0,1.0,100.0,80.0,,4.0,1.1,7292.85,42312310.4875,580.0
11584,1001.0,21.0,1.0,100.0,80.0,,5.0,0.3875,7293.2375,42319603.725,580.0
11585,1001.0,21.0,1.0,100.0,80.0,,6.0,0.3375,7293.575,42326897.3,580.0
11586,1001.0,21.0,1.0,100.0,80.0,,7.0,0.2125,7293.7875,42334191.0875,580.0
11587,1001.0,21.0,1.0,100.0,80.0,,8.0,1.0875,7294.875,42341485.9625,580.0
11588,1001.0,21.0,1.0,100.0,80.0,,9.0,1.175,7296.05,42348782.0125,580.0
11589,1001.0,21.0,1.0,100.0,80.0,,10.0,0.725,7296.775,42356078.7875,580.0
11590,1001.0,21.0,1.0,100.0,80.0,,11.0,1.05,7297.825,42363376.6125,580.0
11591,1001.0,21.0,1.0,100.0,80.0,,12.0,0.75,7298.575,42370675.1875,580.0
11592,1001.0,21.0,1.0,100.0,80.0,,13.0,0.0625,7298.6375,42377973.825,580.0
11593,1001.0,21.0,1.0,100.0,80.0,,14.0,1.2375,7299.875,42385273.7,580.0
11594,1001.0,21.0,1.0,100.0,80.0,,15.0,1.2,7301.075,42392574.775,580.0
11595,1001.0,21.0,1.0,100.0,80.0,,16.0,0.3875,7301.4625,42399876.2375,580.0
11596,1001.0,21.0,1.0,100.0,80.0,,17.0,1.1375,7302.6,42407178.8375,580.0
11597,1001.0,21.0,1.0,100.0,80.0,,18.0,0.1625,7302.7625,42414481.6,580.0
11598,1001.0,21.0,1.0,100.0,80.0,,19.0,0.975,7303.7375,42421785.3375,580.0
11599,1001.0,21.0,1.0,100.0,80.0,,20.0,0.9,7304.6375,42429089.975,580.0
11600,1001.0,21.0,1.0,100.0,80.0,,1.0,0.775,7305.4125,42436395.3875,581.0
11601,1001.0,21.0,1.0,100.0,80.0,,2.0,0.2125,7305.625,42443701.0125,581.0
11602,1001.0,21.0,1.0,100.0,80.0,,3.0,0.4875,7306.1125,42451007.125,581.0
11603,1001.0,21.0,1.0,100.0,80.0,,4.0,0.1,7306.2125,42458313.3375,581.0
11604,1001.0,21.0,1.0,100.0,80.0,,5.0,0.725,7306.9375,42465620.275,581.0
11605,1001.0,21.0,1.0,100.0,80.0,,6.0,0.65,7307.5875,42472927.8625,581.0
11606,1001.0,21.0,1.0,100.0,80.0,,7.0,0.2875,7307.875,42480235.7375,581.0
11607,1001.0,21.0,1.0,100.0,80.0,,8.0,1.2375,7309.1125,42487544.85,581.0
11608,1001.0,21.0,1.0,100.0,80.0,,9.0,1.075,7310.1875,42494855.0375,581.0
11609,1001.0,21.0,1.0,100.0,80.0,,10.0,0.25,7310.4375,42502165.475,581.0
11610,1001.0,21.0,1.0,100.0,80.0,,11.0,0.2125,7310.65,42509476.125,581.0
11611,1001.0,21.0,1.0,100.0,80.0,,12.0,0.9125,7311.5625,42516787.6875,581.0
11612,1001.0,21.0,1.0,100.0,80.0,,13.0,0.9,7312.4625,42524100.15,581.0
11613,1001.0,21.0,1.0,100.0,80.0,,14.0,0.675,7313.1375,42531413.2875,581.0
11614,1001.0,21.0,1.0,100.0,80.0,,15.0,0.275,7313.4125,42538726.7,581.0
11615,1001.0,21.0,1.0,100.0,80.0,,16.0,0.925,7314.3375,42546041.0375,581.0
11616,1001.0,21.0,1.0,100.0,80.0,,17.0,0.625,7314.9625,42553356.0,581.0
11617,1001.0,21.0,1.0,100.0,80.0,,18.0,0.975,7315.9375,42560671.9375,581.0
11618,1001.0,21.0,1.0,100.0,80.0,,19.0,0.05,7315.9875,42567987.925,581.0
11619,1001.0,21.0,1.0,100.0,80.0,,20.0,0.125,7316.1125,42575304.0375,581.0
11620,1001.0,21.0,1.0,100.0,80.0,,1.0,0.4875,7316.6,42582620.6375,582.0
11621,1001.0,21.0,1.0,100.0,80.0,,2.0,0.675,7317.275,42589937.9125,582.0
11622,1001.0,21.0,1.0,100.0,80.0,,3.0,0.4,7317.675,42597255.5875,582.0
11623,1001.0,21.0,1.0,100.0,80.0,,4.0,0.925,7318.6,42604574.1875,582.0
11624,1001.0,21.0,1.0,100.0,80.0,,5.0,1.0625,7319.6625,42611893.85,582.0
11625,1001.0,21.0,1.0,100.0,80.0,,6.0,0.675,7320.3375,42619214.1875,582.0
11626,1001.0,21.0,1.0,100.0,80.0,,7.0,0.4625,7320.8,42626534.9875,582.0
11627,1001.0,21.0,1.0,100.0,80.0,,8.0,0.4875,7321.2875,42633856.275,582.0
11628,1001.0,21.0,1.0,100.0,80.0,,9.0,0.7375,7322.025,42641178.3,582.0
11629,1001.0,21.0,1.0,100.0,80.0,,10.0,0.6875,7322.7125,42648501.0125,582.0
11630,1001.0,21.0,1.0,100.0,80.0,,11.0,0.2625,7322.975,42655823.9875,582.0
11631,1001.0,21.0,1.0,100.0,80.0,,12.0,0.525,7323.5,42663147.4875,582.0
11632,1001.0,21.0,1.0,100.0,80.0,,13.0,0.575,7324.075,42670471.5625,582.0
11633,1001.0,21.0,1.0,100.0,80.0,,14.0,0.0875,7324.1625,42677795.725,582.0
11634,1001.0,21.0,1.0,100.0,80.0,,15.0,0.2625,7324.425,42685120.15,582.0
11635,1001.0,21.0,1.0,100.0,80.0,,16.0,1.225,7325.65,42692445.8,582.0
11636,1001.0,21.0,1.0,100.0,80.0,,17.0,0.1375,7325.7875,42699771.5875,582.0
11637,1001.0,21.0,1.0,100.0,80.0,,18.0,0.925,7326.7125,42707098.3,582.0
11638,1001.0,21.0,1.0,100.0,80.0,,19.0,0.5375,7327.25,42714425.55,582.0
11639,1001.0,21.0,1.0,100.0,80.0,,20.0,0.75,7328.0,42721753.55,582.0
11640,1001.0,21.0,1.0,100.0,80.0,,1.0,0.4375,7328.4375,42729081.9875,583.0
11641,1001.0,21.0,1.0,100.0,80.0,,2.0,1.175,7329.6125,42736411.6,583.0
11642,1001.0,21.0,1.0,100.0,80.0,,3.0,0.375,7329.9875,42743741.5875,583.0
11643,1001.0,21.0,1.0,100.0,80.0,,4.0,0.45,7330.4375,42751072.025,583.0
11644,1001.0,21.0,1.0,100.0,80.0,,5.0,0.9125,7331.35,42758403.375,583.0
11645,1001.0,21.0,1.0,100.0,80.0,,6.0,0.425,7331.775,42765735.15,583.0
11646,1001.0,21.0,1.0,100.0,80.0,,7.0,0.75,7332.525,42773067.675,583.0
11647,1001.0,21.0,1.0,100.0,80.0,,8.0,0.05,7332.575,42780400.25,583.0
11648,1001.0,21.0,1.0,100.0,80.0,,9.0,0.5375,7333.1125,42787733.3625,583.0
11649,1001.0,21.0,1.0,100.0,80.0,,10.0,0.825,7333.9375,42795067.3,583.0
11650,1001.0,21.0,1.0,100.0,80.0,,11.0,0.75,7334.6875,42802401.9875,583.0
11651,1001.0,21.0,1.0,100.0,80.0,,12.0,0.8625,7335.55,42809737.5375,583.0
11652,1001.0,21.0,1.0,100.0,80.0,,13.0,0.875,7336.425,42817073.9625,583.0
11653,1001.0,21.0,1.0,100.0,80.0,,14.0,1.2375,7337.6625,42824411.625,583.0
11654,1001.0,21.0,1.0,100.0,80.0,,15.0,1.0875,7338.75,42831750.375,583.0
11655,1001.0,21.0,1.0,100.0,80.0,,16.0,0.075,7338.825,42839089.2,583.0
11656,1001.0,21.0,1.0,100.0,80.0,,17.0,0.575,7339.4,42846428.6,583.0
11657,1001.0,21.0,1.0,100.0,80.0,,18.0,0.6625,7340.0625,42853768.6625,583.0
11658,1001.0,21.0,1.0,100.0,80.0,,19.0,0.1875,7340.25,42861108.9125,583.0
11659,1001.0,21.0,1.0,100.0,80.0,,20.0,0.1375,7340.3875,42868449.3,583.0
11660,1001.0,21.0,1.0,100.0,80.0,,1.0,0.9375,7341.325,42875790.625,584.0
11661,1001.0,21.0,1.0,100.0,80.0,,2.0,0.75,7342.075,42883132.7,584.0
11662,1001.0,21.0,1.0,100.0,80.0,,3.0,0.6125,7342.6875,42890475.3875,584.0
11663,1001.0,21.0,1.0,100.0,80.0,,4.0,1.1375,7343.825,42897819.2125,584.0
11664,1001.0,21.0,1.0,100.0,80.0,,5.0,0.6875,7344.5125,42905163.725,584.0
11665,1001.0,21.0,1.0,100.0,80.0,,6.0,0.025,7344.5375,42912508.2625,584.0
11666,1001.0,21.0,1.0,100.0,80.0,,7.0,0.3,7344.8375,42919853.1,584.0
11667,1001.0,21.0,1.0,100.0,80.0,,8.0,0.075,7344.9125,42927198.0125,584.0
11668,1001.0,21.0,1.0,100.0,80.0,,9.0,0.175,7345.0875,42934543.1,584.0
11669,1001.0,21.0,1.0,100.0,80.0,,10.0,0.65,7345.7375,42941888.8375,584.0
11670,1001.0,21.0,1.0,100.0,80.0,,11.0,0.9375,7346.675,42949235.5125,584.0
11671,1001.0,21.0,1.0,100.0,80.0,,12.0,0.475,7347.15,42956582.6625,584.0
11672,1001.0,21.0,1.0,100.0,80.0,,13.0,0.2125,7347.3625,42963930.025,584.0
11673,1001.0,21.0,1.0,100.0,80.0,,14.0,1.1125,7348.475,42971278.5,584.0
11674,1001.0,21.0,1.0,100.0,80.0,,15.0,0.15,7348.625,42978627.125,584.0
11675,1001.0,21.0,1.0,100.0,80.0,,16.0,0.425,7349.05,42985976.175,584.0
11676,1001.0,21.0,1.0,100.0,80.0,,17.0,0.475,7349.525,42993325.7,584.0
11677,1001.0,21.0,1.0,100.0,80.0,,18.0,0.3625,7349.8875,43000675.5875,584.0
11678,1001.0,21.0,1.0,100.0,80.0,,19.0,1.1,7350.9875,43008026.575,584.0
11679,1001.0,21.0,1.0,100.0,80.0,,20.0,0.7875,7351.775,43015378.35,584.0
11680,1001.0,21.0,1.0,100.0,80.0,,1.0,0.4125,7352.1875,43022730.5375,585.0
11681,1001.0,21.0,1.0,100.0,80.0,,2.0,0.3375,7352.525,43030083.0625,585.0
11682,1001.0,21.0,1.0,100.0,80.0,,3.0,1.0625,7353.5875,43037436.65,585.0
11683,1001.0,21.0,1.0,100.0,80.0,,4.0,0.525,7354.1125,43044790.7625,585.0
11684,1001.0,21.0,1.0,100.0,80.0,,5.0,0.4875,7354.6,43052145.3625,585.0
11685,1001.0,21.0,1.0,100.0,80.0,,6.0,1.0375,7355.6375,43059501.0,585.0
11686,1001.0,21.0,1.0,100.0,80.0,,7.0,0.8,7356.4375,43066857.4375,585.0
11687,1001.0,21.0,1.0,100.0,80.0,,8.0,0.8625,7357.3,43074214.7375,585.0
11688,1001.0,21.0,1.0,100.0,80.0,,9.0,1.2125,7358.5125,43081573.25,585.0
11689,1001.0,21.0,1.0,100.0,80.0,,10.0,0.15,7358.6625,43088931.9125,585.0
11690,1001.0,21.0,1.0,100.0,80.0,,11.0,0.6,7359.2625,43096291.175,585.0
11691,1001.0,21.0,1.0,100.0,80.0,,12.0,1.0375,7360.3,43103651.475,585.0
11692,1001.0,21.0,1.0,100.0,80.0,,13.0,0.9625,7361.2625,43111012.7375,585.0
11693,1001.0,21.0,1.0,100.0,80.0,,14.0,0.4375,7361.7,43118374.4375,585.0
11694,1001.0,21.0,1.0,100.0,80.0,,15.0,0.775,7362.475,43125736.9125,585.0
11695,1001.0,21.0,1.0,100.0,80.0,,16.0,0.45,7362.925,43133099.8375,585.0
11696,1001.0,21.0,1.0,100.0,80.0,,17.0,1.15,7364.075,43140463.9125,585.0
11697,1001.0,21.0,1.0,100.0,80.0,,18.0,0.2,7364.275,43147828.1875,585.0
11698,1001.0,21.0,1.0,100.0,80.0,,19.0,0.6375,7364.9125,43155193.1,585.0
11699,1001.0,21.0,1.0,100.0,80.0,,20.0,0.9375,7365.85,43162558.95,585.0
11700,1001.0,21.0,1.0,100.0,80.0,,1.0,0.675,7366.525,43169925.475,586.0
11701,1001.0,21.0,1.0,100.0,80.0,,2.0,0.95,7367.475,43177292.95,586.0
11702,1001.0,21.0,1.0,100.0,80.0,,3.0,0.25,7367.725,43184660.675,586.0
11703,1001.0,21.0,1.0,100.0,80.0,,4.0,0.55,7368.275,43192028.95,586.0
11704,1001.0,21.0,1.0,100.0,80.0,,5.0,0.7875,7369.0625,43199398.0125,586.0
11705,1001.0,21.0,1.0,100.0,80.0,,6.0,0.4375,7369.5,43206767.5125,586.0
11706,1001.0,21.0,1.0,100.0,80.0,,7.0,0.1125,7369.6125,43214137.125,586.0
11707,1001.0,21.0,1.0,100.0,80.0,,8.0,0.75,7370.3625,43221507.4875,586.0
11708,1001.0,21.0,1.0,100.0,80.0,,9.0,0.225,7370.5875,43228878.075,586.0
11709,1001.0,21.0,1.0,100.0,80.0,,10.0,1.2125,7371.8,43236249.875,586.0
11710,1001.0,21.0,1.0,100.0,80.0,,11.0,0.3625,7372.1625,43243622.0375,586.0
11711,1001.0,21.0,1.0,100.0,80.0,,12.0,0.125,7372.2875,43250994.325,586.0
11712,1001.0,21.0,1.0,100.0,80.0,,13.0,0.875,7373.1625,43258367.4875,586.0
11713,1001.0,21.0,1.0,100.0,80.0,,14.0,0.075,7373.2375,43265740.725,586.0
11714,1001.0,21.0,1.0,100.0,80.0,,15.0,0.3125,7373.55,43273114.275,586.0
11715,1001.0,21.0,1.0,100.0,80.0,,16.0,0.3375,7373.8875,43280488.1625,586.0
11716,1001.0,21.0,1.0,100.0,80.0,,17.0,1.1875,7375.075,43287863.2375,586.0
11717,1001.0,21.0,1.0,100.0,80.0,,18.0,0.6,7375.675,43295238.9125,586.0
11718,1001.0,21.0,1.0,100.0,80.0,,19.0,0.1125,7375.7875,43302614.7,586.0
11719,1001.0,21.0,1.0,100.0,80.0,,20.0,0.55,7376.3375,43309991.0375,586.0
11720,1001.0,21.0,1.0,100.0,80.0,,1.0,0.4,7376.7375,43317367.775,587.0
11721,1001.0,21.0,1.0,100.0,80.0,,2.0,0.9125,7377.65,43324745.425,587.0
11722,1001.0,21.0,1.0,100.0,80.0,,3.0,0.9875,7378.6375,43332124.0625,587.0
11723,1001.0,21.0,1.0,100.0,80.0,,4.0,0.9875,7379.625,43339503.6875,587.0
11724,1001.0,21.0,1.0,100.0,80.0,,5.0,1.1625,7380.7875,43346884.475,587.0
11725,1001.0,21.0,1.0,100.0,80.0,,6.0,0.8875,7381.675,43354266.15,587.0
11726,1001.0,21.0,1.0,100.0,80.0,,7.0,0.1875,7381.8625,43361648.0125,587.0
11727,1001.0,21.0,1.0,100.0,80.0,,8.0,0.0875,7381.95,43369029.9625,587.0
11728,1001.0,21.0,1.0,100.0,80.0,,9.0,1.225,7383.175,43376413.1375,587.0
11729,1001.0,21.0,1.0,100.0,80.0,,10.0,0.225,7383.4,43383796.5375,587.0
11730,1001.0,21.0,1.0,100.0,80.0,,11.0,0.9625,7384.3625,43391180.9,587.0
11731,1001.0,21.0,1.0,100.0,80.0,,12.0,1.15,7385.5125,43398566.4125,587.0
11732,1001.0,21.0,1.0,100.0,80.0,,13.0,0.975,7386.4875,43405952.9,587.0
11733,1001.0,21.0,1.0,100.0,80.0,,14.0,0.1,7386.5875,43413339.4875,587.0
11734,1001.0,21.0,1.0,100.0,80.0,,15.0,0.5375,7387.125,43420726.6125,587.0
11735,1001.0,21.0,1.0,100.0,80.0,,16.0,0.275,7387.4,43428114.0125,587.0
11736,1001.0,21.0,1.0,100.0,80.0,,17.0,0.7875,7388.1875,43435502.2,587.0
11737,1001.0,21.0,1.0,100.0,80.0,,18.0,0.5375,7388.725,43442890.925,587.0
11738,1001.0,21.0,1.0,100.0,80.0,,19.0,0.3375,7389.0625,43450279.9875,587.0
11739,1001.0,21.0,1.0,100.0,80.0,,20.0,1.1375,7390.2,43457670.1875,587.0
11740,1001.0,21.0,1.0,100.0,80.0,,1.0,0.675,7390.875,43465061.0625,588.0
11741,1001.0,21.0,1.0,100.0,80.0,,2.0,0.8375,7391.7125,43472452.775,588.0
11742,1001.0,21.0,1.0,100.0,80.0,,3.0,0.75,7392.4625,43479845.2375,588.0
11743,1001.0,21.0,1.0,100.0,80.0,,4.0,0.275,7392.7375,43487237.975,588.0
11744,1001.0,21.0,1.0,100.0,80.0,,5.0,1.2,7393.9375,43494631.9125,588.0
11745,1001.0,21.0,1.0,100.0,80.0,,6.0,0.525,7394.4625,43502026.375,588.0
11746,1001.0,21.0,1.0,100.0,80.0,,7.0,0.9625,7395.425,43509421.8,588.0
11747,1001.0,21.0,1.0,100.0,80.0,,8.0,0.225,7395.65,43516817.45,588.0
11748,1001.0,21.0,1.0,100.0,80.0,,9.0,1.0375,7396.6875,43524214.1375,588.0
11749,1001.0,21.0,1.0,100.0,80.0,,10.0,0.1875,7396.875,43531611.0125,588.0
11750,1001.0,21.0,1.0,100.0,80.0,,11.0,0.525,7397.4,43539008.4125,588.0
11751,1001.0,21.0,1.0,100.0,80.0,,12.0,0.2125,7397.6125,43546406.025,588.0
11752,1001.0,21.0,1.0,100.0,80.0,,13.0,0.575,7398.1875,43553804.2125,588.0
11753,1001.0,21.0,1.0,100.0,80.0,,14.0,0.2625,7398.45,43561202.6625,588.0
11754,1001.0,21.0,1.0,100.0,80.0,,15.0,1.225,7399.675,43568602.3375,588.0
11755,1001.0,21.0,1.0,100.0,80.0,,16.0,0.8875,7400.5625,43576002.9,588.0
11756,1001.0,21.0,1.0,100.0,80.0,,17.0,0.85,7401.4125,43583404.3125,588.0
11757,1001.0,21.0,1.0,100.0,80.0,,18.0,1.15,7402.5625,43590806.875,588.0
11758,1001.0,21.0,1.0,100.0,80.0,,19.0,0.35,7402.9125,43598209.7875,588.0
11759,1001.0,21.0,1.0,100.0,80.0,,20.0,0.5375,7403.45,43605613.2375,588.0
11760,1001.0,21.0,1.0,100.0,80.0,,1.0,0.975,7404.425,43613017.6625,589.0
11761,1001.0,21.0,1.0,100.0,80.0,,2.0,0.325,7404.75,43620422.4125,589.0
11762,1001.0,21.0,1.0,100.0,80.0,,3.0,0.5125,7405.2625,43627827.675,589.0
11763,1001.0,21.0,1.0,100.0,80.0,,4.0,1.225,7406.4875,43635234.1625,589.0
11764,1001.0,21.0,1.0,100.0,80.0,,5.0,0.875,7407.3625,43642641.525,589.0
11765,1001.0,21.0,1.0,100.0,80.0,,6.0,0.1,7407.4625,43650048.9875,589.0
11766,1001.0,21.0,1.0,100.0,80.0,,7.0,0.5,7407.9625,43657456.95,589.0
11767,1001.0,21.0,1.0,100.0,80.0,,8.0,0.9125,7408.875,43664865.825,589.0
11768,1001.0,21.0,1.0,100.0,80.0,,9.0,0.85,7409.725,43672275.55,589.0
11769,1001.0,21.0,1.0,100.0,80.0,,10.0,0.5,7410.225,43679685.775,589.0
11770,1001.0,21.0,1.0,100.0,80.0,,11.0,0.6625,7410.8875,43687096.6625,589.0
11771,1001.0,21.0,1.0,100.0,80.0,,12.0,0.5,7411.3875,43694508.05,589.0
11772,1001.0,21.0,1.0,100.0,80.0,,13.0,1.0,7412.3875,43701920.4375,589.0
11773,1001.0,21.0,1.0,100.0,80.0,,14.0,1.175,7413.5625,43709334.0,589.0
11774,1001.0,21.0,1.0,100.0,80.0,,15.0,0.3625,7413.925,43716747.925,589.0
11775,1001.0,21.0,1.0,100.0,80.0,,16.0,0.9375,7414.8625,43724162.7875,589.0
11776,1001.0,21.0,1.0,100.0,80.0,,17.0,0.25,7415.1125,43731577.9,589.0
11777,1001.0,21.0,1.0,100.0,80.0,,18.0,0.1375,7415.25,43738993.15,589.0
11778,1001.0,21.0,1.0,100.0,80.0,,19.0,0.1375,7415.3875,43746408.5375,589.0
11779,1001.0,21.0,1.0,100.0,80.0,,20.0,0.55,7415.9375,43753824.475,589.0
11780,1001.0,21.0,1.0,100.0,80.0,,1.0,1.075,7417.0125,43761241.4875,590.0
11781,1001.0,21.0,1.0,100.0,80.0,,2.0,0.45,7417.4625,43768658.95,590.0
11782,1001.0,21.0,1.0,100.0,80.0,,3.0,0.1,7417.5625,43776076.5125,590.0
11783,1001.0,21.0,1.0,100.0,80.0,,4.0,0.925,7418.4875,43783495.0,590.0
11784,1001.0,21.0,1.0,100.0,80.0,,5.0,0.7625,7419.25,43790914.25,590.0
11785,1001.0,21.0,1.0,100.0,80.0,,6.0,1.2375,7420.4875,43798334.7375,590.0
11786,1001.0,21.0,1.0,100.0,80.0,,7.0,0.55,7421.0375,43805755.775,590.0
11787,1001.0,21.0,1.0,100.0,80.0,,8.0,0.3375,7421.375,43813177.15,590.0
11788,1001.0,21.0,1.0,100.0,80.0,,9.0,0.025,7421.4,43820598.55,590.0
11789,1001.0,21.0,1.0,100.0,80.0,,10.0,1.125,7422.525,43828021.075,590.0
11790,1001.0,21.0,1.0,100.0,80.0,,11.0,1.2125,7423.7375,43835444.8125,590.0
11791,1001.0,21.0,1.0,100.0,80.0,,12.0,1.2375,7424.975,43842869.7875,590.0
11792,1001.0,21.0,1.0,100.0,80.0,,13.0,0.2375,7425.2125,43850295.0,590.0
11793,1001.0,21.0,1.0,100.0,80.0,,14.0,0.5875,7425.8,43857720.8,590.0
11794,1001.0,21.0,1.0,100.0,80.0,,15.0,0.425,7426.225,43865147.025,590.0
11795,1001.0,21.0,1.0,100.0,80.0,,16.0,0.75,7426.975,43872574.0,590.0
11796,1001.0,21.0,1.0,100.0,80.0,,17.0,0.2625,7427.2375,43880001.2375,590.0
11797,1001.0,21.0,1.0,100.0,80.0,,18.0,0.05,7427.2875,43887428.525,590.0
11798,1001.0,21.0,1.0,100.0,80.0,,19.0,1.225,7428.5125,43894857.0375,590.0
11799,1001.0,21.0,1.0,100.0,80.0,,20.0,1.1875,7429.7,43902286.7375,590.0
11800,1001.0,21.0,1.0,100.0,80.0,,1.0,0.075,7429.775,43909716.5125,591.0
11801,1001.0,21.0,1.0,100.0,80.0,,2.0,0.2625,7430.0375,43917146.55,591.0
11802,1001.0,21.0,1.0,100.0,80.0,,3.0,0.15,7430.1875,43924576.7375,591.0
11803,1001.0,21.0,1.0,100.0,80.0,,4.0,0.325,7430.5125,43932007.25,591.0
11804,1001.0,21.0,1.0,100.0,80.0,,5.0,0.225,7430.7375,43939437.9875,591.0
11805,1001.0,21.0,1.0,100.0,80.0,,6.0,0.7375,7431.475,43946869.4625,591.0
11806,1001.0,21.0,1.0,100.0,80.0,,7.0,0.2625,7431.7375,43954301.2,591.0
11807,1001.0,21.0,1.0,100.0,80.0,,8.0,0.975,7432.7125,43961733.9125,591.0
11808,1001.0,21.0,1.0,100.0,80.0,,9.0,0.75,7433.4625,43969167.375,591.0
11809,1001.0,21.0,1.0,100.0,80.0,,10.0,0.675,7434.1375,43976601.5125,591.0
11810,1001.0,21.0,1.0,100.0,80.0,,11.0,0.2,7434.3375,43984035.85,591.0
11811,1001.0,21.0,1.0,100.0,80.0,,12.0,0.9,7435.2375,43991471.0875,591.0
11812,1001.0,21.0,1.0,100.0,80.0,,13.0,0.2625,7435.5,43998906.5875,591.0
11813,1001.0,21.0,1.0,100.0,80.0,,14.0,0.175,7435.675,44006342.2625,591.0
11814,1001.0,21.0,1.0,100.0,80.0,,15.0,0.3625,7436.0375,44013778.3,591.0
11815,1001.0,21.0,1.0,100.0,80.0,,16.0,0.7625,7436.8,44021215.1,591.0
11816,1001.0,21.0,1.0,100.0,80.0,,17.0,0.45,7437.25,44028652.35,591.0
11817,1001.0,21.0,1.0,100.0,80.0,,18.0,0.55,7437.8,44036090.15,591.0
11818,1001.0,21.0,1.0,100.0,80.0,,19.0,0.7,7438.5,44043528.65,591.0
11819,1001.0,21.0,1.0,100.0,80.0,,20.0,0.0625,7438.5625,44050967.2125,591.0
11820,1001.0,21.0,1.0,100.0,80.0,,1.0,0.725,7439.2875,44058406.5,592.0
11821,1001.0,21.0,1.0,100.0,80.0,,2.0,0.9375,7440.225,44065846.725,592.0
11822,1001.0,21.0,1.0,100.0,80.0,,3.0,0.625,7440.85,44073287.575,592.0
11823,1001.0,21.0,1.0,100.0,80.0,,4.0,0.3375,7441.1875,44080728.7625,592.0
11824,1001.0,21.0,1.0,100.0,80.0,,5.0,0.325,7441.5125,44088170.275,592.0
11825,1001.0,21.0,1.0,100.0,80.0,,6.0,0.3125,7441.825,44095612.1,592.0
11826,1001.0,21.0,1.0,100.0,80.0,,7.0,0.2875,7442.1125,44103054.2125,592.0
11827,1001.0,21.0,1.0,100.0,80.0,,8.0,1.1875,7443.3,44110497.5125,592.0
11828,1001.0,21.0,1.0,100.0,80.0,,9.0,0.825,7444.125,44117941.6375,592.0
11829,1001.0,21.0,1.0,100.0,80.0,,10.0,0.9,7445.025,44125386.6625,592.0
11830,1001.0,21.0,1.0,100.0,80.0,,11.0,0.125,7445.15,44132831.8125,592.0
11831,1001.0,21.0,1.0,100.0,80.0,,12.0,0.7125,7445.8625,44140277.675,592.0
11832,1001.0,21.0,1.0,100.0,80.0,,13.0,1.075,7446.9375,44147724.6125,592.0
11833,1001.0,21.0,1.0,100.0,80.0,,14.0,0.2875,7447.225,44155171.8375,592.0
11834,1001.0,21.0,1.0,100.0,80.0,,15.0,0.6875,7447.9125,44162619.75,592.0
11835,1001.0,21.0,1.0,100.0,80.0,,16.0,0.3125,7448.225,44170067.975,592.0
11836,1001.0,21.0,1.0,100.0,80.0,,17.0,0.2125,7448.4375,44177516.4125,592.0
11837,1001.0,21.0,1.0,100.0,80.0,,18.0,1.125,7449.5625,44184965.975,592.0
11838,1001.0,21.0,1.0,100.0,80.0,,19.0,0.7375,7450.3,44192416.275,592.0
11839,1001.0,21.0,1.0,100.0,80.0,,20.0,1.1375,7451.4375,44199867.7125,592.0
11840,1001.0,21.0,1.0,100.0,80.0,,1.0,1.125,7452.5625,44207320.275,593.0
11841,1001.0,21.0,1.0,100.0,80.0,,2.0,0.9625,7453.525,44214773.8,593.0
11842,1001.0,21.0,1.0,100.0,80.0,,3.0,1.1375,7454.6625,44222228.4625,593.0
11843,1001.0,21.0,1.0,100.0,80.0,,4.0,0.2125,7454.875,44229683.3375,593.0
11844,1001.0,21.0,1.0,100.0,80.0,,5.0,0.625,7455.5,44237138.8375,593.0
11845,1001.0,21.0,1.0,100.0,80.0,,6.0,0.3125,7455.8125,44244594.65,593.0
11846,1001.0,21.0,1.0,100.0,80.0,,7.0,0.6125,7456.425,44252051.075,593.0
11847,1001.0,21.0,1.0,100.0,80.0,,8.0,0.0875,7456.5125,44259507.5875,593.0
11848,1001.0,21.0,1.0,100.0,80.0,,9.0,0.775,7457.2875,44266964.875,593.0
11849,1001.0,21.0,1.0,100.0,80.0,,10.0,0.075,7457.3625,44274422.2375,593.0
11850,1001.0,21.0,1.0,100.0,80.0,,11.0,0.075,7457.4375,44281879.675,593.0
11851,1001.0,21.0,1.0,100.0,80.0,,12.0,0.1375,7457.575,44289337.25,593.0
11852,1001.0,21.0,1.0,100.0,80.0,,13.0,1.025,7458.6,44296795.85,593.0
11853,1001.0,21.0,1.0,100.0,80.0,,14.0,1.0625,7459.6625,44304255.5125,593.0
11854,1001.0,21.0,1.0,100.0,80.0,,15.0,0.9375,7460.6,44311716.1125,593.0
11855,1001.0,21.0,1.0,100.0,80.0,,16.0,1.0375,7461.6375,44319177.75,593.0
11856,1001.0,21.0,1.0,100.0,80.0,,17.0,0.25,7461.8875,44326639.6375,593.0
11857,1001.0,21.0,1.0,100.0,80.0,,18.0,0.7875,7462.675,44334102.3125,593.0
11858,1001.0,21.0,1.0,100.0,80.0,,19.0,0.9,7463.575,44341565.8875,593.0
11859,1001.0,21.0,1.0,100.0,80.0,,20.0,0.4625,7464.0375,44349029.925,593.0
11860,1001.0,21.0,1.0,100.0,80.0,,1.0,0.1125,7464.15,44356494.075,594.0
11861,1001.0,21.0,1.0,100.0,80.0,,2.0,0.5625,7464.7125,44363958.7875,594.0
11862,1001.0,21.0,1.0,100.0,80.0,,3.0,0.95,7465.6625,44371424.45,594.0
11863,1001.0,21.0,1.0,100.0,80.0,,4.0,0.65,7466.3125,44378890.7625,594.0
11864,1001.0,21.0,1.0,100.0,80.0,,5.0,0.2125,7466.525,44386357.2875,594.0
11865,1001.0,21.0,1.0,100.0,80.0,,6.0,0.2625,7466.7875,44393824.075,594.0
11866,1001.0,21.0,1.0,100.0,80.0,,7.0,0.0875,7466.875,44401290.95,594.0
11867,1001.0,21.0,1.0,100.0,80.0,,8.0,0.2,7467.075,44408758.025,594.0
11868,1001.0,21.0,1.0,100.0,80.0,,9.0,1.175,7468.25,44416226.275,594.0
11869,1001.0,21.0,1.0,100.0,80.0,,10.0,0.7625,7469.0125,44423695.2875,594.0
11870,1001.0,21.0,1.0,100.0,80.0,,11.0,1.1625,7470.175,44431165.4625,594.0
11871,1001.0,21.0,1.0,100.0,80.0,,12.0,0.9625,7471.1375,44438636.6,594.0
11872,1001.0,21.0,1.0,100.0,80.0,,13.0,0.275,7471.4125,44446108.0125,594.0
11873,1001.0,21.0,1.0,100.0,80.0,,14.0,0.075,7471.4875,44453579.5,594.0
11874,1001.0,21.0,1.0,100.0,80.0,,15.0,0.125,7471.6125,44461051.1125,594.0
11875,1001.0,21.0,1.0,100.0,80.0,,16.0,0.0375,7471.65,44468522.7625,594.0
11876,1001.0,21.0,1.0,100.0,80.0,,17.0,0.825,7472.475,44475995.2375,594.0
11877,1001.0,21.0,1.0,100.0,80.0,,18.0,0.275,7472.75,44483467.9875,594.0
11878,1001.0,21.0,1.0,100.0,80.0,,19.0,0.45,7473.2,44490941.1875,594.0
11879,1001.0,21.0,1.0,100.0,80.0,,20.0,1.225,7474.425,44498415.6125,594.0
11880,1001.0,21.0,1.0,100.0,80.0,,1.0,0.8375,7475.2625,44505890.875,595.0
11881,1001.0,21.0,1.0,100.0,80.0,,2.0,0.2,7475.4625,44513366.3375,595.0
11882,1001.0,21.0,1.0,100.0,80.0,,3.0,0.8625,7476.325,44520842.6625,595.0
11883,1001.0,21.0,1.0,100.0,80.0,,4.0,0.9625,7477.2875,44528319.95,595.0
11884,1001.0,21.0,1.0,100.0,80.0,,5.0,0.575,7477.8625,44535797.8125,595.0
11885,1001.0,21.0,1.0,100.0,80.0,,6.0,0.8625,7478.725,44543276.5375,595.0
11886,1001.0,21.0,1.0,100.0,80.0,,7.0,0.7375,7479.4625,44550756.0,595.0
11887,1001.0,21.0,1.0,100.0,80.0,,8.0,0.875,7480.3375,44558236.3375,595.0
11888,1001.0,21.0,1.0,100.0,80.0,,9.0,0.2125,7480.55,44565716.8875,595.0
11889,1001.0,21.0,1.0,100.0,80.0,,10.0,0.55,7481.1,44573197.9875,595.0
11890,1001.0,21.0,1.0,100.0,80.0,,11.0,1.2375,7482.3375,44580680.325,595.0
11891,1001.0,21.0,1.0,100.0,80.0,,12.0,1.075,7483.4125,44588163.7375,595.0
11892,1001.0,21.0,1.0,100.0,80.0,,13.0,0.475,7483.8875,44595647.625,595.0
11893,1001.0,21.0,1.0,100.0,80.0,,14.0,1.15,7485.0375,44603132.6625,595.0
11894,1001.0,21.0,1.0,100.0,80.0,,15.0,0.675,7485.7125,44610618.375,595.0
11895,1001.0,21.0,1.0,100.0,80.0,,16.0,1.0875,7486.8,44618105.175,595.0
11896,1001.0,21.0,1.0,100.0,80.0,,17.0,1.0125,7487.8125,44625592.9875,595.0
11897,1001.0,21.0,1.0,100.0,80.0,,18.0,0.9375,7488.75,44633081.7375,595.0
11898,1001.0,21.0,1.0,100.0,80.0,,19.0,0.3375,7489.0875,44640570.825,595.0
11899,1001.0,21.0,1.0,100.0,80.0,,20.0,1.1375,7490.225,44648061.05,595.0
11900,1001.0,21.0,1.0,100.0,80.0,,1.0,0.875,7491.1,44655552.15,596.0
11901,1001.0,21.0,1.0,100.0,80.0,,2.0,1.1875,7492.2875,44663044.4375,596.0
11902,1001.0,21.0,1.0,100.0,80.0,,3.0,0.725,7493.0125,44670537.45,596.0
11903,1001.0,21.0,1.0,100.0,80.0,,4.0,1.125,7494.1375,44678031.5875,596.0
11904,1001.0,21.0,1.0,100.0,80.0,,5.0,0.025,7494.1625,44685525.75,596.0
11905,1001.0,21.0,1.0,100.0,80.0,,6.0,0.3875,7494.55,44693020.3,596.0
11906,1001.0,21.0,1.0,100.0,80.0,,7.0,0.0375,7494.5875,44700514.8875,596.0
11907,1001.0,21.0,1.0,100.0,80.0,,8.0,0.4625,7495.05,44708009.9375,596.0
11908,1001.0,21.0,1.0,100.0,80.0,,9.0,0.0625,7495.1125,44715505.05,596.0
11909,1001.0,21.0,1.0,100.0,80.0,,10.0,0.6125,7495.725,44723000.775,596.0
11910,1001.0,21.0,1.0,100.0,80.0,,11.0,0.5375,7496.2625,44730497.0375,596.0
11911,1001.0,21.0,1.0,100.0,80.0,,12.0,0.4125,7496.675,44737993.7125,596.0
11912,1001.0,21.0,1.0,100.0,80.0,,13.0,1.0125,7497.6875,44745491.4,596.0
11913,1001.0,21.0,1.0,100.0,80.0,,14.0,0.4,7498.0875,44752989.4875,596.0
11914,1001.0,21.0,1.0,100.0,80.0,,15.0,1.175,7499.2625,44760488.75,596.0
11915,1001.0,21.0,1.0,100.0,80.0,,16.0,0.35,7499.6125,44767988.3625,596.0
11916,1001.0,21.0,1.0,100.0,80.0,,17.0,0.075,7499.6875,44775488.05,596.0
11917,1001.0,21.0,1.0,100.0,80.0,,18.0,0.125,7499.8125,44782987.8625,596.0
11918,1001.0,21.0,1.0,100.0,80.0,,19.0,0.4,7500.2125,44790488.075,596.0
11919,1001.0,21.0,1.0,100.0,80.0,,20.0,0.0875,7500.3,44797988.375,596.0
11920,1001.0,21.0,1.0,100.0,80.0,,1.0,0.175,7500.475,44805488.85,597.0
11921,1001.0,21.0,1.0,100.0,80.0,,2.0,0.4125,7500.8875,44812989.7375,597.0
11922,1001.0,21.0,1.0,100.0,80.0,,3.0,0.9,7501.7875,44820491.525,597.0
11923,1001.0,21.0,1.0,100.0,80.0,,4.0,0.85,7502.6375,44827994.1625,597.0
11924,1001.0,21.0,1.0,100.0,80.0,,5.0,0.825,7503.4625,44835497.625,597.0
11925,1001.0,21.0,1.0,100.0,80.0,,6.0,0.625,7504.0875,44843001.7125,597.0
11926,1001.0,21.0,1.0,100.0,80.0,,7.0,0.25,7504.3375,44850506.05,597.0
11927,1001.0,21.0,1.0,100.0,80.0,,8.0,0.575,7504.9125,44858010.9625,597.0
11928,1001.0,21.0,1.0,100.0,80.0,,9.0,0.8375,7505.75,44865516.7125,597.0
11929,1001.0,21.0,1.0,100.0,80.0,,10.0,0.2625,7506.0125,44873022.725,597.0
11930,1001.0,21.0,1.0,100.0,80.0,,11.0,1.125,7507.1375,44880529.8625,597.0
11931,1001.0,21.0,1.0,100.0,80.0,,12.0,0.425,7507.5625,44888037.425,597.0
11932,1001.0,21.0,1.0,100.0,80.0,,13.0,1.025,7508.5875,44895546.0125,597.0
11933,1001.0,21.0,1.0,100.0,80.0,,14.0,0.775,7509.3625,44903055.375,597.0
11934,1001.0,21.0,1.0,100.0,80.0,,15.0,0.1625,7509.525,44910564.9,597.0
11935,1001.0,21.0,1.0,100.0,80.0,,16.0,0.6875,7510.2125,44918075.1125,597.0
11936,1001.0,21.0,1.0,100.0,80.0,,17.0,0.4125,7510.625,44925585.7375,597.0
11937,1001.0,21.0,1.0,100.0,80.0,,18.0,0.6375,7511.2625,44933097.0,597.0
11938,1001.0,21.0,1.0,100.0,80.0,,19.0,0.55,7511.8125,44940608.8125,597.0
11939,1001.0,21.0,1.0,100.0,80.0,,20.0,0.8625,7512.675,44948121.4875,597.0
11940,1001.0,21.0,1.0,100.0,80.0,,1.0,1.05,7513.725,44955635.2125,598.0
11941,1001.0,21.0,1.0,100.0,80.0,,2.0,0.45,7514.175,44963149.3875,598.0
11942,1001.0,21.0,1.0,100.0,80.0,,3.0,0.1125,7514.2875,44970663.675,598.0
11943,1001.0,21.0,1.0,100.0,80.0,,4.0,0.6875,7514.975,44978178.65,598.0
11944,1001.0,21.0,1.0,100.0,80.0,,5.0,0.6375,7515.6125,44985694.2625,598.0
11945,1001.0,21.0,1.0,100.0,80.0,,6.0,0.65,7516.2625,44993210.525,598.0
11946,1001.0,21.0,1.0,100.0,80.0,,7.0,0.8,7517.0625,45000727.5875,598.0
11947,1001.0,21.0,1.0,100.0,80.0,,8.0,0.8,7517.8625,45008245.45,598.0
11948,1001.0,21.0,1.0,100.0,80.0,,9.0,0.575,7518.4375,45015763.8875,598.0
11949,1001.0,21.0,1.0,100.0,80.0,,10.0,0.7375,7519.175,45023283.0625,598.0
11950,1001.0,21.0,1.0,100.0,80.0,,11.0,0.35,7519.525,45030802.5875,598.0
11951,1001.0,21.0,1.0,100.0,80.0,,12.0,0.4625,7519.9875,45038322.575,598.0
11952,1001.0,21.0,1.0,100.0,80.0,,13.0,0.1375,7520.125,45045842.7,598.0
11953,1001.0,21.0,1.0,100.0,80.0,,14.0,0.4125,7520.5375,45053363.2375,598.0
11954,1001.0,21.0,1.0,100.0,80.0,,15.0,0.625,7521.1625,45060884.4,598.0
11955,1001.0,21.0,1.0,100.0,80.0,,16.0,0.9125,7522.075,45068406.475,598.0
11956,1001.0,21.0,1.0,100.0,80.0,,17.0,1.1375,7523.2125,45075929.6875,598.0
11957,1001.0,21.0,1.0,100.0,80.0,,18.0,0.325,7523.5375,45083453.225,598.0
11958,1001.0,21.0,1.0,100.0,80.0,,19.0,0.975,7524.5125,45090977.7375,598.0
11959,1001.0,21.0,1.0,100.0,80.0,,20.0,1.1875,7525.7,45098503.4375,598.0
11960,1001.0,21.0,1.0,100.0,80.0,,1.0,1.225,7526.925,45106030.3625,599.0
11961,1001.0,21.0,1.0,100.0,80.0,,2.0,0.975,7527.9,45113558.2625,599.0
11962,1001.0,21.0,1.0,100.0,80.0,,3.0,0.975,7528.875,45121087.1375,599.0
11963,1001.0,21.0,1.0,100.0,80.0,,4.0,0.975,7529.85,45128616.9875,599.0
11964,1001.0,21.0,1.0,100.0,80.0,,5.0,0.2625,7530.1125,45136147.1,599.0
11965,1001.0,21.0,1.0,100.0,80.0,,6.0,0.7,7530.8125,45143677.9125,599.0
11966,1001.0,21.0,1.0,100.0,80.0,,7.0,0.4375,7531.25,45151209.1625,599.0
11967,1001.0,21.0,1.0,100.0,80.0,,8.0,0.35,7531.6,45158740.7625,599.0
11968,1001.0,21.0,1.0,100.0,80.0,,9.0,0.05,7531.65,45166272.4125,599.0
11969,1001.0,21.0,1.0,100.0,80.0,,10.0,0.2625,7531.9125,45173804.325,599.0
11970,1001.0,21.0,1.0,100.0,80.0,,11.0,1.1625,7533.075,45181337.4,599.0
11971,1001.0,21.0,1.0,100.0,80.0,,12.0,0.425,7533.5,45188870.9,599.0
11972,1001.0,21.0,1.0,100.0,80.0,,13.0,1.1875,7534.6875,45196405.5875,599.0
11973,1001.0,21.0,1.0,100.0,80.0,,14.0,0.5,7535.1875,45203940.775,599.0
11974,1001.0,21.0,1.0,100.0,80.0,,15.0,0.775,7535.9625,45211476.7375,599.0
11975,1001.0,21.0,1.0,100.0,80.0,,16.0,0.675,7536.6375,45219013.375,599.0
11976,1001.0,21.0,1.0,100.0,80.0,,17.0,0.325,7536.9625,45226550.3375,599.0
11977,1001.0,21.0,1.0,100.0,80.0,,18.0,0.2125,7537.175,45234087.5125,599.0
11978,1001.0,21.0,1.0,100.0,80.0,,19.0,0.45,7537.625,45241625.1375,599.0
11979,1001.0,21.0,1.0,100.0,80.0,,20.0,1.0875,7538.7125,45249163.85,599.0
11980,1001.0,21.0,1.0,100.0,80.0,,1.0,0.4,7539.1125,45256702.9625,600.0
11981,1001.0,21.0,1.0,100.0,80.0,,2.0,0.8375,7539.95,45264242.9125,600.0
11982,1001.0,21.0,1.0,100.0,80.0,,3.0,0.425,7540.375,45271783.2875,600.0
11983,1001.0,21.0,1.0,100.0,80.0,,4.0,0.725,7541.1,45279324.3875,600.0
11984,1001.0,21.0,1.0,100.0,80.0,,5.0,1.2125,7542.3125,45286866.7,600.0
11985,1001.0,21.0,1.0,100.0,80.0,,6.0,0.075,7542.3875,45294409.0875,600.0
11986,1001.0,21.0,1.0,100.0,80.0,,7.0,0.0875,7542.475,45301951.5625,600.0
11987,1001.0,21.0,1.0,100.0,80.0,,8.0,1.2125,7543.6875,45309495.25,600.0
11988,1001.0,21.0,1.0,100.0,80.0,,9.0,1.225,7544.9125,45317040.1625,600.0
11989,1001.0,21.0,1.0,100.0,80.0,,10.0,0.1125,7545.025,45324585.1875,600.0
11990,1001.0,21.0,1.0,100.0,80.0,,11.0,1.1875,7546.2125,45332131.4,600.0
11991,1001.0,21.0,1.0,100.0,80.0,,12.0,1.0875,7547.3,45339678.7,600.0
11992,1001.0,21.0,1.0,100.0,80.0,,13.0,0.8375,7548.1375,45347226.8375,600.0
11993,1001.0,21.0,1.0,100.0,80.0,,14.0,1.2125,7549.35,45354776.1875,600.0
11994,1001.0,21.0,1.0,100.0,80.0,,15.0,0.6375,7549.9875,45362326.175,600.0
11995,1001.0,21.0,1.0,100.0,80.0,,16.0,0.9375,7550.925,45369877.1,600.0
11996,1001.0,21.0,1.0,100.0,80.0,,17.0,0.1875,7551.1125,45377428.2125,600.0
11997,1001.0,21.0,1.0,100.0,80.0,,18.0,0.2625,7551.375,45384979.5875,600.0
11998,1001.0,21.0,1.0,100.0,80.0,,19.0,1.1625,7552.5375,45392532.125,600.0
11999,1001.0,21.0,1.0,100.0,80.0,,20.0,0.5875,7553.125,45400085.25,600.0
12000,1001.0,21.0,1.0,100.0,80.0,,1.0,0.35,7553.475,45407638.725,601.0
12001,1001.0,21.0,1.0,100.0,80.0,,2.0,0.475,7553.95,45415192.675,601.0
12002,1001.0,21.0,1.0,100.0,80.0,,3.0,0.0375,7553.9875,45422746.6625,601.0
12003,1001.0,21.0,1.0,100.0,80.0,,4.0,0.35,7554.3375,45430301.0,601.0
12004,1001.0,21.0,1.0,100.0,80.0,,5.0,0.1875,7554.525,45437855.525,601.0
12005,1001.0,21.0,1.0,100.0,80.0,,6.0,0.3125,7554.8375,45445410.3625,601.0
12006,1001.0,21.0,1.0,100.0,80.0,,7.0,0.0375,7554.875,45452965.2375,601.0
12007,1001.0,21.0,1.0,100.0,80.0,,8.0,0.7625,7555.6375,45460520.875,601.0
12008,1001.0,21.0,1.0,100.0,80.0,,9.0,0.8875,7556.525,45468077.4,601.0
12009,1001.0,21.0,1.0,100.0,80.0,,10.0,1.15,7557.675,45475635.075,601.0
12010,1001.0,21.0,1.0,100.0,80.0,,11.0,1.05,7558.725,45483193.8,601.0
12011,1001.0,21.0,1.0,100.0,80.0,,12.0,1.15,7559.875,45490753.675,601.0
12012,1001.0,21.0,1.0,100.0,80.0,,13.0,0.1375,7560.0125,45498313.6875,601.0
12013,1001.0,21.0,1.0,100.0,80.0,,14.0,0.925,7560.9375,45505874.625,601.0
12014,1001.0,21.0,1.0,100.0,80.0,,15.0,0.75,7561.6875,45513436.3125,601.0
12015,1001.0,21.0,1.0,100.0,80.0,,16.0,1.2375,7562.925,45520999.2375,601.0
12016,1001.0,21.0,1.0,100.0,80.0,,17.0,0.6375,7563.5625,45528562.8,601.0
12017,1001.0,21.0,1.0,100.0,80.0,,18.0,0.4,7563.9625,45536126.7625,601.0
12018,1001.0,21.0,1.0,100.0,80.0,,19.0,0.425,7564.3875,45543691.15,601.0
12019,1001.0,21.0,1.0,100.0,80.0,,20.0,1.1375,7565.525,45551256.675,601.0
12020,1001.0,21.0,1.0,100.0,80.0,,1.0,0.7,7566.225,45558822.9,602.0
12021,1001.0,21.0,1.0,100.0,80.0,,2.0,0.7,7566.925,45566389.825,602.0
12022,1001.0,21.0,1.0,100.0,80.0,,3.0,0.1,7567.025,45573956.85,602.0
12023,1001.0,21.0,1.0,100.0,80.0,,4.0,0.625,7567.65,45581524.5,602.0
12024,1001.0,21.0,1.0,100.0,80.0,,5.0,1.1875,7568.8375,45589093.3375,602.0
12025,1001.0,21.0,1.0,100.0,80.0,,6.0,0.85,7569.6875,45596663.025,602.0
12026,1001.0,21.0,1.0,100.0,80.0,,7.0,0.8375,7570.525,45604233.55,602.0
12027,1001.0,21.0,1.0,100.0,80.0,,8.0,0.875,7571.4,45611804.95,602.0
12028,1001.0,21.0,1.0,100.0,80.0,,9.0,0.85,7572.25,45619377.2,602.0
12029,1001.0,21.0,1.0,100.0,80.0,,10.0,1.0125,7573.2625,45626950.4625,602.0
12030,1001.0,21.0,1.0,100.0,80.0,,11.0,0.325,7573.5875,45634524.05,602.0
12031,1001.0,21.0,1.0,100.0,80.0,,12.0,0.475,7574.0625,45642098.1125,602.0
12032,1001.0,21.0,1.0,100.0,80.0,,13.0,0.4,7574.4625,45649672.575,602.0
12033,1001.0,21.0,1.0,100.0,80.0,,14.0,0.325,7574.7875,45657247.3625,602.0
12034,1001.0,21.0,1.0,100.0,80.0,,15.0,0.3,7575.0875,45664822.45,602.0
12035,1001.0,21.0,1.0,100.0,80.0,,16.0,0.5625,7575.65,45672398.1,602.0
12036,1001.0,21.0,1.0,100.0,80.0,,17.0,0.0625,7575.7125,45679973.8125,602.0
12037,1001.0,21.0,1.0,100.0,80.0,,18.0,0.6875,7576.4,45687550.2125,602.0
12038,1001.0,21.0,1.0,100.0,80.0,,19.0,0.975,7577.375,45695127.5875,602.0
12039,1001.0,21.0,1.0,100.0,80.0,,20.0,0.0375,7577.4125,45702705.0,602.0
12040,1001.0,21.0,1.0,100.0,80.0,,1.0,0.125,7577.5375,45710282.5375,603.0
12041,1001.0,21.0,1.0,100.0,80.0,,2.0,0.425,7577.9625,45717860.5,603.0
12042,1001.0,21.0,1.0,100.0,80.0,,3.0,1.125,7579.0875,45725439.5875,603.0
12043,1001.0,21.0,1.0,100.0,80.0,,4.0,0.375,7579.4625,45733019.05,603.0
12044,1001.0,21.0,1.0,100.0,80.0,,5.0,0.6125,7580.075,45740599.125,603.0
12045,1001.0,21.0,1.0,100.0,80.0,,6.0,0.975,7581.05,45748180.175,603.0
12046,1001.0,21.0,1.0,100.0,80.0,,7.0,1.15,7582.2,45755762.375,603.0
12047,1001.0,21.0,1.0,100.0,80.0,,8.0,0.8875,7583.0875,45763345.4625,603.0
12048,1001.0,21.0,1.0,100.0,80.0,,9.0,0.35,7583.4375,45770928.9,603.0
12049,1001.0,21.0,1.0,100.0,80.0,,10.0,0.7125,7584.15,45778513.05,603.0
12050,1001.0,21.0,1.0,100.0,80.0,,11.0,0.8875,7585.0375,45786098.0875,603.0
12051,1001.0,21.0,1.0,100.0,80.0,,12.0,0.875,7585.9125,45793684.0,603.0
12052,1001.0,21.0,1.0,100.0,80.0,,13.0,1.175,7587.0875,45801271.0875,603.0
12053,1001.0,21.0,1.0,100.0,80.0,,14.0,1.1125,7588.2,45808859.2875,603.0
12054,1001.0,21.0,1.0,100.0,80.0,,15.0,0.75,7588.95,45816448.2375,603.0
12055,1001.0,21.0,1.0,100.0,80.0,,16.0,0.225,7589.175,45824037.4125,603.0
12056,1001.0,21.0,1.0,100.0,80.0,,17.0,0.4375,7589.6125,45831627.025,603.0
12057,1001.0,21.0,1.0,100.0,80.0,,18.0,0.475,7590.0875,45839217.1125,603.0
12058,1001.0,21.0,1.0,100.0,80.0,,19.0,0.025,7590.1125,45846807.225,603.0
12059,1001.0,21.0,1.0,100.0,80.0,,20.0,1.1875,7591.3,45854398.525,603.0
12060,1001.0,21.0,1.0,100.0,80.0,,1.0,1.225,7592.525,45861991.05,604.0
12061,1001.0,21.0,1.0,100.0,80.0,,2.0,1.1,7593.625,45869584.675,604.0
12062,1001.0,21.0,1.0,100.0,80.0,,3.0,0.2375,7593.8625,45877178.5375,604.0
12063,1001.0,21.0,1.0,100.0,80.0,,4.0,0.275,7594.1375,45884772.675,604.0
12064,1001.0,21.0,1.0,100.0,80.0,,5.0,0.55,7594.6875,45892367.3625,604.0
12065,1001.0,21.0,1.0,100.0,80.0,,6.0,0.6875,7595.375,45899962.7375,604.0
12066,1001.0,21.0,1.0,100.0,80.0,,7.0,0.3875,7595.7625,45907558.5,604.0
12067,1001.0,21.0,1.0,100.0,80.0,,8.0,0.4375,7596.2,45915154.7,604.0
12068,1001.0,21.0,1.0,100.0,80.0,,9.0,1.2125,7597.4125,45922752.1125,604.0
12069,1001.0,21.0,1.0,100.0,80.0,,10.0,0.2125,7597.625,45930349.7375,604.0
12070,1001.0,21.0,1.0,100.0,80.0,,11.0,0.3875,7598.0125,45937947.75,604.0
12071,1001.0,21.0,1.0,100.0,80.0,,12.0,0.4,7598.4125,45945546.1625,604.0
12072,1001.0,21.0,1.0,100.0,80.0,,13.0,1.2125,7599.625,45953145.7875,604.0
12073,1001.0,21.0,1.0,100.0,80.0,,14.0,1.0125,7600.6375,45960746.425,604.0
12074,1001.0,21.0,1.0,100.0,80.0,,15.0,0.95,7601.5875,45968348.0125,604.0
12075,1001.0,21.0,1.0,100.0,80.0,,16.0,1.175,7602.7625,45975950.775,604.0
12076,1001.0,21.0,1.0,100.0,80.0,,17.0,0.8,7603.5625,45983554.3375,604.0
12077,1001.0,21.0,1.0,100.0,80.0,,18.0,0.4875,7604.05,45991158.3875,604.0
12078,1001.0,21.0,1.0,100.0,80.0,,19.0,0.15,7604.2,45998762.5875,604.0
12079,1001.0,21.0,1.0,100.0,80.0,,20.0,0.325,7604.525,46006367.1125,604.0
12080,1001.0,21.0,1.0,100.0,80.0,,1.0,1.125,7605.65,46013972.7625,605.0
12081,1001.0,21.0,1.0,100.0,80.0,,2.0,1.2375,7606.8875,46021579.65,605.0
12082,1001.0,21.0,1.0,100.0,80.0,,3.0,1.025,7607.9125,46029187.5625,605.0
12083,1001.0,21.0,1.0,100.0,80.0,,4.0,0.3375,7608.25,46036795.8125,605.0
12084,1001.0,21.0,1.0,100.0,80.0,,5.0,0.3,7608.55,46044404.3625,605.0
12085,1001.0,21.0,1.0,100.0,80.0,,6.0,0.9,7609.45,46052013.8125,605.0
12086,1001.0,21.0,1.0,100.0,80.0,,7.0,0.3375,7609.7875,46059623.6,605.0
12087,1001.0,21.0,1.0,100.0,80.0,,8.0,0.45,7610.2375,46067233.8375,605.0
12088,1001.0,21.0,1.0,100.0,80.0,,9.0,0.4125,7610.65,46074844.4875,605.0
12089,1001.0,21.0,1.0,100.0,80.0,,10.0,1.1625,7611.8125,46082456.3,605.0
12090,1001.0,21.0,1.0,100.0,80.0,,11.0,0.225,7612.0375,46090068.3375,605.0
12091,1001.0,21.0,1.0,100.0,80.0,,12.0,0.5875,7612.625,46097680.9625,605.0
12092,1001.0,21.0,1.0,100.0,80.0,,13.0,0.6375,7613.2625,46105294.225,605.0
12093,1001.0,21.0,1.0,100.0,80.0,,14.0,0.15,7613.4125,46112907.6375,605.0
12094,1001.0,21.0,1.0,100.0,80.0,,15.0,0.925,7614.3375,46120521.975,605.0
12095,1001.0,21.0,1.0,100.0,80.0,,16.0,0.275,7614.6125,46128136.5875,605.0
12096,1001.0,21.0,1.0,100.0,80.0,,17.0,0.8,7615.4125,46135752.0,605.0
12097,1001.0,21.0,1.0,100.0,80.0,,18.0,0.6,7616.0125,46143368.0125,605.0
12098,1001.0,21.0,1.0,100.0,80.0,,19.0,0.3875,7616.4,46150984.4125,605.0
12099,1001.0,21.0,1.0,100.0,80.0,,20.0,0.55,7616.95,46158601.3625,605.0
12100,1001.0,21.0,1.0,100.0,80.0,,1.0,1.15,7618.1,46166219.4625,606.0
12101,1001.0,21.0,1.0,100.0,80.0,,2.0,0.8,7618.9,46173838.3625,606.0
12102,1001.0,21.0,1.0,100.0,80.0,,3.0,0.0875,7618.9875,46181457.35,606.0
12103,1001.0,21.0,1.0,100.0,80.0,,4.0,0.9625,7619.95,46189077.3,606.0
12104,1001.0,21.0,1.0,100.0,80.0,,5.0,0.0375,7619.9875,46196697.2875,606.0
12105,1001.0,21.0,1.0,100.0,80.0,,6.0,0.8375,7620.825,46204318.1125,606.0
12106,1001.0,21.0,1.0,100.0,80.0,,7.0,1.025,7621.85,46211939.9625,606.0
12107,1001.0,21.0,1.0,100.0,80.0,,8.0,1.125,7622.975,46219562.9375,606.0
12108,1001.0,21.0,1.0,100.0,80.0,,9.0,0.9875,7623.9625,46227186.9,606.0
12109,1001.0,21.0,1.0,100.0,80.0,,10.0,0.75,7624.7125,46234811.6125,606.0
12110,1001.0,21.0,1.0,100.0,80.0,,11.0,0.825,7625.5375,46242437.15,606.0
12111,1001.0,21.0,1.0,100.0,80.0,,12.0,0.1,7625.6375,46250062.7875,606.0
12112,1001.0,21.0,1.0,100.0,80.0,,13.0,0.9375,7626.575,46257689.3625,606.0
12113,1001.0,21.0,1.0,100.0,80.0,,14.0,0.85,7627.425,46265316.7875,606.0
12114,1001.0,21.0,1.0,100.0,80.0,,15.0,0.775,7628.2,46272944.9875,606.0
12115,1001.0,21.0,1.0,100.0,80.0,,16.0,0.025,7628.225,46280573.2125,606.0
12116,1001.0,21.0,1.0,100.0,80.0,,17.0,0.15,7628.375,46288201.5875,606.0
12117,1001.0,21.0,1.0,100.0,80.0,,18.0,0.475,7628.85,46295830.4375,606.0
12118,1001.0,21.0,1.0,100.0,80.0,,19.0,1.0,7629.85,46303460.2875,606.0
12119,1001.0,21.0,1.0,100.0,80.0,,20.0,0.8375,7630.6875,46311090.975,606.0
12120,1001.0,21.0,1.0,100.0,80.0,,1.0,0.025,7630.7125,46318721.6875,607.0
12121,1001.0,21.0,1.0,100.0,80.0,,2.0,0.775,7631.4875,46326353.175,607.0
12122,1001.0,21.0,1.0,100.0,80.0,,3.0,0.6,7632.0875,46333985.2625,607.0
12123,1001.0,21.0,1.0,100.0,80.0,,4.0,0.0375,7632.125,46341617.3875,607.0
12124,1001.0,21.0,1.0,100.0,80.0,,5.0,0.95,7633.075,46349250.4625,607.0
12125,1001.0,21.0,1.0,100.0,80.0,,6.0,0.6875,7633.7625,46356884.225,607.0
12126,1001.0,21.0,1.0,100.0,80.0,,7.0,0.9375,7634.7,46364518.925,607.0
12127,1001.0,21.0,1.0,100.0,80.0,,8.0,1.2,7635.9,46372154.825,607.0
12128,1001.0,21.0,1.0,100.0,80.0,,9.0,0.75,7636.65,46379791.475,607.0
12129,1001.0,21.0,1.0,100.0,80.0,,10.0,0.6,7637.25,46387428.725,607.0
12130,1001.0,21.0,1.0,100.0,80.0,,11.0,0.7875,7638.0375,46395066.7625,607.0
12131,1001.0,21.0,1.0,100.0,80.0,,12.0,0.9375,7638.975,46402705.7375,607.0
12132,1001.0,21.0,1.0,100.0,80.0,,13.0,0.9875,7639.9625,46410345.7,607.0
12133,1001.0,21.0,1.0,100.0,80.0,,14.0,0.2625,7640.225,46417985.925,607.0
12134,1001.0,21.0,1.0,100.0,80.0,,15.0,1.1125,7641.3375,46425627.2625,607.0
12135,1001.0,21.0,1.0,100.0,80.0,,16.0,0.2125,7641.55,46433268.8125,607.0
12136,1001.0,21.0,1.0,100.0,80.0,,17.0,0.2375,7641.7875,46440910.6,607.0
12137,1001.0,21.0,1.0,100.0,80.0,,18.0,0.375,7642.1625,46448552.7625,607.0
12138,1001.0,21.0,1.0,100.0,80.0,,19.0,0.4625,7642.625,46456195.3875,607.0
12139,1001.0,21.0,1.0,100.0,80.0,,20.0,0.85,7643.475,46463838.8625,607.0
12140,1001.0,21.0,1.0,100.0,80.0,,1.0,0.125,7643.6,46471482.4625,608.0
12141,1001.0,21.0,1.0,100.0,80.0,,2.0,0.8125,7644.4125,46479126.875,608.0
12142,1001.0,21.0,1.0,100.0,80.0,,3.0,0.4,7644.8125,46486771.6875,608.0
12143,1001.0,21.0,1.0,100.0,80.0,,4.0,0.625,7645.4375,46494417.125,608.0
12144,1001.0,21.0,1.0,100.0,80.0,,5.0,0.65,7646.0875,46502063.2125,608.0
12145,1001.0,21.0,1.0,100.0,80.0,,6.0,0.7625,7646.85,46509710.0625,608.0
12146,1001.0,21.0,1.0,100.0,80.0,,7.0,1.2375,7648.0875,46517358.15,608.0
12147,1001.0,21.0,1.0,100.0,80.0,,8.0,0.2625,7648.35,46525006.5,608.0
12148,1001.0,21.0,1.0,100.0,80.0,,9.0,0.25,7648.6,46532655.1,608.0
12149,1001.0,21.0,1.0,100.0,80.0,,10.0,0.1375,7648.7375,46540303.8375,608.0
12150,1001.0,21.0,1.0,100.0,80.0,,11.0,0.6125,7649.35,46547953.1875,608.0
12151,1001.0,21.0,1.0,100.0,80.0,,12.0,0.2875,7649.6375,46555602.825,608.0
12152,1001.0,21.0,1.0,100.0,80.0,,13.0,0.925,7650.5625,46563253.3875,608.0
12153,1001.0,21.0,1.0,100.0,80.0,,14.0,1.1375,7651.7,46570905.0875,608.0
12154,1001.0,21.0,1.0,100.0,80.0,,15.0,0.6125,7652.3125,46578557.4,608.0
12155,1001.0,21.0,1.0,100.0,80.0,,16.0,1.2,7653.5125,46586210.9125,608.0
12156,1001.0,21.0,1.0,100.0,80.0,,17.0,0.9125,7654.425,46593865.3375,608.0
12157,1001.0,21.0,1.0,100.0,80.0,,18.0,0.6875,7655.1125,46601520.45,608.0
12158,1001.0,21.0,1.0,100.0,80.0,,19.0,0.65,7655.7625,46609176.2125,608.0
12159,1001.0,21.0,1.0,100.0,80.0,,20.0,0.075,7655.8375,46616832.05,608.0
12160,1001.0,21.0,1.0,100.0,80.0,,1.0,1.1,7656.9375,46624488.9875,609.0
12161,1001.0,21.0,1.0,100.0,80.0,,2.0,1.0,7657.9375,46632146.925,609.0
12162,1001.0,21.0,1.0,100.0,80.0,,3.0,0.8,7658.7375,46639805.6625,609.0
12163,1001.0,21.0,1.0,100.0,80.0,,4.0,0.375,7659.1125,46647464.775,609.0
12164,1001.0,21.0,1.0,100.0,80.0,,5.0,0.6125,7659.725,46655124.5,609.0
12165,1001.0,21.0,1.0,100.0,80.0,,6.0,0.0875,7659.8125,46662784.3125,609.0
12166,1001.0,21.0,1.0,100.0,80.0,,7.0,0.8375,7660.65,46670444.9625,609.0
12167,1001.0,21.0,1.0,100.0,80.0,,8.0,1.1375,7661.7875,46678106.75,609.0
12168,1001.0,21.0,1.0,100.0,80.0,,9.0,1.1625,7662.95,46685769.7,609.0
12169,1001.0,21.0,1.0,100.0,80.0,,10.0,0.95,7663.9,46693433.6,609.0
12170,1001.0,21.0,1.0,100.0,80.0,,11.0,1.225,7665.125,46701098.725,609.0
12171,1001.0,21.0,1.0,100.0,80.0,,12.0,0.2375,7665.3625,46708764.0875,609.0
12172,1001.0,21.0,1.0,100.0,80.0,,13.0,0.2125,7665.575,46716429.6625,609.0
12173,1001.0,21.0,1.0,100.0,80.0,,14.0,0.8125,7666.3875,46724096.05,609.0
12174,1001.0,21.0,1.0,100.0,80.0,,15.0,0.7375,7667.125,46731763.175,609.0
12175,1001.0,21.0,1.0,100.0,80.0,,16.0,1.05,7668.175,46739431.35,609.0
12176,1001.0,21.0,1.0,100.0,80.0,,17.0,0.5125,7668.6875,46747100.0375,609.0
12177,1001.0,21.0,1.0,100.0,80.0,,18.0,0.425,7669.1125,46754769.15,609.0
12178,1001.0,21.0,1.0,100.0,80.0,,19.0,1.025,7670.1375,46762439.2875,609.0
12179,1001.0,21.0,1.0,100.0,80.0,,20.0,1.2125,7671.35,46770110.6375,609.0
12180,1001.0,21.0,1.0,100.0,80.0,,1.0,0.7125,7672.0625,46777782.7,610.0
12181,1001.0,21.0,1.0,100.0,80.0,,2.0,0.0625,7672.125,46785454.825,610.0
12182,1001.0,21.0,1.0,100.0,80.0,,3.0,0.6625,7672.7875,46793127.6125,610.0
12183,1001.0,21.0,1.0,100.0,80.0,,4.0,0.625,7673.4125,46800801.025,610.0
12184,1001.0,21.0,1.0,100.0,80.0,,5.0,0.7375,7674.15,46808475.175,610.0
12185,1001.0,21.0,1.0,100.0,80.0,,6.0,0.85,7675.0,46816150.175,610.0
12186,1001.0,21.0,1.0,100.0,80.0,,7.0,0.975,7675.975,46823826.15,610.0
12187,1001.0,21.0,1.0,100.0,80.0,,8.0,0.7375,7676.7125,46831502.8625,610.0
12188,1001.0,21.0,1.0,100.0,80.0,,9.0,0.475,7677.1875,46839180.05,610.0
12189,1001.0,21.0,1.0,100.0,80.0,,10.0,0.775,7677.9625,46846858.0125,610.0
12190,1001.0,21.0,1.0,100.0,80.0,,11.0,0.575,7678.5375,46854536.55,610.0
12191,1001.0,21.0,1.0,100.0,80.0,,12.0,0.275,7678.8125,46862215.3625,610.0
12192,1001.0,21.0,1.0,100.0,80.0,,13.0,0.2625,7679.075,46869894.4375,610.0
12193,1001.0,21.0,1.0,100.0,80.0,,14.0,1.0125,7680.0875,46877574.525,610.0
12194,1001.0,21.0,1.0,100.0,80.0,,15.0,0.0875,7680.175,46885254.7,610.0
12195,1001.0,21.0,1.0,100.0,80.0,,16.0,1.05,7681.225,46892935.925,610.0
12196,1001.0,21.0,1.0,100.0,80.0,,17.0,0.0625,7681.2875,46900617.2125,610.0
12197,1001.0,21.0,1.0,100.0,80.0,,18.0,0.6875,7681.975,46908299.1875,610.0
12198,1001.0,21.0,1.0,100.0,80.0,,19.0,0.725,7682.7,46915981.8875,610.0
12199,1001.0,21.0,1.0,100.0,80.0,,20.0,0.55,7683.25,46923665.1375,610.0
12200,1001.0,21.0,1.0,100.0,80.0,,1.0,0.275,7683.525,46931348.6625,611.0
12201,1001.0,21.0,1.0,100.0,80.0,,2.0,0.0875,7683.6125,46939032.275,611.0
12202,1001.0,21.0,1.0,100.0,80.0,,3.0,1.0375,7684.65,46946716.925,611.0
12203,1001.0,21.0,1.0,100.0,80.0,,4.0,0.6625,7685.3125,46954402.2375,611.0
12204,1001.0,21.0,1.0,100.0,80.0,,5.0,0.0125,7685.325,46962087.5625,611.0
12205,1001.0,21.0,1.0,100.0,80.0,,6.0,0.2,7685.525,46969773.0875,611.0
12206,1001.0,21.0,1.0,100.0,80.0,,7.0,0.825,7686.35,46977459.4375,611.0
12207,1001.0,21.0,1.0,100.0,80.0,,8.0,1.05,7687.4,46985146.8375,611.0
12208,1001.0,21.0,1.0,100.0,80.0,,9.0,0.3,7687.7,46992834.5375,611.0
12209,1001.0,21.0,1.0,100.0,80.0,,10.0,0.9375,7688.6375,47000523.175,611.0
12210,1001.0,21.0,1.0,100.0,80.0,,11.0,0.7375,7689.375,47008212.55,611.0
12211,1001.0,21.0,1.0,100.0,80.0,,12.0,0.1375,7689.5125,47015902.0625,611.0
12212,1001.0,21.0,1.0,100.0,80.0,,13.0,0.3625,7689.875,47023591.9375,611.0
12213,1001.0,21.0,1.0,100.0,80.0,,14.0,1.025,7690.9,47031282.8375,611.0
12214,1001.0,21.0,1.0,100.0,80.0,,15.0,0.3,7691.2,47038974.0375,611.0
12215,1001.0,21.0,1.0,100.0,80.0,,16.0,0.2875,7691.4875,47046665.525,611.0
12216,1001.0,21.0,1.0,100.0,80.0,,17.0,0.025,7691.5125,47054357.0375,611.0
12217,1001.0,21.0,1.0,100.0,80.0,,18.0,0.275,7691.7875,47062048.825,611.0
12218,1001.0,21.0,1.0,100.0,80.0,,19.0,0.475,7692.2625,47069741.0875,611.0
12219,1001.0,21.0,1.0,100.0,80.0,,20.0,0.1875,7692.45,47077433.5375,611.0
12220,1001.0,21.0,1.0,100.0,80.0,,1.0,0.95,7693.4,47085126.9375,612.0
12221,1001.0,21.0,1.0,100.0,80.0,,2.0,0.55,7693.95,47092820.8875,612.0
12222,1001.0,21.0,1.0,100.0,80.0,,3.0,1.1,7695.05,47100515.9375,612.0
12223,1001.0,21.0,1.0,100.0,80.0,,4.0,0.25,7695.3,47108211.2375,612.0
12224,1001.0,21.0,1.0,100.0,80.0,,5.0,1.05,7696.35,47115907.5875,612.0
12225,1001.0,21.0,1.0,100.0,80.0,,6.0,0.4375,7696.7875,47123604.375,612.0
12226,1001.0,21.0,1.0,100.0,80.0,,7.0,1.075,7697.8625,47131302.2375,612.0
12227,1001.0,21.0,1.0,100.0,80.0,,8.0,1.1875,7699.05,47139001.2875,612.0
12228,1001.0,21.0,1.0,100.0,80.0,,9.0,0.475,7699.525,47146700.8125,612.0
12229,1001.0,21.0,1.0,100.0,80.0,,10.0,0.725,7700.25,47154401.0625,612.0
12230,1001.0,21.0,1.0,100.0,80.0,,11.0,0.7125,7700.9625,47162102.025,612.0
12231,1001.0,21.0,1.0,100.0,80.0,,12.0,0.9125,7701.875,47169803.9,612.0
12232,1001.0,21.0,1.0,100.0,80.0,,13.0,0.3,7702.175,47177506.075,612.0
12233,1001.0,21.0,1.0,100.0,80.0,,14.0,0.0375,7702.2125,47185208.2875,612.0
12234,1001.0,21.0,1.0,100.0,80.0,,15.0,0.575,7702.7875,47192911.075,612.0
12235,1001.0,21.0,1.0,100.0,80.0,,16.0,0.4375,7703.225,47200614.3,612.0
12236,1001.0,21.0,1.0,100.0,80.0,,17.0,1.15,7704.375,47208318.675,612.0
12237,1001.0,21.0,1.0,100.0,80.0,,18.0,0.4375,7704.8125,47216023.4875,612.0
12238,1001.0,21.0,1.0,100.0,80.0,,19.0,1.15,7705.9625,47223729.45,612.0
12239,1001.0,21.0,1.0,100.0,80.0,,20.0,0.6875,7706.65,47231436.1,612.0
12240,1001.0,21.0,1.0,100.0,80.0,,1.0,1.0375,7707.6875,47239143.7875,613.0
12241,1001.0,21.0,1.0,100.0,80.0,,2.0,0.55,7708.2375,47246852.025,613.0
12242,1001.0,21.0,1.0,100.0,80.0,,3.0,0.8375,7709.075,47254561.1,613.0
12243,1001.0,21.0,1.0,100.0,80.0,,4.0,0.175,7709.25,47262270.35,613.0
12244,1001.0,21.0,1.0,100.0,80.0,,5.0,0.875,7710.125,47269980.475,613.0
12245,1001.0,21.0,1.0,100.0,80.0,,6.0,0.35,7710.475,47277690.95,613.0
12246,1001.0,21.0,1.0,100.0,80.0,,7.0,0.5375,7711.0125,47285401.9625,613.0
12247,1001.0,21.0,1.0,100.0,80.0,,8.0,0.525,7711.5375,47293113.5,613.0
12248,1001.0,21.0,1.0,100.0,80.0,,9.0,0.8,7712.3375,47300825.8375,613.0
12249,1001.0,21.0,1.0,100.0,80.0,,10.0,0.2125,7712.55,47308538.3875,613.0
12250,1001.0,21.0,1.0,100.0,80.0,,11.0,0.6625,7713.2125,47316251.6,613.0
12251,1001.0,21.0,1.0,100.0,80.0,,12.0,0.3,7713.5125,47323965.1125,613.0
12252,1001.0,21.0,1.0,100.0,80.0,,13.0,0.05,7713.5625,47331678.675,613.0
12253,1001.0,21.0,1.0,100.0,80.0,,14.0,0.075,7713.6375,47339392.3125,613.0
12254,1001.0,21.0,1.0,100.0,80.0,,15.0,0.2375,7713.875,47347106.1875,613.0
12255,1001.0,21.0,1.0,100.0,80.0,,16.0,0.0375,7713.9125,47354820.1,613.0
12256,1001.0,21.0,1.0,100.0,80.0,,17.0,0.7375,7714.65,47362534.75,613.0
12257,1001.0,21.0,1.0,100.0,80.0,,18.0,0.55,7715.2,47370249.95,613.0
12258,1001.0,21.0,1.0,100.0,80.0,,19.0,0.6,7715.8,47377965.75,613.0
12259,1001.0,21.0,1.0,100.0,80.0,,20.0,0.4875,7716.2875,47385682.0375,613.0
12260,1001.0,21.0,1.0,100.0,80.0,,1.0,1.1875,7717.475,47393399.5125,614.0
12261,1001.0,21.0,1.0,100.0,80.0,,2.0,1.1125,7718.5875,47401118.1,614.0
12262,1001.0,21.0,1.0,100.0,80.0,,3.0,1.2,7719.7875,47408837.8875,614.0
12263,1001.0,21.0,1.0,100.0,80.0,,4.0,0.875,7720.6625,47416558.55,614.0
12264,1001.0,21.0,1.0,100.0,80.0,,5.0,0.5125,7721.175,47424279.725,614.0
12265,1001.0,21.0,1.0,100.0,80.0,,6.0,0.775,7721.95,47432001.675,614.0
12266,1001.0,21.0,1.0,100.0,80.0,,7.0,0.2875,7722.2375,47439723.9125,614.0
12267,1001.0,21.0,1.0,100.0,80.0,,8.0,0.375,7722.6125,47447446.525,614.0
12268,1001.0,21.0,1.0,100.0,80.0,,9.0,0.725,7723.3375,47455169.8625,614.0
12269,1001.0,21.0,1.0,100.0,80.0,,10.0,0.2875,7723.625,47462893.4875,614.0
12270,1001.0,21.0,1.0,100.0,80.0,,11.0,0.2625,7723.8875,47470617.375,614.0
12271,1001.0,21.0,1.0,100.0,80.0,,12.0,0.5875,7724.475,47478341.85,614.0
12272,1001.0,21.0,1.0,100.0,80.0,,13.0,0.3875,7724.8625,47486066.7125,614.0
12273,1001.0,21.0,1.0,100.0,80.0,,14.0,1.225,7726.0875,47493792.8,614.0
12274,1001.0,21.0,1.0,100.0,80.0,,15.0,0.425,7726.5125,47501519.3125,614.0
12275,1001.0,21.0,1.0,100.0,80.0,,16.0,0.2125,7726.725,47509246.0375,614.0
12276,1001.0,21.0,1.0,100.0,80.0,,17.0,0.1375,7726.8625,47516972.9,614.0
12277,1001.0,21.0,1.0,100.0,80.0,,18.0,0.825,7727.6875,47524700.5875,614.0
12278,1001.0,21.0,1.0,100.0,80.0,,19.0,0.2625,7727.95,47532428.5375,614.0
12279,1001.0,21.0,1.0,100.0,80.0,,20.0,0.9375,7728.8875,47540157.425,614.0
12280,1001.0,21.0,1.0,100.0,80.0,,1.0,0.8625,7729.75,47547887.175,615.0
12281,1001.0,21.0,1.0,100.0,80.0,,2.0,0.45,7730.2,47555617.375,615.0
12282,1001.0,21.0,1.0,100.0,80.0,,3.0,1.225,7731.425,47563348.8,615.0
12283,1001.0,21.0,1.0,100.0,80.0,,4.0,0.2875,7731.7125,47571080.5125,615.0
12284,1001.0,21.0,1.0,100.0,80.0,,5.0,1.0125,7732.725,47578813.2375,615.0
12285,1001.0,21.0,1.0,100.0,80.0,,6.0,0.5625,7733.2875,47586546.525,615.0
12286,1001.0,21.0,1.0,100.0,80.0,,7.0,0.6125,7733.9,47594280.425,615.0
12287,1001.0,21.0,1.0,100.0,80.0,,8.0,0.7125,7734.6125,47602015.0375,615.0
12288,1001.0,21.0,1.0,100.0,80.0,,9.0,1.2,7735.8125,47609750.85,615.0
12289,1001.0,21.0,1.0,100.0,80.0,,10.0,0.925,7736.7375,47617487.5875,615.0
12290,1001.0,21.0,1.0,100.0,80.0,,11.0,0.3125,7737.05,47625224.6375,615.0
12291,1001.0,21.0,1.0,100.0,80.0,,12.0,1.0625,7738.1125,47632962.75,615.0
12292,1001.0,21.0,1.0,100.0,80.0,,13.0,0.2625,7738.375,47640701.125,615.0
12293,1001.0,21.0,1.0,100.0,80.0,,14.0,0.15,7738.525,47648439.65,615.0
12294,1001.0,21.0,1.0,100.0,80.0,,15.0,0.95,7739.475,47656179.125,615.0
12295,1001.0,21.0,1.0,100.0,80.0,,16.0,0.9,7740.375,47663919.5,615.0
12296,1001.0,21.0,1.0,100.0,80.0,,17.0,0.425,7740.8,47671660.3,615.0
12297,1001.0,21.0,1.0,100.0,80.0,,18.0,0.3875,7741.1875,47679401.4875,615.0
12298,1001.0,21.0,1.0,100.0,80.0,,19.0,0.15,7741.3375,47687142.825,615.0
12299,1001.0,21.0,1.0,100.0,80.0,,20.0,1.2125,7742.55,47694885.375,615.0
12300,1001.0,21.0,1.0,100.0,80.0,,1.0,0.2125,7742.7625,47702628.1375,616.0
12301,1001.0,21.0,1.0,100.0,80.0,,2.0,1.125,7743.8875,47710372.025,616.0
12302,1001.0,21.0,1.0,100.0,80.0,,3.0,0.575,7744.4625,47718116.4875,616.0
12303,1001.0,21.0,1.0,100.0,80.0,,4.0,0.725,7745.1875,47725861.675,616.0
12304,1001.0,21.0,1.0,100.0,80.0,,5.0,1.2,7746.3875,47733608.0625,616.0
12305,1001.0,21.0,1.0,100.0,80.0,,6.0,0.675,7747.0625,47741355.125,616.0
12306,1001.0,21.0,1.0,100.0,80.0,,7.0,0.45,7747.5125,47749102.6375,616.0
12307,1001.0,21.0,1.0,100.0,80.0,,8.0,0.775,7748.2875,47756850.925,616.0
12308,1001.0,21.0,1.0,100.0,80.0,,9.0,0.2125,7748.5,47764599.425,616.0
12309,1001.0,21.0,1.0,100.0,80.0,,10.0,0.5625,7749.0625,47772348.4875,616.0
12310,1001.0,21.0,1.0,100.0,80.0,,11.0,0.25,7749.3125,47780097.8,616.0
12311,1001.0,21.0,1.0,100.0,80.0,,12.0,0.975,7750.2875,47787848.0875,616.0
12312,1001.0,21.0,1.0,100.0,80.0,,13.0,1.025,7751.3125,47795599.4,616.0
12313,1001.0,21.0,1.0,100.0,80.0,,14.0,0.75,7752.0625,47803351.4625,616.0
12314,1001.0,21.0,1.0,100.0,80.0,,15.0,0.5625,7752.625,47811104.0875,616.0
12315,1001.0,21.0,1.0,100.0,80.0,,16.0,0.9625,7753.5875,47818857.675,616.0
12316,1001.0,21.0,1.0,100.0,80.0,,17.0,1.025,7754.6125,47826612.2875,616.0
12317,1001.0,21.0,1.0,100.0,80.0,,18.0,1.175,7755.7875,47834368.075,616.0
12318,1001.0,21.0,1.0,100.0,80.0,,19.0,0.6125,7756.4,47842124.475,616.0
12319,1001.0,21.0,1.0,100.0,80.0,,20.0,0.6125,7757.0125,47849881.4875,616.0
12320,1001.0,21.0,1.0,100.0,80.0,,1.0,0.4875,7757.5,47857638.9875,617.0
12321,1001.0,21.0,1.0,100.0,80.0,,2.0,0.575,7758.075,47865397.0625,617.0
12322,1001.0,21.0,1.0,100.0,80.0,,3.0,1.1,7759.175,47873156.2375,617.0
12323,1001.0,21.0,1.0,100.0,80.0,,4.0,0.55,7759.725,47880915.9625,617.0
12324,1001.0,21.0,1.0,100.0,80.0,,5.0,0.05,7759.775,47888675.7375,617.0
12325,1001.0,21.0,1.0,100.0,80.0,,6.0,1.1875,7760.9625,47896436.7,617.0
12326,1001.0,21.0,1.0,100.0,80.0,,7.0,0.6375,7761.6,47904198.3,617.0
12327,1001.0,21.0,1.0,100.0,80.0,,8.0,0.075,7761.675,47911959.975,617.0
12328,1001.0,21.0,1.0,100.0,80.0,,9.0,0.825,7762.5,47919722.475,617.0
12329,1001.0,21.0,1.0,100.0,80.0,,10.0,0.5,7763.0,47927485.475,617.0
12330,1001.0,21.0,1.0,100.0,80.0,,11.0,1.05,7764.05,47935249.525,617.0
12331,1001.0,21.0,1.0,100.0,80.0,,12.0,0.5125,7764.5625,47943014.0875,617.0
12332,1001.0,21.0,1.0,100.0,80.0,,13.0,0.2625,7764.825,47950778.9125,617.0
12333,1001.0,21.0,1.0,100.0,80.0,,14.0,0.6375,7765.4625,47958544.375,617.0
12334,1001.0,21.0,1.0,100.0,80.0,,15.0,0.875,7766.3375,47966310.7125,617.0
12335,1001.0,21.0,1.0,100.0,80.0,,16.0,0.1125,7766.45,47974077.1625,617.0
12336,1001.0,21.0,1.0,100.0,80.0,,17.0,0.4125,7766.8625,47981844.025,617.0
12337,1001.0,21.0,1.0,100.0,80.0,,18.0,0.95,7767.8125,47989611.8375,617.0
12338,1001.0,21.0,1.0,100.0,80.0,,19.0,1.0625,7768.875,47997380.7125,617.0
12339,1001.0,21.0,1.0,100.0,80.0,,20.0,0.775,7769.65,48005150.3625,617.0
12340,1001.0,21.0,1.0,100.0,80.0,,1.0,1.075,7770.725,48012921.0875,618.0
12341,1001.0,21.0,1.0,100.0,80.0,,2.0,0.525,7771.25,48020692.3375,618.0
12342,1001.0,21.0,1.0,100.0,80.0,,3.0,0.5625,7771.8125,48028464.15,618.0
12343,1001.0,21.0,1.0,100.0,80.0,,4.0,0.4125,7772.225,48036236.375,618.0
12344,1001.0,21.0,1.0,100.0,80.0,,5.0,0.2875,7772.5125,48044008.8875,618.0
12345,1001.0,21.0,1.0,100.0,80.0,,6.0,0.5,7773.0125,48051781.9,618.0
12346,1001.0,21.0,1.0,100.0,80.0,,7.0,1.175,7774.1875,48059556.0875,618.0
12347,1001.0,21.0,1.0,100.0,80.0,,8.0,0.2625,7774.45,48067330.5375,618.0
12348,1001.0,21.0,1.0,100.0,80.0,,9.0,0.4125,7774.8625,48075105.4,618.0
12349,1001.0,21.0,1.0,100.0,80.0,,10.0,0.475,7775.3375,48082880.7375,618.0
12350,1001.0,21.0,1.0,100.0,80.0,,11.0,0.1125,7775.45,48090656.1875,618.0
12351,1001.0,21.0,1.0,100.0,80.0,,12.0,0.1625,7775.6125,48098431.8,618.0
12352,1001.0,21.0,1.0,100.0,80.0,,13.0,0.975,7776.5875,48106208.3875,618.0
12353,1001.0,21.0,1.0,100.0,80.0,,14.0,1.075,7777.6625,48113986.05,618.0
12354,1001.0,21.0,1.0,100.0,80.0,,15.0,0.7875,7778.45,48121764.5,618.0
12355,1001.0,21.0,1.0,100.0,80.0,,16.0,0.25,7778.7,48129543.2,618.0
12356,1001.0,21.0,1.0,100.0,80.0,,17.0,0.3,7779.0,48137322.2,618.0
12357,1001.0,21.0,1.0,100.0,80.0,,18.0,1.175,7780.175,48145102.375,618.0
12358,1001.0,21.0,1.0,100.0,80.0,,19.0,0.725,7780.9,48152883.275,618.0
12359,1001.0,21.0,1.0,100.0,80.0,,20.0,0.7375,7781.6375,48160664.9125,618.0
12360,1001.0,21.0,1.0,100.0,80.0,,1.0,1.1875,7782.825,48168447.7375,619.0
12361,1001.0,21.0,1.0,100.0,80.0,,2.0,0.3125,7783.1375,48176230.875,619.0
12362,1001.0,21.0,1.0,100.0,80.0,,3.0,0.3125,7783.45,48184014.325,619.0
12363,1001.0,21.0,1.0,100.0,80.0,,4.0,1.1375,7784.5875,48191798.9125,619.0
12364,1001.0,21.0,1.0,100.0,80.0,,5.0,1.15,7785.7375,48199584.65,619.0
12365,1001.0,21.0,1.0,100.0,80.0,,6.0,0.4875,7786.225,48207370.875,619.0
12366,1001.0,21.0,1.0,100.0,80.0,,7.0,0.8125,7787.0375,48215157.9125,619.0
12367,1001.0,21.0,1.0,100.0,80.0,,8.0,0.8125,7787.85,48222945.7625,619.0
12368,1001.0,21.0,1.0,100.0,80.0,,9.0,0.725,7788.575,48230734.3375,619.0
12369,1001.0,21.0,1.0,100.0,80.0,,10.0,0.725,7789.3,48238523.6375,619.0
12370,1001.0,21.0,1.0,100.0,80.0,,11.0,0.1,7789.4,48246313.0375,619.0
12371,1001.0,21.0,1.0,100.0,80.0,,12.0,0.6375,7790.0375,48254103.075,619.0
12372,1001.0,21.0,1.0,100.0,80.0,,13.0,0.475,7790.5125,48261893.5875,619.0
12373,1001.0,21.0,1.0,100.0,80.0,,14.0,0.2625,7790.775,48269684.3625,619.0
12374,1001.0,21.0,1.0,100.0,80.0,,15.0,0.0375,7790.8125,48277475.175,619.0
12375,1001.0,21.0,1.0,100.0,80.0,,16.0,1.175,7791.9875,48285267.1625,619.0
12376,1001.0,21.0,1.0,100.0,80.0,,17.0,0.1125,7792.1,48293059.2625,619.0
12377,1001.0,21.0,1.0,100.0,80.0,,18.0,1.0875,7793.1875,48300852.45,619.0
12378,1001.0,21.0,1.0,100.0,80.0,,19.0,0.55,7793.7375,48308646.1875,619.0
12379,1001.0,21.0,1.0,100.0,80.0,,20.0,0.675,7794.4125,48316440.6,619.0
12380,1001.0,21.0,1.0,100.0,80.0,,1.0,1.025,7795.4375,48324236.0375,620.0
12381,1001.0,21.0,1.0,100.0,80.0,,2.0,0.9125,7796.35,48332032.3875,620.0
12382,1001.0,21.0,1.0,100.0,80.0,,3.0,1.125,7797.475,48339829.8625,620.0
12383,1001.0,21.0,1.0,100.0,80.0,,4.0,0.075,7797.55,48347627.4125,620.0
12384,1001.0,21.0,1.0,100.0,80.0,,5.0,0.0375,7797.5875,48355425.0,620.0
12385,1001.0,21.0,1.0,100.0,80.0,,6.0,1.125,7798.7125,48363223.7125,620.0
12386,1001.0,21.0,1.0,100.0,80.0,,7.0,0.85,7799.5625,48371023.275,620.0
12387,1001.0,21.0,1.0,100.0,80.0,,8.0,0.8875,7800.45,48378823.725,620.0
12388,1001.0,21.0,1.0,100.0,80.0,,9.0,1.1625,7801.6125,48386625.3375,620.0
12389,1001.0,21.0,1.0,100.0,80.0,,10.0,0.375,7801.9875,48394427.325,620.0
12390,1001.0,21.0,1.0,100.0,80.0,,11.0,0.575,7802.5625,48402229.8875,620.0
12391,1001.0,21.0,1.0,100.0,80.0,,12.0,0.15,7802.7125,48410032.6,620.0
12392,1001.0,21.0,1.0,100.0,80.0,,13.0,0.275,7802.9875,48417835.5875,620.0
12393,1001.0,21.0,1.0,100.0,80.0,,14.0,0.5625,7803.55,48425639.1375,620.0
12394,1001.0,21.0,1.0,100.0,80.0,,15.0,1.175,7804.725,48433443.8625,620.0
12395,1001.0,21.0,1.0,100.0,80.0,,16.0,1.025,7805.75,48441249.6125,620.0
12396,1001.0,21.0,1.0,100.0,80.0,,17.0,0.575,7806.325,48449055.9375,620.0
12397,1001.0,21.0,1.0,100.0,80.0,,18.0,0.4125,7806.7375,48456862.675,620.0
12398,1001.0,21.0,1.0,100.0,80.0,,19.0,1.175,7807.9125,48464670.5875,620.0
12399,1001.0,21.0,1.0,100.0,80.0,,20.0,0.475,7808.3875,48472478.975,620.0
12400,1001.0,21.0,1.0,100.0,80.0,,1.0,0.9625,7809.35,48480288.325,621.0
12401,1001.0,21.0,1.0,100.0,80.0,,2.0,1.025,7810.375,48488098.7,621.0
12402,1001.0,21.0,1.0,100.0,80.0,,3.0,1.175,7811.55,48495910.25,621.0
12403,1001.0,21.0,1.0,100.0,80.0,,4.0,0.6,7812.15,48503722.4,621.0
12404,1001.0,21.0,1.0,100.0,80.0,,5.0,0.3,7812.45,48511534.85,621.0
12405,1001.0,21.0,1.0,100.0,80.0,,6.0,0.975,7813.425,48519348.275,621.0
12406,1001.0,21.0,1.0,100.0,80.0,,7.0,0.025,7813.45,48527161.725,621.0
12407,1001.0,21.0,1.0,100.0,80.0,,8.0,0.35,7813.8,48534975.525,621.0
12408,1001.0,21.0,1.0,100.0,80.0,,9.0,0.55,7814.35,48542789.875,621.0
12409,1001.0,21.0,1.0,100.0,80.0,,10.0,0.375,7814.725,48550604.6,621.0
12410,1001.0,21.0,1.0,100.0,80.0,,11.0,0.0375,7814.7625,48558419.3625,621.0
12411,1001.0,21.0,1.0,100.0,80.0,,12.0,0.15,7814.9125,48566234.275,621.0
12412,1001.0,21.0,1.0,100.0,80.0,,13.0,1.025,7815.9375,48574050.2125,621.0
12413,1001.0,21.0,1.0,100.0,80.0,,14.0,1.1375,7817.075,48581867.2875,621.0
12414,1001.0,21.0,1.0,100.0,80.0,,15.0,0.9375,7818.0125,48589685.3,621.0
12415,1001.0,21.0,1.0,100.0,80.0,,16.0,0.45,7818.4625,48597503.7625,621.0
12416,1001.0,21.0,1.0,100.0,80.0,,17.0,0.3375,7818.8,48605322.5625,621.0
12417,1001.0,21.0,1.0,100.0,80.0,,18.0,1.2,7820.0,48613142.5625,621.0
12418,1001.0,21.0,1.0,100.0,80.0,,19.0,0.9,7820.9,48620963.4625,621.0
12419,1001.0,21.0,1.0,100.0,80.0,,20.0,1.2125,7822.1125,48628785.575,621.0
12420,1001.0,21.0,1.0,100.0,80.0,,1.0,1.1375,7823.25,48636608.825,622.0
12421,1001.0,21.0,1.0,100.0,80.0,,2.0,1.1875,7824.4375,48644433.2625,622.0
12422,1001.0,21.0,1.0,100.0,80.0,,3.0,0.55,7824.9875,48652258.25,622.0
12423,1001.0,21.0,1.0,100.0,80.0,,4.0,0.4375,7825.425,48660083.675,622.0
12424,1001.0,21.0,1.0,100.0,80.0,,5.0,0.05,7825.475,48667909.15,622.0
12425,1001.0,21.0,1.0,100.0,80.0,,6.0,0.275,7825.75,48675734.9,622.0
12426,1001.0,21.0,1.0,100.0,80.0,,7.0,1.15,7826.9,48683561.8,622.0
12427,1001.0,21.0,1.0,100.0,80.0,,8.0,0.9125,7827.8125,48691389.6125,622.0
12428,1001.0,21.0,1.0,100.0,80.0,,9.0,0.55,7828.3625,48699217.975,622.0
12429,1001.0,21.0,1.0,100.0,80.0,,10.0,0.9625,7829.325,48707047.3,622.0
12430,1001.0,21.0,1.0,100.0,80.0,,11.0,0.6125,7829.9375,48714877.2375,622.0
12431,1001.0,21.0,1.0,100.0,80.0,,12.0,0.3375,7830.275,48722707.5125,622.0
12432,1001.0,21.0,1.0,100.0,80.0,,13.0,1.1125,7831.3875,48730538.9,622.0
12433,1001.0,21.0,1.0,100.0,80.0,,14.0,0.2875,7831.675,48738370.575,622.0
12434,1001.0,21.0,1.0,100.0,80.0,,15.0,0.9875,7832.6625,48746203.2375,622.0
12435,1001.0,21.0,1.0,100.0,80.0,,16.0,0.675,7833.3375,48754036.575,622.0
12436,1001.0,21.0,1.0,100.0,80.0,,17.0,0.5375,7833.875,48761870.45,622.0
12437,1001.0,21.0,1.0,100.0,80.0,,18.0,0.7125,7834.5875,48769705.0375,622.0
12438,1001.0,21.0,1.0,100.0,80.0,,19.0,0.4375,7835.025,48777540.0625,622.0
12439,1001.0,21.0,1.0,100.0,80.0,,20.0,0.025,7835.05,48785375.1125,622.0
12440,1001.0,21.0,1.0,100.0,80.0,,1.0,0.6125,7835.6625,48793210.775,623.0
12441,1001.0,21.0,1.0,100.0,80.0,,2.0,0.575,7836.2375,48801047.0125,623.0
12442,1001.0,21.0,1.0,100.0,80.0,,3.0,0.6125,7836.85,48808883.8625,623.0
12443,1001.0,21.0,1.0,100.0,80.0,,4.0,0.375,7837.225,48816721.0875,623.0
12444,1001.0,21.0,1.0,100.0,80.0,,5.0,1.225,7838.45,48824559.5375,623.0
12445,1001.0,21.0,1.0,100.0,80.0,,6.0,0.8875,7839.3375,48832398.875,623.0
12446,1001.0,21.0,1.0,100.0,80.0,,7.0,0.2625,7839.6,48840238.475,623.0
12447,1001.0,21.0,1.0,100.0,80.0,,8.0,0.925,7840.525,48848079.0,623.0
12448,1001.0,21.0,1.0,100.0,80.0,,9.0,0.6875,7841.2125,48855920.2125,623.0
12449,1001.0,21.0,1.0,100.0,80.0,,10.0,1.05,7842.2625,48863762.475,623.0
12450,1001.0,21.0,1.0,100.0,80.0,,11.0,0.0375,7842.3,48871604.775,623.0
12451,1001.0,21.0,1.0,100.0,80.0,,12.0,0.725,7843.025,48879447.8,623.0
12452,1001.0,21.0,1.0,100.0,80.0,,13.0,0.4,7843.425,48887291.225,623.0
12453,1001.0,21.0,1.0,100.0,80.0,,14.0,0.6625,7844.0875,48895135.3125,623.0
12454,1001.0,21.0,1.0,100.0,80.0,,15.0,0.15,7844.2375,48902979.55,623.0
12455,1001.0,21.0,1.0,100.0,80.0,,16.0,0.7375,7844.975,48910824.525,623.0
12456,1001.0,21.0,1.0,100.0,80.0,,17.0,0.1,7845.075,48918669.6,623.0
12457,1001.0,21.0,1.0,100.0,80.0,,18.0,1.2125,7846.2875,48926515.8875,623.0
12458,1001.0,21.0,1.0,100.0,80.0,,19.0,0.5,7846.7875,48934362.675,623.0
12459,1001.0,21.0,1.0,100.0,80.0,,20.0,0.475,7847.2625,48942209.9375,623.0
12460,1001.0,21.0,1.0,100.0,80.0,,1.0,0.6875,7847.95,48950057.8875,624.0
12461,1001.0,21.0,1.0,100.0,80.0,,2.0,0.95,7848.9,48957906.7875,624.0
12462,1001.0,21.0,1.0,100.0,80.0,,3.0,0.275,7849.175,48965755.9625,624.0
12463,1001.0,21.0,1.0,100.0,80.0,,4.0,1.2125,7850.3875,48973606.35,624.0
12464,1001.0,21.0,1.0,100.0,80.0,,5.0,0.6,7850.9875,48981457.3375,624.0
12465,1001.0,21.0,1.0,100.0,80.0,,6.0,0.2125,7851.2,48989308.5375,624.0
12466,1001.0,21.0,1.0,100.0,80.0,,7.0,0.2,7851.4,48997159.9375,624.0
12467,1001.0,21.0,1.0,100.0,80.0,,8.0,0.325,7851.725,49005011.6625,624.0
12468,1001.0,21.0,1.0,100.0,80.0,,9.0,0.325,7852.05,49012863.7125,624.0
12469,1001.0,21.0,1.0,100.0,80.0,,10.0,0.9375,7852.9875,49020716.7,624.0
12470,1001.0,21.0,1.0,100.0,80.0,,11.0,0.4625,7853.45,49028570.15,624.0
12471,1001.0,21.0,1.0,100.0,80.0,,12.0,0.95,7854.4,49036424.55,624.0
12472,1001.0,21.0,1.0,100.0,80.0,,13.0,0.1875,7854.5875,49044279.1375,624.0
12473,1001.0,21.0,1.0,100.0,80.0,,14.0,0.0875,7854.675,49052133.8125,624.0
12474,1001.0,21.0,1.0,100.0,80.0,,15.0,0.2625,7854.9375,49059988.75,624.0
12475,1001.0,21.0,1.0,100.0,80.0,,16.0,0.475,7855.4125,49067844.1625,624.0
12476,1001.0,21.0,1.0,100.0,80.0,,17.0,0.4625,7855.875,49075700.0375,624.0
12477,1001.0,21.0,1.0,100.0,80.0,,18.0,0.075,7855.95,49083555.9875,624.0
12478,1001.0,21.0,1.0,100.0,80.0,,19.0,0.7375,7856.6875,49091412.675,624.0
12479,1001.0,21.0,1.0,100.0,80.0,,20.0,1.2125,7857.9,49099270.575,624.0
12480,1001.0,21.0,1.0,100.0,80.0,,1.0,0.5875,7858.4875,49107129.0625,625.0
12481,1001.0,21.0,1.0,100.0,80.0,,2.0,0.8125,7859.3,49114988.3625,625.0
12482,1001.0,21.0,1.0,100.0,80.0,,3.0,1.0125,7860.3125,49122848.675,625.0
12483,1001.0,21.0,1.0,100.0,80.0,,4.0,0.0875,7860.4,49130709.075,625.0
12484,1001.0,21.0,1.0,100.0,80.0,,5.0,0.425,7860.825,49138569.9,625.0
12485,1001.0,21.0,1.0,100.0,80.0,,6.0,0.5875,7861.4125,49146431.3125,625.0
12486,1001.0,21.0,1.0,100.0,80.0,,7.0,0.025,7861.4375,49154292.75,625.0
12487,1001.0,21.0,1.0,100.0,80.0,,8.0,0.3875,7861.825,49162154.575,625.0
12488,1001.0,21.0,1.0,100.0,80.0,,9.0,0.7125,7862.5375,49170017.1125,625.0
12489,1001.0,21.0,1.0,100.0,80.0,,10.0,0.5125,7863.05,49177880.1625,625.0
12490,1001.0,21.0,1.0,100.0,80.0,,11.0,0.325,7863.375,49185743.5375,625.0
12491,1001.0,21.0,1.0,100.0,80.0,,12.0,0.1875,7863.5625,49193607.1,625.0
12492,1001.0,21.0,1.0,100.0,80.0,,13.0,0.125,7863.6875,49201470.7875,625.0
12493,1001.0,21.0,1.0,100.0,80.0,,14.0,1.025,7864.7125,49209335.5,625.0
12494,1001.0,21.0,1.0,100.0,80.0,,15.0,0.85,7865.5625,49217201.0625,625.0
12495,1001.0,21.0,1.0,100.0,80.0,,16.0,0.4875,7866.05,49225067.1125,625.0
12496,1001.0,21.0,1.0,100.0,80.0,,17.0,0.5625,7866.6125,49232933.725,625.0
12497,1001.0,21.0,1.0,100.0,80.0,,18.0,0.4625,7867.075,49240800.8,625.0
12498,1001.0,21.0,1.0,100.0,80.0,,19.0,0.975,7868.05,49248668.85,625.0
12499,1001.0,21.0,1.0,100.0,80.0,,20.0,0.9375,7868.9875,49256537.8375,625.0
12500,1001.0,21.0,1.0,100.0,80.0,,1.0,0.3625,7869.35,49264407.1875,626.0
12501,1001.0,21.0,1.0,100.0,80.0,,2.0,1.1375,7870.4875,49272277.675,626.0
12502,1001.0,21.0,1.0,100.0,80.0,,3.0,1.125,7871.6125,49280149.2875,626.0
12503,1001.0,21.0,1.0,100.0,80.0,,4.0,0.775,7872.3875,49288021.675,626.0
12504,1001.0,21.0,1.0,100.0,80.0,,5.0,0.5625,7872.95,49295894.625,626.0
12505,1001.0,21.0,1.0,100.0,80.0,,6.0,1.025,7873.975,49303768.6,626.0
12506,1001.0,21.0,1.0,100.0,80.0,,7.0,0.525,7874.5,49311643.1,626.0
12507,1001.0,21.0,1.0,100.0,80.0,,8.0,1.175,7875.675,49319518.775,626.0
12508,1001.0,21.0,1.0,100.0,80.0,,9.0,0.375,7876.05,49327394.825,626.0
12509,1001.0,21.0,1.0,100.0,80.0,,10.0,0.9375,7876.9875,49335271.8125,626.0
12510,1001.0,21.0,1.0,100.0,80.0,,11.0,0.2,7877.1875,49343149.0,626.0
12511,1001.0,21.0,1.0,100.0,80.0,,12.0,0.6125,7877.8,49351026.8,626.0
12512,1001.0,21.0,1.0,100.0,80.0,,13.0,0.25,7878.05,49358904.85,626.0
12513,1001.0,21.0,1.0,100.0,80.0,,14.0,0.425,7878.475,49366783.325,626.0
12514,1001.0,21.0,1.0,100.0,80.0,,15.0,0.3125,7878.7875,49374662.1125,626.0
12515,1001.0,21.0,1.0,100.0,80.0,,16.0,1.225,7880.0125,49382542.125,626.0
12516,1001.0,21.0,1.0,100.0,80.0,,17.0,0.7625,7880.775,49390422.9,626.0
12517,1001.0,21.0,1.0,100.0,80.0,,18.0,1.0125,7881.7875,49398304.6875,626.0
12518,1001.0,21.0,1.0,100.0,80.0,,19.0,0.85,7882.6375,49406187.325,626.0
12519,1001.0,21.0,1.0,100.0,80.0,,20.0,0.45,7883.0875,49414070.4125,626.0
12520,1001.0,21.0,1.0,100.0,80.0,,1.0,0.5875,7883.675,49421954.0875,627.0
12521,1001.0,21.0,1.0,100.0,80.0,,2.0,0.175,7883.85,49429837.9375,627.0
12522,1001.0,21.0,1.0,100.0,80.0,,3.0,0.625,7884.475,49437722.4125,627.0
12523,1001.0,21.0,1.0,100.0,80.0,,4.0,0.825,7885.3,49445607.7125,627.0
12524,1001.0,21.0,1.0,100.0,80.0,,5.0,0.725,7886.025,49453493.7375,627.0
12525,1001.0,21.0,1.0,100.0,80.0,,6.0,0.5,7886.525,49461380.2625,627.0
12526,1001.0,21.0,1.0,100.0,80.0,,7.0,1.225,7887.75,49469268.0125,627.0
12527,1001.0,21.0,1.0,100.0,80.0,,8.0,0.6375,7888.3875,49477156.4,627.0
12528,1001.0,21.0,1.0,100.0,80.0,,9.0,1.05,7889.4375,49485045.8375,627.0
12529,1001.0,21.0,1.0,100.0,80.0,,10.0,0.6,7890.0375,49492935.875,627.0
12530,1001.0,21.0,1.0,100.0,80.0,,11.0,0.125,7890.1625,49500826.0375,627.0
12531,1001.0,21.0,1.0,100.0,80.0,,12.0,0.4375,7890.6,49508716.6375,627.0
12532,1001.0,21.0,1.0,100.0,80.0,,13.0,0.9,7891.5,49516608.1375,627.0
12533,1001.0,21.0,1.0,100.0,80.0,,14.0,0.325,7891.825,49524499.9625,627.0
12534,1001.0,21.0,1.0,100.0,80.0,,15.0,0.15,7891.975,49532391.9375,627.0
12535,1001.0,21.0,1.0,100.0,80.0,,16.0,0.825,7892.8,49540284.7375,627.0
12536,1001.0,21.0,1.0,100.0,80.0,,17.0,1.175,7893.975,49548178.7125,627.0
12537,1001.0,21.0,1.0,100.0,80.0,,18.0,0.475,7894.45,49556073.1625,627.0
12538,1001.0,21.0,1.0,100.0,80.0,,19.0,0.8,7895.25,49563968.4125,627.0
12539,1001.0,21.0,1.0,100.0,80.0,,20.0,0.25,7895.5,49571863.9125,627.0
12540,1001.0,21.0,1.0,100.0,80.0,,1.0,0.4625,7895.9625,49579759.875,628.0
12541,1001.0,21.0,1.0,100.0,80.0,,2.0,0.6,7896.5625,49587656.4375,628.0
12542,1001.0,21.0,1.0,100.0,80.0,,3.0,0.175,7896.7375,49595553.175,628.0
12543,1001.0,21.0,1.0,100.0,80.0,,4.0,0.7,7897.4375,49603450.6125,628.0
12544,1001.0,21.0,1.0,100.0,80.0,,5.0,1.0125,7898.45,49611349.0625,628.0
12545,1001.0,21.0,1.0,100.0,80.0,,6.0,0.0375,7898.4875,49619247.55,628.0
12546,1001.0,21.0,1.0,100.0,80.0,,7.0,0.425,7898.9125,49627146.4625,628.0
12547,1001.0,21.0,1.0,100.0,80.0,,8.0,0.175,7899.0875,49635045.55,628.0
12548,1001.0,21.0,1.0,100.0,80.0,,9.0,0.15,7899.2375,49642944.7875,628.0
12549,1001.0,21.0,1.0,100.0,80.0,,10.0,0.3125,7899.55,49650844.3375,628.0
12550,1001.0,21.0,1.0,100.0,80.0,,11.0,1.1375,7900.6875,49658745.025,628.0
12551,1001.0,21.0,1.0,100.0,80.0,,12.0,0.975,7901.6625,49666646.6875,628.0
12552,1001.0,21.0,1.0,100.0,80.0,,13.0,0.3625,7902.025,49674548.7125,628.0
12553,1001.0,21.0,1.0,100.0,80.0,,14.0,0.4125,7902.4375,49682451.15,628.0
12554,1001.0,21.0,1.0,100.0,80.0,,15.0,0.5375,7902.975,49690354.125,628.0
12555,1001.0,21.0,1.0,100.0,80.0,,16.0,0.1875,7903.1625,49698257.2875,628.0
12556,1001.0,21.0,1.0,100.0,80.0,,17.0,0.05,7903.2125,49706160.5,628.0
12557,1001.0,21.0,1.0,100.0,80.0,,18.0,1.025,7904.2375,49714064.7375,628.0
12558,1001.0,21.0,1.0,100.0,80.0,,19.0,0.2,7904.4375,49721969.175,628.0
12559,1001.0,21.0,1.0,100.0,80.0,,20.0,0.6375,7905.075,49729874.25,628.0
12560,1001.0,21.0,1.0,100.0,80.0,,1.0,0.0125,7905.0875,49737779.3375,629.0
12561,1001.0,21.0,1.0,100.0,80.0,,2.0,0.0625,7905.15,49745684.4875,629.0
12562,1001.0,21.0,1.0,100.0,80.0,,3.0,0.725,7905.875,49753590.3625,629.0
12563,1001.0,21.0,1.0,100.0,80.0,,4.0,0.1375,7906.0125,49761496.375,629.0
12564,1001.0,21.0,1.0,100.0,80.0,,5.0,0.5,7906.5125,49769402.8875,629.0
12565,1001.0,21.0,1.0,100.0,80.0,,6.0,0.325,7906.8375,49777309.725,629.0
12566,1001.0,21.0,1.0,100.0,80.0,,7.0,0.525,7907.3625,49785217.0875,629.0
12567,1001.0,21.0,1.0,100.0,80.0,,8.0,0.5,7907.8625,49793124.95,629.0
12568,1001.0,21.0,1.0,100.0,80.0,,9.0,1.1125,7908.975,49801033.925,629.0
12569,1001.0,21.0,1.0,100.0,80.0,,10.0,0.275,7909.25,49808943.175,629.0
12570,1001.0,21.0,1.0,100.0,80.0,,11.0,0.4,7909.65,49816852.825,629.0
12571,1001.0,21.0,1.0,100.0,80.0,,12.0,0.3625,7910.0125,49824762.8375,629.0
12572,1001.0,21.0,1.0,100.0,80.0,,13.0,0.5875,7910.6,49832673.4375,629.0
12573,1001.0,21.0,1.0,100.0,80.0,,14.0,0.325,7910.925,49840584.3625,629.0
12574,1001.0,21.0,1.0,100.0,80.0,,15.0,1.0125,7911.9375,49848496.3,629.0
12575,1001.0,21.0,1.0,100.0,80.0,,16.0,0.1625,7912.1,49856408.4,629.0
12576,1001.0,21.0,1.0,100.0,80.0,,17.0,1.2125,7913.3125,49864321.7125,629.0
12577,1001.0,21.0,1.0,100.0,80.0,,18.0,0.175,7913.4875,49872235.2,629.0
12578,1001.0,21.0,1.0,100.0,80.0,,19.0,0.7875,7914.275,49880149.475,629.0
12579,1001.0,21.0,1.0,100.0,80.0,,20.0,0.875,7915.15,49888064.625,629.0
12580,1001.0,21.0,1.0,100.0,80.0,,1.0,0.6625,7915.8125,49895980.4375,630.0
12581,1001.0,21.0,1.0,100.0,80.0,,2.0,0.9375,7916.75,49903897.1875,630.0
12582,1001.0,21.0,1.0,100.0,80.0,,3.0,1.0625,7917.8125,49911815.0,630.0
12583,1001.0,21.0,1.0,100.0,80.0,,4.0,0.3875,7918.2,49919733.2,630.0
12584,1001.0,21.0,1.0,100.0,80.0,,5.0,0.8125,7919.0125,49927652.2125,630.0
12585,1001.0,21.0,1.0,100.0,80.0,,6.0,1.1625,7920.175,49935572.3875,630.0
12586,1001.0,21.0,1.0,100.0,80.0,,7.0,1.1375,7921.3125,49943493.7,630.0
12587,1001.0,21.0,1.0,100.0,80.0,,8.0,0.4125,7921.725,49951415.425,630.0
12588,1001.0,21.0,1.0,100.0,80.0,,9.0,0.9375,7922.6625,49959338.0875,630.0
12589,1001.0,21.0,1.0,100.0,80.0,,10.0,0.7625,7923.425,49967261.5125,630.0
12590,1001.0,21.0,1.0,100.0,80.0,,11.0,1.1125,7924.5375,49975186.05,630.0
12591,1001.0,21.0,1.0,100.0,80.0,,12.0,0.1375,7924.675,49983110.725,630.0
12592,1001.0,21.0,1.0,100.0,80.0,,13.0,0.4,7925.075,49991035.8,630.0
12593,1001.0,21.0,1.0,100.0,80.0,,14.0,0.4875,7925.5625,49998961.3625,630.0
12594,1001.0,21.0,1.0,100.0,80.0,,15.0,0.375,7925.9375,50006887.3,630.0
12595,1001.0,21.0,1.0,100.0,80.0,,16.0,1.05,7926.9875,50014814.2875,630.0
12596,1001.0,21.0,1.0,100.0,80.0,,17.0,0.425,7927.4125,50022741.7,630.0
12597,1001.0,21.0,1.0,100.0,80.0,,18.0,0.225,7927.6375,50030669.3375,630.0
12598,1001.0,21.0,1.0,100.0,80.0,,19.0,1.025,7928.6625,50038598.0,630.0
12599,1001.0,21.0,1.0,100.0,80.0,,20.0,1.15,7929.8125,50046527.8125,630.0
12600,1001.0,21.0,1.0,100.0,80.0,,1.0,0.3125,7930.125,50054457.9375,631.0
12601,1001.0,21.0,1.0,100.0,80.0,,2.0,1.075,7931.2,50062389.1375,631.0
12602,1001.0,21.0,1.0,100.0,80.0,,3.0,0.3,7931.5,50070320.6375,631.0
12603,1001.0,21.0,1.0,100.0,80.0,,4.0,0.225,7931.725,50078252.3625,631.0
12604,1001.0,21.0,1.0,100.0,80.0,,5.0,0.8375,7932.5625,50086184.925,631.0
12605,1001.0,21.0,1.0,100.0,80.0,,6.0,0.425,7932.9875,50094117.9125,631.0
12606,1001.0,21.0,1.0,100.0,80.0,,7.0,0.6,7933.5875,50102051.5,631.0
12607,1001.0,21.0,1.0,100.0,80.0,,8.0,0.95,7934.5375,50109986.0375,631.0
12608,1001.0,21.0,1.0,100.0,80.0,,9.0,1.1375,7935.675,50117921.7125,631.0
12609,1001.0,21.0,1.0,100.0,80.0,,10.0,0.1375,7935.8125,50125857.525,631.0
12610,1001.0,21.0,1.0,100.0,80.0,,11.0,0.925,7936.7375,50133794.2625,631.0
12611,1001.0,21.0,1.0,100.0,80.0,,12.0,0.7375,7937.475,50141731.7375,631.0
12612,1001.0,21.0,1.0,100.0,80.0,,13.0,1.15,7938.625,50149670.3625,631.0
12613,1001.0,21.0,1.0,100.0,80.0,,14.0,0.2375,7938.8625,50157609.225,631.0
12614,1001.0,21.0,1.0,100.0,80.0,,15.0,0.2875,7939.15,50165548.375,631.0
12615,1001.0,21.0,1.0,100.0,80.0,,16.0,1.15,7940.3,50173488.675,631.0
12616,1001.0,21.0,1.0,100.0,80.0,,17.0,0.4,7940.7,50181429.375,631.0
12617,1001.0,21.0,1.0,100.0,80.0,,18.0,0.6875,7941.3875,50189370.7625,631.0
12618,1001.0,21.0,1.0,100.0,80.0,,19.0,1.1375,7942.525,50197313.2875,631.0
12619,1001.0,21.0,1.0,100.0,80.0,,20.0,0.5625,7943.0875,50205256.375,631.0
12620,1001.0,21.0,1.0,100.0,80.0,,1.0,0.2375,7943.325,50213199.7,632.0
12621,1001.0,21.0,1.0,100.0,80.0,,2.0,1.15,7944.475,50221144.175,632.0
12622,1001.0,21.0,1.0,100.0,80.0,,3.0,0.55,7945.025,50229089.2,632.0
12623,1001.0,21.0,1.0,100.0,80.0,,4.0,0.8375,7945.8625,50237035.0625,632.0
12624,1001.0,21.0,1.0,100.0,80.0,,5.0,0.7625,7946.625,50244981.6875,632.0
12625,1001.0,21.0,1.0,100.0,80.0,,6.0,0.7625,7947.3875,50252929.075,632.0
12626,1001.0,21.0,1.0,100.0,80.0,,7.0,0.4375,7947.825,50260876.9,632.0
12627,1001.0,21.0,1.0,100.0,80.0,,8.0,0.0625,7947.8875,50268824.7875,632.0
12628,1001.0,21.0,1.0,100.0,80.0,,9.0,0.725,7948.6125,50276773.4,632.0
12629,1001.0,21.0,1.0,100.0,80.0,,10.0,0.525,7949.1375,50284722.5375,632.0
12630,1001.0,21.0,1.0,100.0,80.0,,11.0,1.225,7950.3625,50292672.9,632.0
12631,1001.0,21.0,1.0,100.0,80.0,,12.0,0.8625,7951.225,50300624.125,632.0
12632,1001.0,21.0,1.0,100.0,80.0,,13.0,0.225,7951.45,50308575.575,632.0
12633,1001.0,21.0,1.0,100.0,80.0,,14.0,1.2,7952.65,50316528.225,632.0
12634,1001.0,21.0,1.0,100.0,80.0,,15.0,0.4,7953.05,50324481.275,632.0
12635,1001.0,21.0,1.0,100.0,80.0,,16.0,0.3125,7953.3625,50332434.6375,632.0
12636,1001.0,21.0,1.0,100.0,80.0,,17.0,0.725,7954.0875,50340388.725,632.0
12637,1001.0,21.0,1.0,100.0,80.0,,18.0,0.8625,7954.95,50348343.675,632.0
12638,1001.0,21.0,1.0,100.0,80.0,,19.0,0.4875,7955.4375,50356299.1125,632.0
12639,1001.0,21.0,1.0,100.0,80.0,,20.0,1.0375,7956.475,50364255.5875,632.0
12640,1001.0,21.0,1.0,100.0,80.0,,1.0,0.5625,7957.0375,50372212.625,633.0
12641,1001.0,21.0,1.0,100.0,80.0,,2.0,0.2625,7957.3,50380169.925,633.0
12642,1001.0,21.0,1.0,100.0,80.0,,3.0,1.175,7958.475,50388128.4,633.0
12643,1001.0,21.0,1.0,100.0,80.0,,4.0,0.35,7958.825,50396087.225,633.0
12644,1001.0,21.0,1.0,100.0,80.0,,5.0,0.05,7958.875,50404046.1,633.0
12645,1001.0,21.0,1.0,100.0,80.0,,6.0,1.0125,7959.8875,50412005.9875,633.0
12646,1001.0,21.0,1.0,100.0,80.0,,7.0,0.425,7960.3125,50419966.3,633.0
12647,1001.0,21.0,1.0,100.0,80.0,,8.0,0.175,7960.4875,50427926.7875,633.0
12648,1001.0,21.0,1.0,100.0,80.0,,9.0,0.8,7961.2875,50435888.075,633.0
12649,1001.0,21.0,1.0,100.0,80.0,,10.0,0.5,7961.7875,50443849.8625,633.0
12650,1001.0,21.0,1.0,100.0,80.0,,11.0,0.0375,7961.825,50451811.6875,633.0
12651,1001.0,21.0,1.0,100.0,80.0,,12.0,1.15,7962.975,50459774.6625,633.0
12652,1001.0,21.0,1.0,100.0,80.0,,13.0,0.5125,7963.4875,50467738.15,633.0
12653,1001.0,21.0,1.0,100.0,80.0,,14.0,0.175,7963.6625,50475701.8125,633.0
12654,1001.0,21.0,1.0,100.0,80.0,,15.0,0.7875,7964.45,50483666.2625,633.0
12655,1001.0,21.0,1.0,100.0,80.0,,16.0,0.0125,7964.4625,50491630.725,633.0
12656,1001.0,21.0,1.0,100.0,80.0,,17.0,0.5125,7964.975,50499595.7,633.0
12657,1001.0,21.0,1.0,100.0,80.0,,18.0,1.0125,7965.9875,50507561.6875,633.0
12658,1001.0,21.0,1.0,100.0,80.0,,19.0,0.15,7966.1375,50515527.825,633.0
12659,1001.0,21.0,1.0,100.0,80.0,,20.0,0.525,7966.6625,50523494.4875,633.0
12660,1001.0,21.0,1.0,100.0,80.0,,1.0,1.1875,7967.85,50531462.3375,634.0
12661,1001.0,21.0,1.0,100.0,80.0,,2.0,1.075,7968.925,50539431.2625,634.0
12662,1001.0,21.0,1.0,100.0,80.0,,3.0,0.4875,7969.4125,50547400.675,634.0
12663,1001.0,21.0,1.0,100.0,80.0,,4.0,1.225,7970.6375,50555371.3125,634.0
12664,1001.0,21.0,1.0,100.0,80.0,,5.0,0.325,7970.9625,50563342.275,634.0
12665,1001.0,21.0,1.0,100.0,80.0,,6.0,0.775,7971.7375,50571314.0125,634.0
12666,1001.0,21.0,1.0,100.0,80.0,,7.0,0.6125,7972.35,50579286.3625,634.0
12667,1001.0,21.0,1.0,100.0,80.0,,8.0,0.625,7972.975,50587259.3375,634.0
12668,1001.0,21.0,1.0,100.0,80.0,,9.0,1.0625,7974.0375,50595233.375,634.0
12669,1001.0,21.0,1.0,100.0,80.0,,10.0,0.2625,7974.3,50603207.675,634.0
12670,1001.0,21.0,1.0,100.0,80.0,,11.0,0.9625,7975.2625,50611182.9375,634.0
12671,1001.0,21.0,1.0,100.0,80.0,,12.0,1.05,7976.3125,50619159.25,634.0
12672,1001.0,21.0,1.0,100.0,80.0,,13.0,0.75,7977.0625,50627136.3125,634.0
12673,1001.0,21.0,1.0,100.0,80.0,,14.0,0.975,7978.0375,50635114.35,634.0
12674,1001.0,21.0,1.0,100.0,80.0,,15.0,0.1625,7978.2,50643092.55,634.0
12675,1001.0,21.0,1.0,100.0,80.0,,16.0,0.0125,7978.2125,50651070.7625,634.0
12676,1001.0,21.0,1.0,100.0,80.0,,17.0,0.8125,7979.025,50659049.7875,634.0
12677,1001.0,21.0,1.0,100.0,80.0,,18.0,0.1,7979.125,50667028.9125,634.0
12678,1001.0,21.0,1.0,100.0,80.0,,19.0,0.6875,7979.8125,50675008.725,634.0
12679,1001.0,21.0,1.0,100.0,80.0,,20.0,1.175,7980.9875,50682989.7125,634.0
12680,1001.0,21.0,1.0,100.0,80.0,,1.0,0.95,7981.9375,50690971.65,635.0
12681,1001.0,21.0,1.0,100.0,80.0,,2.0,0.95,7982.8875,50698954.5375,635.0
12682,1001.0,21.0,1.0,100.0,80.0,,3.0,0.2625,7983.15,50706937.6875,635.0
12683,1001.0,21.0,1.0,100.0,80.0,,4.0,0.0125,7983.1625,50714920.85,635.0
12684,1001.0,21.0,1.0,100.0,80.0,,5.0,0.825,7983.9875,50722904.8375,635.0
12685,1001.0,21.0,1.0,100.0,80.0,,6.0,0.8875,7984.875,50730889.7125,635.0
12686,1001.0,21.0,1.0,100.0,80.0,,7.0,1.1125,7985.9875,50738875.7,635.0
12687,1001.0,21.0,1.0,100.0,80.0,,8.0,0.0375,7986.025,50746861.725,635.0
12688,1001.0,21.0,1.0,100.0,80.0,,9.0,1.1375,7987.1625,50754848.8875,635.0
12689,1001.0,21.0,1.0,100.0,80.0,,10.0,0.2625,7987.425,50762836.3125,635.0
12690,1001.0,21.0,1.0,100.0,80.0,,11.0,0.65,7988.075,50770824.3875,635.0
12691,1001.0,21.0,1.0,100.0,80.0,,12.0,0.4125,7988.4875,50778812.875,635.0
12692,1001.0,21.0,1.0,100.0,80.0,,13.0,0.1375,7988.625,50786801.5,635.0
12693,1001.0,21.0,1.0,100.0,80.0,,14.0,1.0,7989.625,50794791.125,635.0
12694,1001.0,21.0,1.0,100.0,80.0,,15.0,1.1125,7990.7375,50802781.8625,635.0
12695,1001.0,21.0,1.0,100.0,80.0,,16.0,0.475,7991.2125,50810773.075,635.0
12696,1001.0,21.0,1.0,100.0,80.0,,17.0,0.1875,7991.4,50818764.475,635.0
12697,1001.0,21.0,1.0,100.0,80.0,,18.0,0.8875,7992.2875,50826756.7625,635.0
12698,1001.0,21.0,1.0,100.0,80.0,,19.0,0.6375,7992.925,50834749.6875,635.0
12699,1001.0,21.0,1.0,100.0,80.0,,20.0,0.5125,7993.4375,50842743.125,635.0
12700,1001.0,21.0,1.0,100.0,80.0,,1.0,0.3,7993.7375,50850736.8625,636.0
12701,1001.0,21.0,1.0,100.0,80.0,,2.0,0.975,7994.7125,50858731.575,636.0
12702,1001.0,21.0,1.0,100.0,80.0,,3.0,0.4125,7995.125,50866726.7,636.0
12703,1001.0,21.0,1.0,100.0,80.0,,4.0,0.575,7995.7,50874722.4,636.0
12704,1001.0,21.0,1.0,100.0,80.0,,5.0,0.2,7995.9,50882718.3,636.0
12705,1001.0,21.0,1.0,100.0,80.0,,6.0,1.15,7997.05,50890715.35,636.0
12706,1001.0,21.0,1.0,100.0,80.0,,7.0,1.075,7998.125,50898713.475,636.0
12707,1001.0,21.0,1.0,100.0,80.0,,8.0,0.5125,7998.6375,50906712.1125,636.0
12708,1001.0,21.0,1.0,100.0,80.0,,9.0,0.375,7999.0125,50914711.125,636.0
12709,1001.0,21.0,1.0,100.0,80.0,,10.0,0.2625,7999.275,50922710.4,636.0
12710,1001.0,21.0,1.0,100.0,80.0,,11.0,1.175,8000.45,50930710.85,636.0
12711,1001.0,21.0,1.0,100.0,80.0,,12.0,1.2,8001.65,50938712.5,636.0
12712,1001.0,21.0,1.0,100.0,80.0,,13.0,0.825,8002.475,50946714.975,636.0
12713,1001.0,21.0,1.0,100.0,80.0,,14.0,0.4,8002.875,50954717.85,636.0
12714,1001.0,21.0,1.0,100.0,80.0,,15.0,0.1,8002.975,50962720.825,636.0
12715,1001.0,21.0,1.0,100.0,80.0,,16.0,0.725,8003.7,50970724.525,636.0
12716,1001.0,21.0,1.0,100.0,80.0,,17.0,0.7875,8004.4875,50978729.0125,636.0
12717,1001.0,21.0,1.0,100.0,80.0,,18.0,0.9625,8005.45,50986734.4625,636.0
12718,1001.0,21.0,1.0,100.0,80.0,,19.0,0.6875,8006.1375,50994740.6,636.0
12719,1001.0,21.0,1.0,100.0,80.0,,20.0,0.25,8006.3875,51002746.9875,636.0
12720,1001.0,21.0,1.0,100.0,80.0,,1.0,0.175,8006.5625,51010753.55,637.0
12721,1001.0,21.0,1.0,100.0,80.0,,2.0,0.175,8006.7375,51018760.2875,637.0
12722,1001.0,21.0,1.0,100.0,80.0,,3.0,0.2375,8006.975,51026767.2625,637.0
12723,1001.0,21.0,1.0,100.0,80.0,,4.0,1.1875,8008.1625,51034775.425,637.0
12724,1001.0,21.0,1.0,100.0,80.0,,5.0,0.7125,8008.875,51042784.3,637.0
12725,1001.0,21.0,1.0,100.0,80.0,,6.0,0.575,8009.45,51050793.75,637.0
12726,1001.0,21.0,1.0,100.0,80.0,,7.0,0.3375,8009.7875,51058803.5375,637.0
12727,1001.0,21.0,1.0,100.0,80.0,,8.0,0.2125,8010.0,51066813.5375,637.0
12728,1001.0,21.0,1.0,100.0,80.0,,9.0,0.05,8010.05,51074823.5875,637.0
12729,1001.0,21.0,1.0,100.0,80.0,,10.0,0.6625,8010.7125,51082834.3,637.0
12730,1001.0,21.0,1.0,100.0,80.0,,11.0,1.1625,8011.875,51090846.175,637.0
12731,1001.0,21.0,1.0,100.0,80.0,,12.0,0.05,8011.925,51098858.1,637.0
12732,1001.0,21.0,1.0,100.0,80.0,,13.0,1.1625,8013.0875,51106871.1875,637.0
12733,1001.0,21.0,1.0,100.0,80.0,,14.0,0.825,8013.9125,51114885.1,637.0
12734,1001.0,21.0,1.0,100.0,80.0,,15.0,0.95,8014.8625,51122899.9625,637.0
12735,1001.0,21.0,1.0,100.0,80.0,,16.0,0.9375,8015.8,51130915.7625,637.0
12736,1001.0,21.0,1.0,100.0,80.0,,17.0,1.1625,8016.9625,51138932.725,637.0
12737,1001.0,21.0,1.0,100.0,80.0,,18.0,1.0,8017.9625,51146950.6875,637.0
12738,1001.0,21.0,1.0,100.0,80.0,,19.0,0.725,8018.6875,51154969.375,637.0
12739,1001.0,21.0,1.0,100.0,80.0,,20.0,0.35,8019.0375,51162988.4125,637.0
12740,1001.0,21.0,1.0,100.0,80.0,,1.0,0.3625,8019.4,51171007.8125,638.0
12741,1001.0,21.0,1.0,100.0,80.0,,2.0,0.6625,8020.0625,51179027.875,638.0
12742,1001.0,21.0,1.0,100.0,80.0,,3.0,0.3125,8020.375,51187048.25,638.0
12743,1001.0,21.0,1.0,100.0,80.0,,4.0,0.7625,8021.1375,51195069.3875,638.0
12744,1001.0,21.0,1.0,100.0,80.0,,5.0,0.8625,8022.0,51203091.3875,638.0
12745,1001.0,21.0,1.0,100.0,80.0,,6.0,0.4,8022.4,51211113.7875,638.0
12746,1001.0,21.0,1.0,100.0,80.0,,7.0,0.1125,8022.5125,51219136.3,638.0
12747,1001.0,21.0,1.0,100.0,80.0,,8.0,0.0625,8022.575,51227158.875,638.0
12748,1001.0,21.0,1.0,100.0,80.0,,9.0,1.1,8023.675,51235182.55,638.0
12749,1001.0,21.0,1.0,100.0,80.0,,10.0,0.1875,8023.8625,51243206.4125,638.0
12750,1001.0,21.0,1.0,100.0,80.0,,11.0,0.125,8023.9875,51251230.4,638.0
12751,1001.0,21.0,1.0,100.0,80.0,,12.0,0.1125,8024.1,51259254.5,638.0
12752,1001.0,21.0,1.0,100.0,80.0,,13.0,0.6125,8024.7125,51267279.2125,638.0
12753,1001.0,21.0,1.0,100.0,80.0,,14.0,0.3125,8025.025,51275304.2375,638.0
12754,1001.0,21.0,1.0,100.0,80.0,,15.0,0.9875,8026.0125,51283330.25,638.0
12755,1001.0,21.0,1.0,100.0,80.0,,16.0,0.0875,8026.1,51291356.35,638.0
12756,1001.0,21.0,1.0,100.0,80.0,,17.0,0.5625,8026.6625,51299383.0125,638.0
12757,1001.0,21.0,1.0,100.0,80.0,,18.0,0.5375,8027.2,51307410.2125,638.0
12758,1001.0,21.0,1.0,100.0,80.0,,19.0,1.075,8028.275,51315438.4875,638.0
12759,1001.0,21.0,1.0,100.0,80.0,,20.0,0.3375,8028.6125,51323467.1,638.0
12760,1001.0,21.0,1.0,100.0,80.0,,1.0,1.15,8029.7625,51331496.8625,639.0
12761,1001.0,21.0,1.0,100.0,80.0,,2.0,0.275,8030.0375,51339526.9,639.0
12762,1001.0,21.0,1.0,100.0,80.0,,3.0,0.5625,8030.6,51347557.5,639.0
12763,1001.0,21.0,1.0,100.0,80.0,,4.0,0.6625,8031.2625,51355588.7625,639.0
12764,1001.0,21.0,1.0,100.0,80.0,,5.0,0.9625,8032.225,51363620.9875,639.0
12765,1001.0,21.0,1.0,100.0,80.0,,6.0,0.8875,8033.1125,51371654.1,639.0
12766,1001.0,21.0,1.0,100.0,80.0,,7.0,0.8375,8033.95,51379688.05,639.0
12767,1001.0,21.0,1.0,100.0,80.0,,8.0,0.3375,8034.2875,51387722.3375,639.0
12768,1001.0,21.0,1.0,100.0,80.0,,9.0,0.3,8034.5875,51395756.925,639.0
12769,1001.0,21.0,1.0,100.0,80.0,,10.0,0.175,8034.7625,51403791.6875,639.0
12770,1001.0,21.0,1.0,100.0,80.0,,11.0,0.1,8034.8625,51411826.55,639.0
12771,1001.0,21.0,1.0,100.0,80.0,,12.0,1.0875,8035.95,51419862.5,639.0
12772,1001.0,21.0,1.0,100.0,80.0,,13.0,0.55,8036.5,51427899.0,639.0
12773,1001.0,21.0,1.0,100.0,80.0,,14.0,0.2,8036.7,51435935.7,639.0
12774,1001.0,21.0,1.0,100.0,80.0,,15.0,1.2125,8037.9125,51443973.6125,639.0
12775,1001.0,21.0,1.0,100.0,80.0,,16.0,1.2,8039.1125,51452012.725,639.0
12776,1001.0,21.0,1.0,100.0,80.0,,17.0,0.1625,8039.275,51460052.0,639.0
12777,1001.0,21.0,1.0,100.0,80.0,,18.0,0.425,8039.7,51468091.7,639.0
12778,1001.0,21.0,1.0,100.0,80.0,,19.0,1.15,8040.85,51476132.55,639.0
12779,1001.0,21.0,1.0,100.0,80.0,,20.0,0.9625,8041.8125,51484174.3625,639.0
12780,1001.0,21.0,1.0,100.0,80.0,,1.0,0.1625,8041.975,51492216.3375,640.0
12781,1001.0,21.0,1.0,100.0,80.0,,2.0,0.0875,8042.0625,51500258.4,640.0
12782,1001.0,21.0,1.0,100.0,80.0,,3.0,0.375,8042.4375,51508300.8375,640.0
12783,1001.0,21.0,1.0,100.0,80.0,,4.0,0.1,8042.5375,51516343.375,640.0
12784,1001.0,21.0,1.0,100.0,80.0,,5.0,0.4625,8043.0,51524386.375,640.0
12785,1001.0,21.0,1.0,100.0,80.0,,6.0,0.1125,8043.1125,51532429.4875,640.0
12786,1001.0,21.0,1.0,100.0,80.0,,7.0,1.125,8044.2375,51540473.725,640.0
12787,1001.0,21.0,1.0,100.0,80.0,,8.0,0.6625,8044.9,51548518.625,640.0
12788,1001.0,21.0,1.0,100.0,80.0,,9.0,0.9375,8045.8375,51556564.4625,640.0
12789,1001.0,21.0,1.0,100.0,80.0,,10.0,0.5875,8046.425,51564610.8875,640.0
12790,1001.0,21.0,1.0,100.0,80.0,,11.0,0.0625,8046.4875,51572657.375,640.0
12791,1001.0,21.0,1.0,100.0,80.0,,12.0,1.025,8047.5125,51580704.8875,640.0
12792,1001.0,21.0,1.0,100.0,80.0,,13.0,0.5375,8048.05,51588752.9375,640.0
12793,1001.0,21.0,1.0,100.0,80.0,,14.0,1.175,8049.225,51596802.1625,640.0
12794,1001.0,21.0,1.0,100.0,80.0,,15.0,0.9125,8050.1375,51604852.3,640.0
12795,1001.0,21.0,1.0,100.0,80.0,,16.0,1.2375,8051.375,51612903.675,640.0
12796,1001.0,21.0,1.0,100.0,80.0,,17.0,0.825,8052.2,51620955.875,640.0
12797,1001.0,21.0,1.0,100.0,80.0,,18.0,1.15,8053.35,51629009.225,640.0
12798,1001.0,21.0,1.0,100.0,80.0,,19.0,0.95,8054.3,51637063.525,640.0
12799,1001.0,21.0,1.0,100.0,80.0,,20.0,0.5125,8054.8125,51645118.3375,640.0
12800,1001.0,21.0,1.0,100.0,80.0,,1.0,0.875,8055.6875,51653174.025,641.0
12801,1001.0,21.0,1.0,100.0,80.0,,2.0,0.175,8055.8625,51661229.8875,641.0
12802,1001.0,21.0,1.0,100.0,80.0,,3.0,0.925,8056.7875,51669286.675,641.0
12803,1001.0,21.0,1.0,100.0,80.0,,4.0,0.5875,8057.375,51677344.05,641.0
12804,1001.0,21.0,1.0,100.0,80.0,,5.0,0.4,8057.775,51685401.825,641.0
12805,1001.0,21.0,1.0,100.0,80.0,,6.0,0.25,8058.025,51693459.85,641.0
12806,1001.0,21.0,1.0,100.0,80.0,,7.0,0.0375,8058.0625,51701517.9125,641.0
12807,1001.0,21.0,1.0,100.0,80.0,,8.0,0.525,8058.5875,51709576.5,641.0
12808,1001.0,21.0,1.0,100.0,80.0,,9.0,0.3,8058.8875,51717635.3875,641.0
12809,1001.0,21.0,1.0,100.0,80.0,,10.0,0.2125,8059.1,51725694.4875,641.0
12810,1001.0,21.0,1.0,100.0,80.0,,11.0,0.9875,8060.0875,51733754.575,641.0
12811,1001.0,21.0,1.0,100.0,80.0,,12.0,0.9,8060.9875,51741815.5625,641.0
12812,1001.0,21.0,1.0,100.0,80.0,,13.0,0.425,8061.4125,51749876.975,641.0
12813,1001.0,21.0,1.0,100.0,80.0,,14.0,0.8375,8062.25,51757939.225,641.0
12814,1001.0,21.0,1.0,100.0,80.0,,15.0,0.275,8062.525,51766001.75,641.0
12815,1001.0,21.0,1.0,100.0,80.0,,16.0,0.2625,8062.7875,51774064.5375,641.0
12816,1001.0,21.0,1.0,100.0,80.0,,17.0,0.325,8063.1125,51782127.65,641.0
12817,1001.0,21.0,1.0,100.0,80.0,,18.0,0.1625,8063.275,51790190.925,641.0
12818,1001.0,21.0,1.0,100.0,80.0,,19.0,0.5,8063.775,51798254.7,641.0
12819,1001.0,21.0,1.0,100.0,80.0,,20.0,1.225,8065.0,51806319.7,641.0
12820,1001.0,21.0,1.0,100.0,80.0,,1.0,0.6875,8065.6875,51814385.3875,642.0
12821,1001.0,21.0,1.0,100.0,80.0,,2.0,0.95,8066.6375,51822452.025,642.0
12822,1001.0,21.0,1.0,100.0,80.0,,3.0,1.0125,8067.65,51830519.675,642.0
12823,1001.0,21.0,1.0,100.0,80.0,,4.0,0.85,8068.5,51838588.175,642.0
12824,1001.0,21.0,1.0,100.0,80.0,,5.0,0.125,8068.625,51846656.8,642.0
12825,1001.0,21.0,1.0,100.0,80.0,,6.0,0.9875,8069.6125,51854726.4125,642.0
12826,1001.0,21.0,1.0,100.0,80.0,,7.0,1.225,8070.8375,51862797.25,642.0
12827,1001.0,21.0,1.0,100.0,80.0,,8.0,0.2125,8071.05,51870868.3,642.0
12828,1001.0,21.0,1.0,100.0,80.0,,9.0,0.65,8071.7,51878940.0,642.0
12829,1001.0,21.0,1.0,100.0,80.0,,10.0,0.4,8072.1,51887012.1,642.0
12830,1001.0,21.0,1.0,100.0,80.0,,11.0,0.3625,8072.4625,51895084.5625,642.0
12831,1001.0,21.0,1.0,100.0,80.0,,12.0,0.35,8072.8125,51903157.375,642.0
12832,1001.0,21.0,1.0,100.0,80.0,,13.0,1.0875,8073.9,51911231.275,642.0
12833,1001.0,21.0,1.0,100.0,80.0,,14.0,1.0,8074.9,51919306.175,642.0
12834,1001.0,21.0,1.0,100.0,80.0,,15.0,0.525,8075.425,51927381.6,642.0
12835,1001.0,21.0,1.0,100.0,80.0,,16.0,0.275,8075.7,51935457.3,642.0
12836,1001.0,21.0,1.0,100.0,80.0,,17.0,0.2125,8075.9125,51943533.2125,642.0
12837,1001.0,21.0,1.0,100.0,80.0,,18.0,0.25,8076.1625,51951609.375,642.0
12838,1001.0,21.0,1.0,100.0,80.0,,19.0,0.4625,8076.625,51959686.0,642.0
12839,1001.0,21.0,1.0,100.0,80.0,,20.0,0.9375,8077.5625,51967763.5625,642.0
12840,1001.0,21.0,1.0,100.0,80.0,,1.0,0.6875,8078.25,51975841.8125,643.0
12841,1001.0,21.0,1.0,100.0,80.0,,2.0,1.225,8079.475,51983921.2875,643.0
12842,1001.0,21.0,1.0,100.0,80.0,,3.0,0.2875,8079.7625,51992001.05,643.0
12843,1001.0,21.0,1.0,100.0,80.0,,4.0,0.0125,8079.775,52000080.825,643.0
12844,1001.0,21.0,1.0,100.0,80.0,,5.0,1.0125,8080.7875,52008161.6125,643.0
12845,1001.0,21.0,1.0,100.0,80.0,,6.0,0.55,8081.3375,52016242.95,643.0
12846,1001.0,21.0,1.0,100.0,80.0,,7.0,0.8,8082.1375,52024325.0875,643.0
12847,1001.0,21.0,1.0,100.0,80.0,,8.0,0.65,8082.7875,52032407.875,643.0
12848,1001.0,21.0,1.0,100.0,80.0,,9.0,0.1375,8082.925,52040490.8,643.0
12849,1001.0,21.0,1.0,100.0,80.0,,10.0,0.8625,8083.7875,52048574.5875,643.0
12850,1001.0,21.0,1.0,100.0,80.0,,11.0,1.15,8084.9375,52056659.525,643.0
12851,1001.0,21.0,1.0,100.0,80.0,,12.0,0.175,8085.1125,52064744.6375,643.0
12852,1001.0,21.0,1.0,100.0,80.0,,13.0,0.775,8085.8875,52072830.525,643.0
12853,1001.0,21.0,1.0,100.0,80.0,,14.0,0.775,8086.6625,52080917.1875,643.0
12854,1001.0,21.0,1.0,100.0,80.0,,15.0,0.9125,8087.575,52089004.7625,643.0
12855,1001.0,21.0,1.0,100.0,80.0,,16.0,0.05,8087.625,52097092.3875,643.0
12856,1001.0,21.0,1.0,100.0,80.0,,17.0,0.975,8088.6,52105180.9875,643.0
12857,1001.0,21.0,1.0,100.0,80.0,,18.0,0.525,8089.125,52113270.1125,643.0
12858,1001.0,21.0,1.0,100.0,80.0,,19.0,0.6,8089.725,52121359.8375,643.0
12859,1001.0,21.0,1.0,100.0,80.0,,20.0,0.1,8089.825,52129449.6625,643.0
12860,1001.0,21.0,1.0,100.0,80.0,,1.0,1.05,8090.875,52137540.5375,644.0
12861,1001.0,21.0,1.0,100.0,80.0,,2.0,1.125,8092.0,52145632.5375,644.0
12862,1001.0,21.0,1.0,100.0,80.0,,3.0,0.4,8092.4,52153724.9375,644.0
12863,1001.0,21.0,1.0,100.0,80.0,,4.0,0.75,8093.15,52161818.0875,644.0
12864,1001.0,21.0,1.0,100.0,80.0,,5.0,1.05,8094.2,52169912.2875,644.0
12865,1001.0,21.0,1.0,100.0,80.0,,6.0,0.9375,8095.1375,52178007.425,644.0
12866,1001.0,21.0,1.0,100.0,80.0,,7.0,0.8875,8096.025,52186103.45,644.0
12867,1001.0,21.0,1.0,100.0,80.0,,8.0,0.1875,8096.2125,52194199.6625,644.0
12868,1001.0,21.0,1.0,100.0,80.0,,9.0,1.1875,8097.4,52202297.0625,644.0
12869,1001.0,21.0,1.0,100.0,80.0,,10.0,0.375,8097.775,52210394.8375,644.0
12870,1001.0,21.0,1.0,100.0,80.0,,11.0,0.5,8098.275,52218493.1125,644.0
12871,1001.0,21.0,1.0,100.0,80.0,,12.0,0.6375,8098.9125,52226592.025,644.0
12872,1001.0,21.0,1.0,100.0,80.0,,13.0,0.0625,8098.975,52234691.0,644.0
12873,1001.0,21.0,1.0,100.0,80.0,,14.0,0.4875,8099.4625,52242790.4625,644.0
12874,1001.0,21.0,1.0,100.0,80.0,,15.0,0.0125,8099.475,52250889.9375,644.0
12875,1001.0,21.0,1.0,100.0,80.0,,16.0,0.125,8099.6,52258989.5375,644.0
12876,1001.0,21.0,1.0,100.0,80.0,,17.0,0.4875,8100.0875,52267089.625,644.0
12877,1001.0,21.0,1.0,100.0,80.0,,18.0,0.525,8100.6125,52275190.2375,644.0
12878,1001.0,21.0,1.0,100.0,80.0,,19.0,0.875,8101.4875,52283291.725,644.0
12879,1001.0,21.0,1.0,100.0,80.0,,20.0,1.025,8102.5125,52291394.2375,644.0
12880,1001.0,21.0,1.0,100.0,80.0,,1.0,0.475,8102.9875,52299497.225,645.0
12881,1001.0,21.0,1.0,100.0,80.0,,2.0,1.1,8104.0875,52307601.3125,645.0
12882,1001.0,21.0,1.0,100.0,80.0,,3.0,0.6375,8104.725,52315706.0375,645.0
12883,1001.0,21.0,1.0,100.0,80.0,,4.0,0.425,8105.15,52323811.1875,645.0
12884,1001.0,21.0,1.0,100.0,80.0,,5.0,0.9125,8106.0625,52331917.25,645.0
12885,1001.0,21.0,1.0,100.0,80.0,,6.0,0.6875,8106.75,52340024.0,645.0
12886,1001.0,21.0,1.0,100.0,80.0,,7.0,0.7875,8107.5375,52348131.5375,645.0
12887,1001.0,21.0,1.0,100.0,80.0,,8.0,0.2375,8107.775,52356239.3125,645.0
12888,1001.0,21.0,1.0,100.0,80.0,,9.0,0.325,8108.1,52364347.4125,645.0
12889,1001.0,21.0,1.0,100.0,80.0,,10.0,0.65,8108.75,52372456.1625,645.0
12890,1001.0,21.0,1.0,100.0,80.0,,11.0,0.95,8109.7,52380565.8625,645.0
12891,1001.0,21.0,1.0,100.0,80.0,,12.0,0.625,8110.325,52388676.1875,645.0
12892,1001.0,21.0,1.0,100.0,80.0,,13.0,0.675,8111.0,52396787.1875,645.0
12893,1001.0,21.0,1.0,100.0,80.0,,14.0,0.925,8111.925,52404899.1125,645.0
12894,1001.0,21.0,1.0,100.0,80.0,,15.0,0.2875,8112.2125,52413011.325,645.0
12895,1001.0,21.0,1.0,100.0,80.0,,16.0,0.175,8112.3875,52421123.7125,645.0
12896,1001.0,21.0,1.0,100.0,80.0,,17.0,0.2875,8112.675,52429236.3875,645.0
12897,1001.0,21.0,1.0,100.0,80.0,,18.0,0.0125,8112.6875,52437349.075,645.0
12898,1001.0,21.0,1.0,100.0,80.0,,19.0,1.2375,8113.925,52445463.0,645.0
12899,1001.0,21.0,1.0,100.0,80.0,,20.0,1.1875,8115.1125,52453578.1125,645.0
12900,1001.0,21.0,1.0,100.0,80.0,,1.0,1.2125,8116.325,52461694.4375,646.0
12901,1001.0,21.0,1.0,100.0,80.0,,2.0,1.0375,8117.3625,52469811.8,646.0
12902,1001.0,21.0,1.0,100.0,80.0,,3.0,0.8,8118.1625,52477929.9625,646.0
12903,1001.0,21.0,1.0,100.0,80.0,,4.0,0.4,8118.5625,52486048.525,646.0
12904,1001.0,21.0,1.0,100.0,80.0,,5.0,0.175,8118.7375,52494167.2625,646.0
12905,1001.0,21.0,1.0,100.0,80.0,,6.0,0.5375,8119.275,52502286.5375,646.0
12906,1001.0,21.0,1.0,100.0,80.0,,7.0,1.125,8120.4,52510406.9375,646.0
12907,1001.0,21.0,1.0,100.0,80.0,,8.0,1.025,8121.425,52518528.3625,646.0
12908,1001.0,21.0,1.0,100.0,80.0,,9.0,0.925,8122.35,52526650.7125,646.0
12909,1001.0,21.0,1.0,100.0,80.0,,10.0,0.5,8122.85,52534773.5625,646.0
12910,1001.0,21.0,1.0,100.0,80.0,,11.0,0.225,8123.075,52542896.6375,646.0
12911,1001.0,21.0,1.0,100.0,80.0,,12.0,0.4,8123.475,52551020.1125,646.0
12912,1001.0,21.0,1.0,100.0,80.0,,13.0,0.6375,8124.1125,52559144.225,646.0
12913,1001.0,21.0,1.0,100.0,80.0,,14.0,0.35,8124.4625,52567268.6875,646.0
12914,1001.0,21.0,1.0,100.0,80.0,,15.0,0.6625,8125.125,52575393.8125,646.0
12915,1001.0,21.0,1.0,100.0,80.0,,16.0,1.025,8126.15,52583519.9625,646.0
12916,1001.0,21.0,1.0,100.0,80.0,,17.0,0.075,8126.225,52591646.1875,646.0
12917,1001.0,21.0,1.0,100.0,80.0,,18.0,1.15,8127.375,52599773.5625,646.0
12918,1001.0,21.0,1.0,100.0,80.0,,19.0,0.6,8127.975,52607901.5375,646.0
12919,1001.0,21.0,1.0,100.0,80.0,,20.0,1.1875,8129.1625,52616030.7,646.0
12920,1001.0,21.0,1.0,100.0,80.0,,1.0,1.0375,8130.2,52624160.9,647.0
12921,1001.0,21.0,1.0,100.0,80.0,,2.0,0.2,8130.4,52632291.3,647.0
12922,1001.0,21.0,1.0,100.0,80.0,,3.0,0.8875,8131.2875,52640422.5875,647.0
12923,1001.0,21.0,1.0,100.0,80.0,,4.0,0.3125,8131.6,52648554.1875,647.0
12924,1001.0,21.0,1.0,100.0,80.0,,5.0,0.4875,8132.0875,52656686.275,647.0
12925,1001.0,21.0,1.0,100.0,80.0,,6.0,0.275,8132.3625,52664818.6375,647.0
12926,1001.0,21.0,1.0,100.0,80.0,,7.0,0.875,8133.2375,52672951.875,647.0
12927,1001.0,21.0,1.0,100.0,80.0,,8.0,0.9,8134.1375,52681086.0125,647.0
12928,1001.0,21.0,1.0,100.0,80.0,,9.0,1.075,8135.2125,52689221.225,647.0
12929,1001.0,21.0,1.0,100.0,80.0,,10.0,0.6125,8135.825,52697357.05,647.0
12930,1001.0,21.0,1.0,100.0,80.0,,11.0,0.4625,8136.2875,52705493.3375,647.0
12931,1001.0,21.0,1.0,100.0,80.0,,12.0,1.2125,8137.5,52713630.8375,647.0
12932,1001.0,21.0,1.0,100.0,80.0,,13.0,0.825,8138.325,52721769.1625,647.0
12933,1001.0,21.0,1.0,100.0,80.0,,14.0,1.025,8139.35,52729908.5125,647.0
12934,1001.0,21.0,1.0,100.0,80.0,,15.0,0.35,8139.7,52738048.2125,647.0
12935,1001.0,21.0,1.0,100.0,80.0,,16.0,0.6,8140.3,52746188.5125,647.0
12936,1001.0,21.0,1.0,100.0,80.0,,17.0,0.95,8141.25,52754329.7625,647.0
12937,1001.0,21.0,1.0,100.0,80.0,,18.0,0.4875,8141.7375,52762471.5,647.0
12938,1001.0,21.0,1.0,100.0,80.0,,19.0,1.0125,8142.75,52770614.25,647.0
12939,1001.0,21.0,1.0,100.0,80.0,,20.0,0.3625,8143.1125,52778757.3625,647.0
12940,1001.0,21.0,1.0,100.0,80.0,,1.0,0.85,8143.9625,52786901.325,648.0
12941,1001.0,21.0,1.0,100.0,80.0,,2.0,0.9,8144.8625,52795046.1875,648.0
12942,1001.0,21.0,1.0,100.0,80.0,,3.0,0.3625,8145.225,52803191.4125,648.0
12943,1001.0,21.0,1.0,100.0,80.0,,4.0,1.1,8146.325,52811337.7375,648.0
12944,1001.0,21.0,1.0,100.0,80.0,,5.0,0.425,8146.75,52819484.4875,648.0
12945,1001.0,21.0,1.0,100.0,80.0,,6.0,0.75,8147.5,52827631.9875,648.0
12946,1001.0,21.0,1.0,100.0,80.0,,7.0,1.025,8148.525,52835780.5125,648.0
12947,1001.0,21.0,1.0,100.0,80.0,,8.0,0.5125,8149.0375,52843929.55,648.0
12948,1001.0,21.0,1.0,100.0,80.0,,9.0,0.1625,8149.2,52852078.75,648.0
12949,1001.0,21.0,1.0,100.0,80.0,,10.0,0.9875,8150.1875,52860228.9375,648.0
12950,1001.0,21.0,1.0,100.0,80.0,,11.0,0.2875,8150.475,52868379.4125,648.0
12951,1001.0,21.0,1.0,100.0,80.0,,12.0,0.1875,8150.6625,52876530.075,648.0
12952,1001.0,21.0,1.0,100.0,80.0,,13.0,0.2125,8150.875,52884680.95,648.0
12953,1001.0,21.0,1.0,100.0,80.0,,14.0,0.3,8151.175,52892832.125,648.0
12954,1001.0,21.0,1.0,100.0,80.0,,15.0,0.15,8151.325,52900983.45,648.0
12955,1001.0,21.0,1.0,100.0,80.0,,16.0,1.05,8152.375,52909135.825,648.0
12956,1001.0,21.0,1.0,100.0,80.0,,17.0,1.025,8153.4,52917289.225,648.0
12957,1001.0,21.0,1.0,100.0,80.0,,18.0,0.7375,8154.1375,52925443.3625,648.0
12958,1001.0,21.0,1.0,100.0,80.0,,19.0,0.05,8154.1875,52933597.55,648.0
12959,1001.0,21.0,1.0,100.0,80.0,,20.0,0.2125,8154.4,52941751.95,648.0
12960,1001.0,21.0,1.0,100.0,80.0,,1.0,0.6125,8155.0125,52949906.9625,649.0
12961,1001.0,21.0,1.0,100.0,80.0,,2.0,0.425,8155.4375,52958062.4,649.0
12962,1001.0,21.0,1.0,100.0,80.0,,3.0,0.2125,8155.65,52966218.05,649.0
12963,1001.0,21.0,1.0,100.0,80.0,,4.0,0.7875,8156.4375,52974374.4875,649.0
12964,1001.0,21.0,1.0,100.0,80.0,,5.0,0.25,8156.6875,52982531.175,649.0
12965,1001.0,21.0,1.0,100.0,80.0,,6.0,0.225,8156.9125,52990688.0875,649.0
12966,1001.0,21.0,1.0,100.0,80.0,,7.0,1.1125,8158.025,52998846.1125,649.0
12967,1001.0,21.0,1.0,100.0,80.0,,8.0,1.2,8159.225,53007005.3375,649.0
12968,1001.0,21.0,1.0,100.0,80.0,,9.0,1.025,8160.25,53015165.5875,649.0
12969,1001.0,21.0,1.0,100.0,80.0,,10.0,1.2375,8161.4875,53023327.075,649.0
12970,1001.0,21.0,1.0,100.0,80.0,,11.0,0.85,8162.3375,53031489.4125,649.0
12971,1001.0,21.0,1.0,100.0,80.0,,12.0,0.5375,8162.875,53039652.2875,649.0
12972,1001.0,21.0,1.0,100.0,80.0,,13.0,0.375,8163.25,53047815.5375,649.0
12973,1001.0,21.0,1.0,100.0,80.0,,14.0,0.8375,8164.0875,53055979.625,649.0
12974,1001.0,21.0,1.0,100.0,80.0,,15.0,0.05,8164.1375,53064143.7625,649.0
12975,1001.0,21.0,1.0,100.0,80.0,,16.0,0.175,8164.3125,53072308.075,649.0
12976,1001.0,21.0,1.0,100.0,80.0,,17.0,0.45,8164.7625,53080472.8375,649.0
12977,1001.0,21.0,1.0,100.0,80.0,,18.0,0.5625,8165.325,53088638.1625,649.0
12978,1001.0,21.0,1.0,100.0,80.0,,19.0,1.1125,8166.4375,53096804.6,649.0
12979,1001.0,21.0,1.0,100.0,80.0,,20.0,0.1625,8166.6,53104971.2,649.0
12980,1001.0,21.0,1.0,100.0,80.0,,1.0,1.1375,8167.7375,53113138.9375,650.0
12981,1001.0,21.0,1.0,100.0,80.0,,2.0,0.1875,8167.925,53121306.8625,650.0
12982,1001.0,21.0,1.0,100.0,80.0,,3.0,0.05,8167.975,53129474.8375,650.0
12983,1001.0,21.0,1.0,100.0,80.0,,4.0,0.7875,8168.7625,53137643.6,650.0
12984,1001.0,21.0,1.0,100.0,80.0,,5.0,0.9,8169.6625,53145813.2625,650.0
12985,1001.0,21.0,1.0,100.0,80.0,,6.0,0.6125,8170.275,53153983.5375,650.0
12986,1001.0,21.0,1.0,100.0,80.0,,7.0,0.625,8170.9,53162154.4375,650.0
12987,1001.0,21.0,1.0,100.0,80.0,,8.0,0.05,8170.95,53170325.3875,650.0
12988,1001.0,21.0,1.0,100.0,80.0,,9.0,0.6875,8171.6375,53178497.025,650.0
12989,1001.0,21.0,1.0,100.0,80.0,,10.0,0.0625,8171.7,53186668.725,650.0
12990,1001.0,21.0,1.0,100.0,80.0,,11.0,0.3625,8172.0625,53194840.7875,650.0
12991,1001.0,21.0,1.0,100.0,80.0,,12.0,0.7875,8172.85,53203013.6375,650.0
12992,1001.0,21.0,1.0,100.0,80.0,,13.0,1.1,8173.95,53211187.5875,650.0
12993,1001.0,21.0,1.0,100.0,80.0,,14.0,1.05,8175.0,53219362.5875,650.0
12994,1001.0,21.0,1.0,100.0,80.0,,15.0,0.5625,8175.5625,53227538.15,650.0
12995,1001.0,21.0,1.0,100.0,80.0,,16.0,0.625,8176.1875,53235714.3375,650.0
12996,1001.0,21.0,1.0,100.0,80.0,,17.0,0.1625,8176.35,53243890.6875,650.0
12997,1001.0,21.0,1.0,100.0,80.0,,18.0,1.225,8177.575,53252068.2625,650.0
12998,1001.0,21.0,1.0,100.0,80.0,,19.0,0.625,8178.2,53260246.4625,650.0
12999,1001.0,21.0,1.0,100.0,80.0,,20.0,0.525,8178.725,53268425.1875,650.0
13000,1001.0,21.0,1.0,100.0,80.0,,1.0,1.0625,8179.7875,53276604.975,651.0
13001,1001.0,21.0,1.0,100.0,80.0,,2.0,0.6875,8180.475,53284785.45,651.0
13002,1001.0,21.0,1.0,100.0,80.0,,3.0,0.8125,8181.2875,53292966.7375,651.0
13003,1001.0,21.0,1.0,100.0,80.0,,4.0,0.2375,8181.525,53301148.2625,651.0
13004,1001.0,21.0,1.0,100.0,80.0,,5.0,0.2625,8181.7875,53309330.05,651.0
13005,1001.0,21.0,1.0,100.0,80.0,,6.0,0.075,8181.8625,53317511.9125,651.0
13006,1001.0,21.0,1.0,100.0,80.0,,7.0,0.1,8181.9625,53325693.875,651.0
13007,1001.0,21.0,1.0,100.0,80.0,,8.0,0.2,8182.1625,53333876.0375,651.0
13008,1001.0,21.0,1.0,100.0,80.0,,9.0,0.2625,8182.425,53342058.4625,651.0
13009,1001.0,21.0,1.0,100.0,80.0,,10.0,0.4875,8182.9125,53350241.375,651.0
13010,1001.0,21.0,1.0,100.0,80.0,,11.0,0.8,8183.7125,53358425.0875,651.0
13011,1001.0,21.0,1.0,100.0,80.0,,12.0,0.8875,8184.6,53366609.6875,651.0
13012,1001.0,21.0,1.0,100.0,80.0,,13.0,1.225,8185.825,53374795.5125,651.0
13013,1001.0,21.0,1.0,100.0,80.0,,14.0,0.4375,8186.2625,53382981.775,651.0
13014,1001.0,21.0,1.0,100.0,80.0,,15.0,0.5,8186.7625,53391168.5375,651.0
13015,1001.0,21.0,1.0,100.0,80.0,,16.0,0.15,8186.9125,53399355.45,651.0
13016,1001.0,21.0,1.0,100.0,80.0,,17.0,0.625,8187.5375,53407542.9875,651.0
13017,1001.0,21.0,1.0,100.0,80.0,,18.0,1.225,8188.7625,53415731.75,651.0
13018,1001.0,21.0,1.0,100.0,80.0,,19.0,0.7875,8189.55,53423921.3,651.0
13019,1001.0,21.0,1.0,100.0,80.0,,20.0,0.4625,8190.0125,53432111.3125,651.0
13020,1001.0,21.0,1.0,100.0,80.0,,1.0,0.6375,8190.65,53440301.9625,652.0
13021,1001.0,21.0,1.0,100.0,80.0,,2.0,0.9875,8191.6375,53448493.6,652.0
13022,1001.0,21.0,1.0,100.0,80.0,,3.0,0.9,8192.5375,53456686.1375,652.0
13023,1001.0,21.0,1.0,100.0,80.0,,4.0,0.0625,8192.6,53464878.7375,652.0
13024,1001.0,21.0,1.0,100.0,80.0,,5.0,0.625,8193.225,53473071.9625,652.0
13025,1001.0,21.0,1.0,100.0,80.0,,6.0,0.5125,8193.7375,53481265.7,652.0
13026,1001.0,21.0,1.0,100.0,80.0,,7.0,0.875,8194.6125,53489460.3125,652.0
13027,1001.0,21.0,1.0,100.0,80.0,,8.0,0.175,8194.7875,53497655.1,652.0
13028,1001.0,21.0,1.0,100.0,80.0,,9.0,0.8625,8195.65,53505850.75,652.0
13029,1001.0,21.0,1.0,100.0,80.0,,10.0,0.4875,8196.1375,53514046.8875,652.0
13030,1001.0,21.0,1.0,100.0,80.0,,11.0,0.6375,8196.775,53522243.6625,652.0
13031,1001.0,21.0,1.0,100.0,80.0,,12.0,0.4875,8197.2625,53530440.925,652.0
13032,1001.0,21.0,1.0,100.0,80.0,,13.0,1.1375,8198.4,53538639.325,652.0
13033,1001.0,21.0,1.0,100.0,80.0,,14.0,1.1375,8199.5375,53546838.8625,652.0
13034,1001.0,21.0,1.0,100.0,80.0,,15.0,0.6,8200.1375,53555039.0,652.0
13035,1001.0,21.0,1.0,100.0,80.0,,16.0,1.0125,8201.15,53563240.15,652.0
13036,1001.0,21.0,1.0,100.0,80.0,,17.0,0.2875,8201.4375,53571441.5875,652.0
13037,1001.0,21.0,1.0,100.0,80.0,,18.0,0.0625,8201.5,53579643.0875,652.0
13038,1001.0,21.0,1.0,100.0,80.0,,19.0,0.675,8202.175,53587845.2625,652.0
13039,1001.0,21.0,1.0,100.0,80.0,,20.0,0.175,8202.35,53596047.6125,652.0
13040,1001.0,21.0,1.0,100.0,80.0,,1.0,0.125,8202.475,53604250.0875,653.0
13041,1001.0,21.0,1.0,100.0,80.0,,2.0,0.525,8203.0,53612453.0875,653.0
13042,1001.0,21.0,1.0,100.0,80.0,,3.0,0.7875,8203.7875,53620656.875,653.0
13043,1001.0,21.0,1.0,100.0,80.0,,4.0,1.0375,8204.825,53628861.7,653.0
13044,1001.0,21.0,1.0,100.0,80.0,,5.0,0.7375,8205.5625,53637067.2625,653.0
13045,1001.0,21.0,1.0,100.0,80.0,,6.0,1.1,8206.6625,53645273.925,653.0
13046,1001.0,21.0,1.0,100.0,80.0,,7.0,1.1375,8207.8,53653481.725,653.0
13047,1001.0,21.0,1.0,100.0,80.0,,8.0,0.0375,8207.8375,53661689.5625,653.0
13048,1001.0,21.0,1.0,100.0,80.0,,9.0,1.225,8209.0625,53669898.625,653.0
13049,1001.0,21.0,1.0,100.0,80.0,,10.0,0.6875,8209.75,53678108.375,653.0
13050,1001.0,21.0,1.0,100.0,80.0,,11.0,0.4125,8210.1625,53686318.5375,653.0
13051,1001.0,21.0,1.0,100.0,80.0,,12.0,0.4375,8210.6,53694529.1375,653.0
13052,1001.0,21.0,1.0,100.0,80.0,,13.0,1.05,8211.65,53702740.7875,653.0
13053,1001.0,21.0,1.0,100.0,80.0,,14.0,0.25,8211.9,53710952.6875,653.0
13054,1001.0,21.0,1.0,100.0,80.0,,15.0,0.025,8211.925,53719164.6125,653.0
13055,1001.0,21.0,1.0,100.0,80.0,,16.0,0.375,8212.3,53727376.9125,653.0
13056,1001.0,21.0,1.0,100.0,80.0,,17.0,0.6375,8212.9375,53735589.85,653.0
13057,1001.0,21.0,1.0,100.0,80.0,,18.0,0.5625,8213.5,53743803.35,653.0
13058,1001.0,21.0,1.0,100.0,80.0,,19.0,0.525,8214.025,53752017.375,653.0
13059,1001.0,21.0,1.0,100.0,80.0,,20.0,0.7,8214.725,53760232.1,653.0
13060,1001.0,21.0,1.0,100.0,80.0,,1.0,0.0375,8214.7625,53768446.8625,654.0
13061,1001.0,21.0,1.0,100.0,80.0,,2.0,0.225,8214.9875,53776661.85,654.0
13062,1001.0,21.0,1.0,100.0,80.0,,3.0,0.1625,8215.15,53784877.0,654.0
13063,1001.0,21.0,1.0,100.0,80.0,,4.0,0.7,8215.85,53793092.85,654.0
13064,1001.0,21.0,1.0,100.0,80.0,,5.0,0.8125,8216.6625,53801309.5125,654.0
13065,1001.0,21.0,1.0,100.0,80.0,,6.0,0.4875,8217.15,53809526.6625,654.0
13066,1001.0,21.0,1.0,100.0,80.0,,7.0,0.1125,8217.2625,53817743.925,654.0
13067,1001.0,21.0,1.0,100.0,80.0,,8.0,0.5375,8217.8,53825961.725,654.0
13068,1001.0,21.0,1.0,100.0,80.0,,9.0,0.7,8218.5,53834180.225,654.0
13069,1001.0,21.0,1.0,100.0,80.0,,10.0,0.6625,8219.1625,53842399.3875,654.0
13070,1001.0,21.0,1.0,100.0,80.0,,11.0,0.7,8219.8625,53850619.25,654.0
13071,1001.0,21.0,1.0,100.0,80.0,,12.0,0.7,8220.5625,53858839.8125,654.0
13072,1001.0,21.0,1.0,100.0,80.0,,13.0,1.0125,8221.575,53867061.3875,654.0
13073,1001.0,21.0,1.0,100.0,80.0,,14.0,0.475,8222.05,53875283.4375,654.0
13074,1001.0,21.0,1.0,100.0,80.0,,15.0,1.0875,8223.1375,53883506.575,654.0
13075,1001.0,21.0,1.0,100.0,80.0,,16.0,0.2,8223.3375,53891729.9125,654.0
13076,1001.0,21.0,1.0,100.0,80.0,,17.0,0.3125,8223.65,53899953.5625,654.0
13077,1001.0,21.0,1.0,100.0,80.0,,18.0,1.15,8224.8,53908178.3625,654.0
13078,1001.0,21.0,1.0,100.0,80.0,,19.0,0.025,8224.825,53916403.1875,654.0
13079,1001.0,21.0,1.0,100.0,80.0,,20.0,0.35,8225.175,53924628.3625,654.0
13080,1001.0,21.0,1.0,100.0,80.0,,1.0,0.875,8226.05,53932854.4125,655.0
13081,1001.0,21.0,1.0,100.0,80.0,,2.0,0.625,8226.675,53941081.0875,655.0
13082,1001.0,21.0,1.0,100.0,80.0,,3.0,0.4625,8227.1375,53949308.225,655.0
13083,1001.0,21.0,1.0,100.0,80.0,,4.0,0.35,8227.4875,53957535.7125,655.0
13084,1001.0,21.0,1.0,100.0,80.0,,5.0,0.975,8228.4625,53965764.175,655.0
13085,1001.0,21.0,1.0,100.0,80.0,,6.0,0.9,8229.3625,53973993.5375,655.0
13086,1001.0,21.0,1.0,100.0,80.0,,7.0,1.2125,8230.575,53982224.1125,655.0
13087,1001.0,21.0,1.0,100.0,80.0,,8.0,0.975,8231.55,53990455.6625,655.0
13088,1001.0,21.0,1.0,100.0,80.0,,9.0,1.075,8232.625,53998688.2875,655.0
13089,1001.0,21.0,1.0,100.0,80.0,,10.0,0.875,8233.5,54006921.7875,655.0
13090,1001.0,21.0,1.0,100.0,80.0,,11.0,0.6375,8234.1375,54015155.925,655.0
13091,1001.0,21.0,1.0,100.0,80.0,,12.0,0.075,8234.2125,54023390.1375,655.0
13092,1001.0,21.0,1.0,100.0,80.0,,13.0,0.2375,8234.45,54031624.5875,655.0
13093,1001.0,21.0,1.0,100.0,80.0,,14.0,0.2,8234.65,54039859.2375,655.0
13094,1001.0,21.0,1.0,100.0,80.0,,15.0,0.8375,8235.4875,54048094.725,655.0
13095,1001.0,21.0,1.0,100.0,80.0,,16.0,0.3375,8235.825,54056330.55,655.0
13096,1001.0,21.0,1.0,100.0,80.0,,17.0,0.6,8236.425,54064566.975,655.0
13097,1001.0,21.0,1.0,100.0,80.0,,18.0,0.15,8236.575,54072803.55,655.0
13098,1001.0,21.0,1.0,100.0,80.0,,19.0,0.6,8237.175,54081040.725,655.0
13099,1001.0,21.0,1.0,100.0,80.0,,20.0,1.0,8238.175,54089278.9,655.0
13100,1001.0,21.0,1.0,100.0,80.0,,1.0,0.4875,8238.6625,54097517.5625,656.0
13101,1001.0,21.0,1.0,100.0,80.0,,2.0,0.0625,8238.725,54105756.2875,656.0
13102,1001.0,21.0,1.0,100.0,80.0,,3.0,0.8,8239.525,54113995.8125,656.0
13103,1001.0,21.0,1.0,100.0,80.0,,4.0,0.3,8239.825,54122235.6375,656.0
13104,1001.0,21.0,1.0,100.0,80.0,,5.0,0.825,8240.65,54130476.2875,656.0
13105,1001.0,21.0,1.0,100.0,80.0,,6.0,1.1625,8241.8125,54138718.1,656.0
13106,1001.0,21.0,1.0,100.0,80.0,,7.0,0.075,8241.8875,54146959.9875,656.0
13107,1001.0,21.0,1.0,100.0,80.0,,8.0,0.7875,8242.675,54155202.6625,656.0
13108,1001.0,21.0,1.0,100.0,80.0,,9.0,0.625,8243.3,54163445.9625,656.0
13109,1001.0,21.0,1.0,100.0,80.0,,10.0,0.525,8243.825,54171689.7875,656.0
13110,1001.0,21.0,1.0,100.0,80.0,,11.0,0.65,8244.475,54179934.2625,656.0
13111,1001.0,21.0,1.0,100.0,80.0,,12.0,1.075,8245.55,54188179.8125,656.0
13112,1001.0,21.0,1.0,100.0,80.0,,13.0,0.2875,8245.8375,54196425.65,656.0
13113,1001.0,21.0,1.0,100.0,80.0,,14.0,0.5625,8246.4,54204672.05,656.0
13114,1001.0,21.0,1.0,100.0,80.0,,15.0,0.425,8246.825,54212918.875,656.0
13115,1001.0,21.0,1.0,100.0,80.0,,16.0,0.0625,8246.8875,54221165.7625,656.0
13116,1001.0,21.0,1.0,100.0,80.0,,17.0,0.3125,8247.2,54229412.9625,656.0
13117,1001.0,21.0,1.0,100.0,80.0,,18.0,1.0375,8248.2375,54237661.2,656.0
13118,1001.0,21.0,1.0,100.0,80.0,,19.0,1.1125,8249.35,54245910.55,656.0
13119,1001.0,21.0,1.0,100.0,80.0,,20.0,1.0625,8250.4125,54254160.9625,656.0
13120,1001.0,21.0,1.0,100.0,80.0,,1.0,0.7,8251.1125,54262412.075,657.0
13121,1001.0,21.0,1.0,100.0,80.0,,2.0,0.725,8251.8375,54270663.9125,657.0
13122,1001.0,21.0,1.0,100.0,80.0,,3.0,0.2875,8252.125,54278916.0375,657.0
13123,1001.0,21.0,1.0,100.0,80.0,,4.0,0.75,8252.875,54287168.9125,657.0
13124,1001.0,21.0,1.0,100.0,80.0,,5.0,0.1,8252.975,54295421.8875,657.0
13125,1001.0,21.0,1.0,100.0,80.0,,6.0,0.725,8253.7,54303675.5875,657.0
13126,1001.0,21.0,1.0,100.0,80.0,,7.0,0.375,8254.075,54311929.6625,657.0
13127,1001.0,21.0,1.0,100.0,80.0,,8.0,0.6,8254.675,54320184.3375,657.0
13128,1001.0,21.0,1.0,100.0,80.0,,9.0,0.275,8254.95,54328439.2875,657.0
13129,1001.0,21.0,1.0,100.0,80.0,,10.0,0.7875,8255.7375,54336695.025,657.0
13130,1001.0,21.0,1.0,100.0,80.0,,11.0,1.1875,8256.925,54344951.95,657.0
13131,1001.0,21.0,1.0,100.0,80.0,,12.0,0.8625,8257.7875,54353209.7375,657.0
13132,1001.0,21.0,1.0,100.0,80.0,,13.0,0.7875,8258.575,54361468.3125,657.0
13133,1001.0,21.0,1.0,100.0,80.0,,14.0,0.625,8259.2,54369727.5125,657.0
13134,1001.0,21.0,1.0,100.0,80.0,,15.0,0.4625,8259.6625,54377987.175,657.0
13135,1001.0,21.0,1.0,100.0,80.0,,16.0,0.2125,8259.875,54386247.05,657.0
13136,1001.0,21.0,1.0,100.0,80.0,,17.0,0.025,8259.9,54394506.95,657.0
13137,1001.0,21.0,1.0,100.0,80.0,,18.0,0.0875,8259.9875,54402766.9375,657.0
13138,1001.0,21.0,1.0,100.0,80.0,,19.0,0.1625,8260.15,54411027.0875,657.0
13139,1001.0,21.0,1.0,100.0,80.0,,20.0,0.075,8260.225,54419287.3125,657.0
13140,1001.0,21.0,1.0,100.0,80.0,,1.0,1.2,8261.425,54427548.7375,658.0
13141,1001.0,21.0,1.0,100.0,80.0,,2.0,0.7625,8262.1875,54435810.925,658.0
13142,1001.0,21.0,1.0,100.0,80.0,,3.0,0.5375,8262.725,54444073.65,658.0
13143,1001.0,21.0,1.0,100.0,80.0,,4.0,0.85,8263.575,54452337.225,658.0
13144,1001.0,21.0,1.0,100.0,80.0,,5.0,1.025,8264.6,54460601.825,658.0
13145,1001.0,21.0,1.0,100.0,80.0,,6.0,0.6125,8265.2125,54468867.0375,658.0
13146,1001.0,21.0,1.0,100.0,80.0,,7.0,1.1875,8266.4,54477133.4375,658.0
13147,1001.0,21.0,1.0,100.0,80.0,,8.0,1.1,8267.5,54485400.9375,658.0
13148,1001.0,21.0,1.0,100.0,80.0,,9.0,0.3625,8267.8625,54493668.8,658.0
13149,1001.0,21.0,1.0,100.0,80.0,,10.0,0.6625,8268.525,54501937.325,658.0
13150,1001.0,21.0,1.0,100.0,80.0,,11.0,0.875,8269.4,54510206.725,658.0
13151,1001.0,21.0,1.0,100.0,80.0,,12.0,0.9875,8270.3875,54518477.1125,658.0
13152,1001.0,21.0,1.0,100.0,80.0,,13.0,0.9875,8271.375,54526748.4875,658.0
13153,1001.0,21.0,1.0,100.0,80.0,,14.0,0.3375,8271.7125,54535020.2,658.0
13154,1001.0,21.0,1.0,100.0,80.0,,15.0,0.85,8272.5625,54543292.7625,658.0
13155,1001.0,21.0,1.0,100.0,80.0,,16.0,0.725,8273.2875,54551566.05,658.0
13156,1001.0,21.0,1.0,100.0,80.0,,17.0,0.4875,8273.775,54559839.825,658.0
13157,1001.0,21.0,1.0,100.0,80.0,,18.0,0.375,8274.15,54568113.975,658.0
13158,1001.0,21.0,1.0,100.0,80.0,,19.0,0.8125,8274.9625,54576388.9375,658.0
13159,1001.0,21.0,1.0,100.0,80.0,,20.0,0.3875,8275.35,54584664.2875,658.0
13160,1001.0,21.0,1.0,100.0,80.0,,1.0,1.1875,8276.5375,54592940.825,659.0
13161,1001.0,21.0,1.0,100.0,80.0,,2.0,0.725,8277.2625,54601218.0875,659.0
13162,1001.0,21.0,1.0,100.0,80.0,,3.0,1.2,8278.4625,54609496.55,659.0
13163,1001.0,21.0,1.0,100.0,80.0,,4.0,0.8,8279.2625,54617775.8125,659.0
13164,1001.0,21.0,1.0,100.0,80.0,,5.0,0.2,8279.4625,54626055.275,659.0
13165,1001.0,21.0,1.0,100.0,80.0,,6.0,0.3,8279.7625,54634335.0375,659.0
13166,1001.0,21.0,1.0,100.0,80.0,,7.0,0.0375,8279.8,54642614.8375,659.0
13167,1001.0,21.0,1.0,100.0,80.0,,8.0,0.9875,8280.7875,54650895.625,659.0
13168,1001.0,21.0,1.0,100.0,80.0,,9.0,0.65,8281.4375,54659177.0625,659.0
13169,1001.0,21.0,1.0,100.0,80.0,,10.0,1.05,8282.4875,54667459.55,659.0
13170,1001.0,21.0,1.0,100.0,80.0,,11.0,1.2375,8283.725,54675743.275,659.0
13171,1001.0,21.0,1.0,100.0,80.0,,12.0,1.125,8284.85,54684028.125,659.0
13172,1001.0,21.0,1.0,100.0,80.0,,13.0,0.9125,8285.7625,54692313.8875,659.0
13173,1001.0,21.0,1.0,100.0,80.0,,14.0,0.075,8285.8375,54700599.725,659.0
13174,1001.0,21.0,1.0,100.0,80.0,,15.0,1.1,8286.9375,54708886.6625,659.0
13175,1001.0,21.0,1.0,100.0,80.0,,16.0,0.1,8287.0375,54717173.7,659.0
13176,1001.0,21.0,1.0,100.0,80.0,,17.0,1.2375,8288.275,54725461.975,659.0
13177,1001.0,21.0,1.0,100.0,80.0,,18.0,0.675,8288.95,54733750.925,659.0
13178,1001.0,21.0,1.0,100.0,80.0,,19.0,0.1375,8289.0875,54742040.0125,659.0
13179,1001.0,21.0,1.0,100.0,80.0,,20.0,1.2125,8290.3,54750330.3125,659.0
13180,1001.0,21.0,1.0,100.0,80.0,,1.0,1.175,8291.475,54758621.7875,660.0
13181,1001.0,21.0,1.0,100.0,80.0,,2.0,0.3875,8291.8625,54766913.65,660.0
13182,1001.0,21.0,1.0,100.0,80.0,,3.0,0.75,8292.6125,54775206.2625,660.0
13183,1001.0,21.0,1.0,100.0,80.0,,4.0,0.775,8293.3875,54783499.65,660.0
13184,1001.0,21.0,1.0,100.0,80.0,,5.0,0.325,8293.7125,54791793.3625,660.0
13185,1001.0,21.0,1.0,100.0,80.0,,6.0,1.225,8294.9375,54800088.3,660.0
13186,1001.0,21.0,1.0,100.0,80.0,,7.0,0.6375,8295.575,54808383.875,660.0
13187,1001.0,21.0,1.0,100.0,80.0,,8.0,0.5875,8296.1625,54816680.0375,660.0
13188,1001.0,21.0,1.0,100.0,80.0,,9.0,0.3875,8296.55,54824976.5875,660.0
13189,1001.0,21.0,1.0,100.0,80.0,,10.0,0.85,8297.4,54833273.9875,660.0
13190,1001.0,21.0,1.0,100.0,80.0,,11.0,0.1375,8297.5375,54841571.525,660.0
13191,1001.0,21.0,1.0,100.0,80.0,,12.0,0.4125,8297.95,54849869.475,660.0
13192,1001.0,21.0,1.0,100.0,80.0,,13.0,1.0375,8298.9875,54858168.4625,660.0
13193,1001.0,21.0,1.0,100.0,80.0,,14.0,0.8125,8299.8,54866468.2625,660.0
13194,1001.0,21.0,1.0,100.0,80.0,,15.0,0.075,8299.875,54874768.1375,660.0
13195,1001.0,21.0,1.0,100.0,80.0,,16.0,0.1875,8300.0625,54883068.2,660.0
13196,1001.0,21.0,1.0,100.0,80.0,,17.0,0.9375,8301.0,54891369.2,660.0
13197,1001.0,21.0,1.0,100.0,80.0,,18.0,0.3,8301.3,54899670.5,660.0
13198,1001.0,21.0,1.0,100.0,80.0,,19.0,0.15,8301.45,54907971.95,660.0
13199,1001.0,21.0,1.0,100.0,80.0,,20.0,0.8,8302.25,54916274.2,660.0
13200,1001.0,21.0,1.0,100.0,80.0,,1.0,1.0625,8303.3125,54924577.5125,661.0
13201,1001.0,21.0,1.0,100.0,80.0,,2.0,0.6125,8303.925,54932881.4375,661.0
13202,1001.0,21.0,1.0,100.0,80.0,,3.0,1.1125,8305.0375,54941186.475,661.0
13203,1001.0,21.0,1.0,100.0,80.0,,4.0,1.2,8306.2375,54949492.7125,661.0
13204,1001.0,21.0,1.0,100.0,80.0,,5.0,1.2,8307.4375,54957800.15,661.0
13205,1001.0,21.0,1.0,100.0,80.0,,6.0,0.3125,8307.75,54966107.9,661.0
13206,1001.0,21.0,1.0,100.0,80.0,,7.0,0.0125,8307.7625,54974415.6625,661.0
13207,1001.0,21.0,1.0,100.0,80.0,,8.0,0.3,8308.0625,54982723.725,661.0
13208,1001.0,21.0,1.0,100.0,80.0,,9.0,1.1,8309.1625,54991032.8875,661.0
13209,1001.0,21.0,1.0,100.0,80.0,,10.0,0.275,8309.4375,54999342.325,661.0
13210,1001.0,21.0,1.0,100.0,80.0,,11.0,0.0375,8309.475,55007651.8,661.0
13211,1001.0,21.0,1.0,100.0,80.0,,12.0,0.1,8309.575,55015961.375,661.0
13212,1001.0,21.0,1.0,100.0,80.0,,13.0,0.5375,8310.1125,55024271.4875,661.0
13213,1001.0,21.0,1.0,100.0,80.0,,14.0,0.4125,8310.525,55032582.0125,661.0
13214,1001.0,21.0,1.0,100.0,80.0,,15.0,0.6875,8311.2125,55040893.225,661.0
13215,1001.0,21.0,1.0,100.0,80.0,,16.0,0.7125,8311.925,55049205.15,661.0
13216,1001.0,21.0,1.0,100.0,80.0,,17.0,0.6,8312.525,55057517.675,661.0
13217,1001.0,21.0,1.0,100.0,80.0,,18.0,0.2375,8312.7625,55065830.4375,661.0
13218,1001.0,21.0,1.0,100.0,80.0,,19.0,0.4,8313.1625,55074143.6,661.0
13219,1001.0,21.0,1.0,100.0,80.0,,20.0,1.2,8314.3625,55082457.9625,661.0
13220,1001.0,21.0,1.0,100.0,80.0,,1.0,0.7,8315.0625,55090773.025,662.0
13221,1001.0,21.0,1.0,100.0,80.0,,2.0,0.0625,8315.125,55099088.15,662.0
13222,1001.0,21.0,1.0,100.0,80.0,,3.0,0.1125,8315.2375,55107403.3875,662.0
13223,1001.0,21.0,1.0,100.0,80.0,,4.0,1.1,8316.3375,55115719.725,662.0
13224,1001.0,21.0,1.0,100.0,80.0,,5.0,0.6375,8316.975,55124036.7,662.0
13225,1001.0,21.0,1.0,100.0,80.0,,6.0,0.5125,8317.4875,55132354.1875,662.0
13226,1001.0,21.0,1.0,100.0,80.0,,7.0,0.5375,8318.025,55140672.2125,662.0
13227,1001.0,21.0,1.0,100.0,80.0,,8.0,1.2375,8319.2625,55148991.475,662.0
13228,1001.0,21.0,1.0,100.0,80.0,,9.0,0.475,8319.7375,55157311.2125,662.0
13229,1001.0,21.0,1.0,100.0,80.0,,10.0,0.725,8320.4625,55165631.675,662.0
13230,1001.0,21.0,1.0,100.0,80.0,,11.0,1.1,8321.5625,55173953.2375,662.0
13231,1001.0,21.0,1.0,100.0,80.0,,12.0,0.45,8322.0125,55182275.25,662.0
13232,1001.0,21.0,1.0,100.0,80.0,,13.0,0.4125,8322.425,55190597.675,662.0
13233,1001.0,21.0,1.0,100.0,80.0,,14.0,0.95,8323.375,55198921.05,662.0
13234,1001.0,21.0,1.0,100.0,80.0,,15.0,0.6,8323.975,55207245.025,662.0
13235,1001.0,21.0,1.0,100.0,80.0,,16.0,0.8,8324.775,55215569.8,662.0
13236,1001.0,21.0,1.0,100.0,80.0,,17.0,1.1375,8325.9125,55223895.7125,662.0
13237,1001.0,21.0,1.0,100.0,80.0,,18.0,0.3125,8326.225,55232221.9375,662.0
13238,1001.0,21.0,1.0,100.0,80.0,,19.0,0.55,8326.775,55240548.7125,662.0
13239,1001.0,21.0,1.0,100.0,80.0,,20.0,0.825,8327.6,55248876.3125,662.0
13240,1001.0,21.0,1.0,100.0,80.0,,1.0,0.125,8327.725,55257204.0375,663.0
13241,1001.0,21.0,1.0,100.0,80.0,,2.0,0.6375,8328.3625,55265532.4,663.0
13242,1001.0,21.0,1.0,100.0,80.0,,3.0,0.1,8328.4625,55273860.8625,663.0
13243,1001.0,21.0,1.0,100.0,80.0,,4.0,1.175,8329.6375,55282190.5,663.0
13244,1001.0,21.0,1.0,100.0,80.0,,5.0,0.825,8330.4625,55290520.9625,663.0
13245,1001.0,21.0,1.0,100.0,80.0,,6.0,0.8875,8331.35,55298852.3125,663.0
13246,1001.0,21.0,1.0,100.0,80.0,,7.0,0.7125,8332.0625,55307184.375,663.0
13247,1001.0,21.0,1.0,100.0,80.0,,8.0,0.5625,8332.625,55315517.0,663.0
13248,1001.0,21.0,1.0,100.0,80.0,,9.0,0.6875,8333.3125,55323850.3125,663.0
13249,1001.0,21.0,1.0,100.0,80.0,,10.0,0.5125,8333.825,55332184.1375,663.0
13250,1001.0,21.0,1.0,100.0,80.0,,11.0,1.2125,8335.0375,55340519.175,663.0
13251,1001.0,21.0,1.0,100.0,80.0,,12.0,0.5875,8335.625,55348854.8,663.0
13252,1001.0,21.0,1.0,100.0,80.0,,13.0,1.025,8336.65,55357191.45,663.0
13253,1001.0,21.0,1.0,100.0,80.0,,14.0,1.0625,8337.7125,55365529.1625,663.0
13254,1001.0,21.0,1.0,100.0,80.0,,15.0,0.85,8338.5625,55373867.725,663.0
13255,1001.0,21.0,1.0,100.0,80.0,,16.0,0.2,8338.7625,55382206.4875,663.0
13256,1001.0,21.0,1.0,100.0,80.0,,17.0,0.5,8339.2625,55390545.75,663.0
13257,1001.0,21.0,1.0,100.0,80.0,,18.0,0.2125,8339.475,55398885.225,663.0
13258,1001.0,21.0,1.0,100.0,80.0,,19.0,0.1875,8339.6625,55407224.8875,663.0
13259,1001.0,21.0,1.0,100.0,80.0,,20.0,0.8625,8340.525,55415565.4125,663.0
13260,1001.0,21.0,1.0,100.0,80.0,,1.0,0.05,8340.575,55423905.9875,664.0
13261,1001.0,21.0,1.0,100.0,80.0,,2.0,1.2,8341.775,55432247.7625,664.0
13262,1001.0,21.0,1.0,100.0,80.0,,3.0,0.1375,8341.9125,55440589.675,664.0
13263,1001.0,21.0,1.0,100.0,80.0,,4.0,0.75,8342.6625,55448932.3375,664.0
13264,1001.0,21.0,1.0,100.0,80.0,,5.0,0.7875,8343.45,55457275.7875,664.0
13265,1001.0,21.0,1.0,100.0,80.0,,6.0,0.275,8343.725,55465619.5125,664.0
13266,1001.0,21.0,1.0,100.0,80.0,,7.0,0.65,8344.375,55473963.8875,664.0
13267,1001.0,21.0,1.0,100.0,80.0,,8.0,1.0625,8345.4375,55482309.325,664.0
13268,1001.0,21.0,1.0,100.0,80.0,,9.0,0.5625,8346.0,55490655.325,664.0
13269,1001.0,21.0,1.0,100.0,80.0,,10.0,0.025,8346.025,55499001.35,664.0
13270,1001.0,21.0,1.0,100.0,80.0,,11.0,0.0375,8346.0625,55507347.4125,664.0
13271,1001.0,21.0,1.0,100.0,80.0,,12.0,0.425,8346.4875,55515693.9,664.0
13272,1001.0,21.0,1.0,100.0,80.0,,13.0,0.9625,8347.45,55524041.35,664.0
13273,1001.0,21.0,1.0,100.0,80.0,,14.0,0.15,8347.6,55532388.95,664.0
13274,1001.0,21.0,1.0,100.0,80.0,,15.0,0.8,8348.4,55540737.35,664.0
13275,1001.0,21.0,1.0,100.0,80.0,,16.0,0.2875,8348.6875,55549086.0375,664.0
13276,1001.0,21.0,1.0,100.0,80.0,,17.0,0.8125,8349.5,55557435.5375,664.0
13277,1001.0,21.0,1.0,100.0,80.0,,18.0,0.95,8350.45,55565785.9875,664.0
13278,1001.0,21.0,1.0,100.0,80.0,,19.0,0.8875,8351.3375,55574137.325,664.0
13279,1001.0,21.0,1.0,100.0,80.0,,20.0,0.325,8351.6625,55582488.9875,664.0
13280,1001.0,21.0,1.0,100.0,80.0,,1.0,0.15,8351.8125,55590840.8,665.0
13281,1001.0,21.0,1.0,100.0,80.0,,2.0,0.4125,8352.225,55599193.025,665.0
13282,1001.0,21.0,1.0,100.0,80.0,,3.0,0.425,8352.65,55607545.675,665.0
13283,1001.0,21.0,1.0,100.0,80.0,,4.0,0.0125,8352.6625,55615898.3375,665.0
13284,1001.0,21.0,1.0,100.0,80.0,,5.0,0.5375,8353.2,55624251.5375,665.0
13285,1001.0,21.0,1.0,100.0,80.0,,6.0,0.525,8353.725,55632605.2625,665.0
13286,1001.0,21.0,1.0,100.0,80.0,,7.0,0.9125,8354.6375,55640959.9,665.0
13287,1001.0,21.0,1.0,100.0,80.0,,8.0,0.85,8355.4875,55649315.3875,665.0
13288,1001.0,21.0,1.0,100.0,80.0,,9.0,0.6625,8356.15,55657671.5375,665.0
13289,1001.0,21.0,1.0,100.0,80.0,,10.0,0.35,8356.5,55666028.0375,665.0
13290,1001.0,21.0,1.0,100.0,80.0,,11.0,0.5625,8357.0625,55674385.1,665.0
13291,1001.0,21.0,1.0,100.0,80.0,,12.0,0.5125,8357.575,55682742.675,665.0
13292,1001.0,21.0,1.0,100.0,80.0,,13.0,0.35,8357.925,55691100.6,665.0
13293,1001.0,21.0,1.0,100.0,80.0,,14.0,0.075,8358.0,55699458.6,665.0
13294,1001.0,21.0,1.0,100.0,80.0,,15.0,1.1125,8359.1125,55707817.7125,665.0
13295,1001.0,21.0,1.0,100.0,80.0,,16.0,1.05,8360.1625,55716177.875,665.0
13296,1001.0,21.0,1.0,100.0,80.0,,17.0,0.325,8360.4875,55724538.3625,665.0
13297,1001.0,21.0,1.0,100.0,80.0,,18.0,0.7375,8361.225,55732899.5875,665.0
13298,1001.0,21.0,1.0,100.0,80.0,,19.0,0.15,8361.375,55741260.9625,665.0
13299,1001.0,21.0,1.0,100.0,80.0,,20.0,0.625,8362.0,55749622.9625,665.0
13300,1001.0,21.0,1.0,100.0,80.0,,1.0,0.825,8362.825,55757985.7875,666.0
13301,1001.0,21.0,1.0,100.0,80.0,,2.0,1.1,8363.925,55766349.7125,666.0
13302,1001.0,21.0,1.0,100.0,80.0,,3.0,0.15,8364.075,55774713.7875,666.0
13303,1001.0,21.0,1.0,100.0,80.0,,4.0,0.7875,8364.8625,55783078.65,666.0
13304,1001.0,21.0,1.0,100.0,80.0,,5.0,0.6,8365.4625,55791444.1125,666.0
13305,1001.0,21.0,1.0,100.0,80.0,,6.0,0.1,8365.5625,55799809.675,666.0
13306,1001.0,21.0,1.0,100.0,80.0,,7.0,0.6375,8366.2,55808175.875,666.0
13307,1001.0,21.0,1.0,100.0,80.0,,8.0,0.65,8366.85,55816542.725,666.0
13308,1001.0,21.0,1.0,100.0,80.0,,9.0,0.8625,8367.7125,55824910.4375,666.0
13309,1001.0,21.0,1.0,100.0,80.0,,10.0,0.5625,8368.275,55833278.7125,666.0
13310,1001.0,21.0,1.0,100.0,80.0,,11.0,0.4,8368.675,55841647.3875,666.0
13311,1001.0,21.0,1.0,100.0,80.0,,12.0,1.025,8369.7,55850017.0875,666.0
13312,1001.0,21.0,1.0,100.0,80.0,,13.0,1.175,8370.875,55858387.9625,666.0
13313,1001.0,21.0,1.0,100.0,80.0,,14.0,1.025,8371.9,55866759.8625,666.0
13314,1001.0,21.0,1.0,100.0,80.0,,15.0,0.6125,8372.5125,55875132.375,666.0
13315,1001.0,21.0,1.0,100.0,80.0,,16.0,0.6875,8373.2,55883505.575,666.0
13316,1001.0,21.0,1.0,100.0,80.0,,17.0,0.875,8374.075,55891879.65,666.0
13317,1001.0,21.0,1.0,100.0,80.0,,18.0,0.25,8374.325,55900253.975,666.0
13318,1001.0,21.0,1.0,100.0,80.0,,19.0,1.075,8375.4,55908629.375,666.0
13319,1001.0,21.0,1.0,100.0,80.0,,20.0,0.7375,8376.1375,55917005.5125,666.0
13320,1001.0,21.0,1.0,100.0,80.0,,1.0,0.0375,8376.175,55925381.6875,667.0
13321,1001.0,21.0,1.0,100.0,80.0,,2.0,0.0625,8376.2375,55933757.925,667.0
13322,1001.0,21.0,1.0,100.0,80.0,,3.0,0.425,8376.6625,55942134.5875,667.0
13323,1001.0,21.0,1.0,100.0,80.0,,4.0,0.75,8377.4125,55950512.0,667.0
13324,1001.0,21.0,1.0,100.0,80.0,,5.0,1.2375,8378.65,55958890.65,667.0
13325,1001.0,21.0,1.0,100.0,80.0,,6.0,0.3125,8378.9625,55967269.6125,667.0
13326,1001.0,21.0,1.0,100.0,80.0,,7.0,0.45,8379.4125,55975649.025,667.0
13327,1001.0,21.0,1.0,100.0,80.0,,8.0,0.4125,8379.825,55984028.85,667.0
13328,1001.0,21.0,1.0,100.0,80.0,,9.0,0.625,8380.45,55992409.3,667.0
13329,1001.0,21.0,1.0,100.0,80.0,,10.0,0.85,8381.3,56000790.6,667.0
13330,1001.0,21.0,1.0,100.0,80.0,,11.0,0.0125,8381.3125,56009171.9125,667.0
13331,1001.0,21.0,1.0,100.0,80.0,,12.0,0.9375,8382.25,56017554.1625,667.0
13332,1001.0,21.0,1.0,100.0,80.0,,13.0,0.825,8383.075,56025937.2375,667.0
13333,1001.0,21.0,1.0,100.0,80.0,,14.0,0.3625,8383.4375,56034320.675,667.0
13334,1001.0,21.0,1.0,100.0,80.0,,15.0,0.45,8383.8875,56042704.5625,667.0
13335,1001.0,21.0,1.0,100.0,80.0,,16.0,0.375,8384.2625,56051088.825,667.0
13336,1001.0,21.0,1.0,100.0,80.0,,17.0,1.125,8385.3875,56059474.2125,667.0
13337,1001.0,21.0,1.0,100.0,80.0,,18.0,0.4625,8385.85,56067860.0625,667.0
13338,1001.0,21.0,1.0,100.0,80.0,,19.0,0.7875,8386.6375,56076246.7,667.0
13339,1001.0,21.0,1.0,100.0,80.0,,20.0,0.575,8387.2125,56084633.9125,667.0
13340,1001.0,21.0,1.0,100.0,80.0,,1.0,0.7375,8387.95,56093021.8625,668.0
13341,1001.0,21.0,1.0,100.0,80.0,,2.0,1.2,8389.15,56101411.0125,668.0
13342,1001.0,21.0,1.0,100.0,80.0,,3.0,1.125,8390.275,56109801.2875,668.0
13343,1001.0,21.0,1.0,100.0,80.0,,4.0,0.725,8391.0,56118192.2875,668.0
13344,1001.0,21.0,1.0,100.0,80.0,,5.0,0.1875,8391.1875,56126583.475,668.0
13345,1001.0,21.0,1.0,100.0,80.0,,6.0,0.2125,8391.4,56134974.875,668.0
13346,1001.0,21.0,1.0,100.0,80.0,,7.0,0.125,8391.525,56143366.4,668.0
13347,1001.0,21.0,1.0,100.0,80.0,,8.0,0.0625,8391.5875,56151757.9875,668.0
13348,1001.0,21.0,1.0,100.0,80.0,,9.0,0.175,8391.7625,56160149.75,668.0
13349,1001.0,21.0,1.0,100.0,80.0,,10.0,0.9875,8392.75,56168542.5,668.0
13350,1001.0,21.0,1.0,100.0,80.0,,11.0,1.025,8393.775,56176936.275,668.0
13351,1001.0,21.0,1.0,100.0,80.0,,12.0,0.9875,8394.7625,56185331.0375,668.0
13352,1001.0,21.0,1.0,100.0,80.0,,13.0,0.5125,8395.275,56193726.3125,668.0
13353,1001.0,21.0,1.0,100.0,80.0,,14.0,0.9625,8396.2375,56202122.55,668.0
13354,1001.0,21.0,1.0,100.0,80.0,,15.0,0.175,8396.4125,56210518.9625,668.0
13355,1001.0,21.0,1.0,100.0,80.0,,16.0,0.4,8396.8125,56218915.775,668.0
13356,1001.0,21.0,1.0,100.0,80.0,,17.0,0.4375,8397.25,56227313.025,668.0
13357,1001.0,21.0,1.0,100.0,80.0,,18.0,1.1,8398.35,56235711.375,668.0
13358,1001.0,21.0,1.0,100.0,80.0,,19.0,0.625,8398.975,56244110.35,668.0
13359,1001.0,21.0,1.0,100.0,80.0,,20.0,0.6625,8399.6375,56252509.9875,668.0
13360,1001.0,21.0,1.0,100.0,80.0,,1.0,1.175,8400.8125,56260910.8,669.0
13361,1001.0,21.0,1.0,100.0,80.0,,2.0,0.425,8401.2375,56269312.0375,669.0
13362,1001.0,21.0,1.0,100.0,80.0,,3.0,0.725,8401.9625,56277714.0,669.0
13363,1001.0,21.0,1.0,100.0,80.0,,4.0,0.975,8402.9375,56286116.9375,669.0
13364,1001.0,21.0,1.0,100.0,80.0,,5.0,1.1375,8404.075,56294521.0125,669.0
13365,1001.0,21.0,1.0,100.0,80.0,,6.0,0.0125,8404.0875,56302925.1,669.0
13366,1001.0,21.0,1.0,100.0,80.0,,7.0,1.0625,8405.15,56311330.25,669.0
13367,1001.0,21.0,1.0,100.0,80.0,,8.0,0.5,8405.65,56319735.9,669.0
13368,1001.0,21.0,1.0,100.0,80.0,,9.0,0.6625,8406.3125,56328142.2125,669.0
13369,1001.0,21.0,1.0,100.0,80.0,,10.0,0.65,8406.9625,56336549.175,669.0
13370,1001.0,21.0,1.0,100.0,80.0,,11.0,0.65,8407.6125,56344956.7875,669.0
13371,1001.0,21.0,1.0,100.0,80.0,,12.0,0.2625,8407.875,56353364.6625,669.0
13372,1001.0,21.0,1.0,100.0,80.0,,13.0,0.45,8408.325,56361772.9875,669.0
13373,1001.0,21.0,1.0,100.0,80.0,,14.0,0.325,8408.65,56370181.6375,669.0
13374,1001.0,21.0,1.0,100.0,80.0,,15.0,0.1125,8408.7625,56378590.4,669.0
13375,1001.0,21.0,1.0,100.0,80.0,,16.0,0.3125,8409.075,56386999.475,669.0
13376,1001.0,21.0,1.0,100.0,80.0,,17.0,0.2375,8409.3125,56395408.7875,669.0
13377,1001.0,21.0,1.0,100.0,80.0,,18.0,0.5875,8409.9,56403818.6875,669.0
13378,1001.0,21.0,1.0,100.0,80.0,,19.0,0.675,8410.575,56412229.2625,669.0
13379,1001.0,21.0,1.0,100.0,80.0,,20.0,0.225,8410.8,56420640.0625,669.0
13380,1001.0,21.0,1.0,100.0,80.0,,1.0,0.3125,8411.1125,56429051.175,670.0
13381,1001.0,21.0,1.0,100.0,80.0,,2.0,1.025,8412.1375,56437463.3125,670.0
13382,1001.0,21.0,1.0,100.0,80.0,,3.0,0.9,8413.0375,56445876.35,670.0
13383,1001.0,21.0,1.0,100.0,80.0,,4.0,0.3375,8413.375,56454289.725,670.0
13384,1001.0,21.0,1.0,100.0,80.0,,5.0,0.8125,8414.1875,56462703.9125,670.0
13385,1001.0,21.0,1.0,100.0,80.0,,6.0,0.625,8414.8125,56471118.725,670.0
13386,1001.0,21.0,1.0,100.0,80.0,,7.0,0.225,8415.0375,56479533.7625,670.0
13387,1001.0,21.0,1.0,100.0,80.0,,8.0,0.1,8415.1375,56487948.9,670.0
13388,1001.0,21.0,1.0,100.0,80.0,,9.0,1.2375,8416.375,56496365.275,670.0
13389,1001.0,21.0,1.0,100.0,80.0,,10.0,0.2375,8416.6125,56504781.8875,670.0
13390,1001.0,21.0,1.0,100.0,80.0,,11.0,0.225,8416.8375,56513198.725,670.0
13391,1001.0,21.0,1.0,100.0,80.0,,12.0,0.75,8417.5875,56521616.3125,670.0
13392,1001.0,21.0,1.0,100.0,80.0,,13.0,0.175,8417.7625,56530034.075,670.0
13393,1001.0,21.0,1.0,100.0,80.0,,14.0,0.5375,8418.3,56538452.375,670.0
13394,1001.0,21.0,1.0,100.0,80.0,,15.0,1.0625,8419.3625,56546871.7375,670.0
13395,1001.0,21.0,1.0,100.0,80.0,,16.0,0.4375,8419.8,56555291.5375,670.0
13396,1001.0,21.0,1.0,100.0,80.0,,17.0,0.8625,8420.6625,56563712.2,670.0
13397,1001.0,21.0,1.0,100.0,80.0,,18.0,0.15,8420.8125,56572133.0125,670.0
13398,1001.0,21.0,1.0,100.0,80.0,,19.0,0.45,8421.2625,56580554.275,670.0
13399,1001.0,21.0,1.0,100.0,80.0,,20.0,0.7,8421.9625,56588976.2375,670.0
13400,1001.0,21.0,1.0,100.0,80.0,,1.0,0.9125,8422.875,56597399.1125,671.0
13401,1001.0,21.0,1.0,100.0,80.0,,2.0,0.5,8423.375,56605822.4875,671.0
13402,1001.0,21.0,1.0,100.0,80.0,,3.0,0.45,8423.825,56614246.3125,671.0
13403,1001.0,21.0,1.0,100.0,80.0,,4.0,0.375,8424.2,56622670.5125,671.0
13404,1001.0,21.0,1.0,100.0,80.0,,5.0,0.8375,8425.0375,56631095.55,671.0
13405,1001.0,21.0,1.0,100.0,80.0,,6.0,1.0875,8426.125,56639521.675,671.0
13406,1001.0,21.0,1.0,100.0,80.0,,7.0,0.5875,8426.7125,56647948.3875,671.0
13407,1001.0,21.0,1.0,100.0,80.0,,8.0,0.775,8427.4875,56656375.875,671.0
13408,1001.0,21.0,1.0,100.0,80.0,,9.0,0.0625,8427.55,56664803.425,671.0
13409,1001.0,21.0,1.0,100.0,80.0,,10.0,0.7,8428.25,56673231.675,671.0
13410,1001.0,21.0,1.0,100.0,80.0,,11.0,0.6625,8428.9125,56681660.5875,671.0
13411,1001.0,21.0,1.0,100.0,80.0,,12.0,0.875,8429.7875,56690090.375,671.0
13412,1001.0,21.0,1.0,100.0,80.0,,13.0,0.5125,8430.3,56698520.675,671.0
13413,1001.0,21.0,1.0,100.0,80.0,,14.0,0.7875,8431.0875,56706951.7625,671.0
13414,1001.0,21.0,1.0,100.0,80.0,,15.0,0.25,8431.3375,56715383.1,671.0
13415,1001.0,21.0,1.0,100.0,80.0,,16.0,0.275,8431.6125,56723814.7125,671.0
13416,1001.0,21.0,1.0,100.0,80.0,,17.0,0.8375,8432.45,56732247.1625,671.0
13417,1001.0,21.0,1.0,100.0,80.0,,18.0,0.925,8433.375,56740680.5375,671.0
13418,1001.0,21.0,1.0,100.0,80.0,,19.0,0.3375,8433.7125,56749114.25,671.0
13419,1001.0,21.0,1.0,100.0,80.0,,20.0,0.8625,8434.575,56757548.825,671.0
13420,1001.0,21.0,1.0,100.0,80.0,,1.0,0.1875,8434.7625,56765983.5875,672.0
13421,1001.0,21.0,1.0,100.0,80.0,,2.0,0.6625,8435.425,56774419.0125,672.0
13422,1001.0,21.0,1.0,100.0,80.0,,3.0,0.9,8436.325,56782855.3375,672.0
13423,1001.0,21.0,1.0,100.0,80.0,,4.0,0.825,8437.15,56791292.4875,672.0
13424,1001.0,21.0,1.0,100.0,80.0,,5.0,0.175,8437.325,56799729.8125,672.0
13425,1001.0,21.0,1.0,100.0,80.0,,6.0,0.6875,8438.0125,56808167.825,672.0
13426,1001.0,21.0,1.0,100.0,80.0,,7.0,0.4875,8438.5,56816606.325,672.0
13427,1001.0,21.0,1.0,100.0,80.0,,8.0,1.0375,8439.5375,56825045.8625,672.0
13428,1001.0,21.0,1.0,100.0,80.0,,9.0,0.275,8439.8125,56833485.675,672.0
13429,1001.0,21.0,1.0,100.0,80.0,,10.0,0.325,8440.1375,56841925.8125,672.0
13430,1001.0,21.0,1.0,100.0,80.0,,11.0,1.0,8441.1375,56850366.95,672.0
13431,1001.0,21.0,1.0,100.0,80.0,,12.0,0.1,8441.2375,56858808.1875,672.0
13432,1001.0,21.0,1.0,100.0,80.0,,13.0,0.725,8441.9625,56867250.15,672.0
13433,1001.0,21.0,1.0,100.0,80.0,,14.0,0.2875,8442.25,56875692.4,672.0
13434,1001.0,21.0,1.0,100.0,80.0,,15.0,0.8125,8443.0625,56884135.4625,672.0
13435,1001.0,21.0,1.0,100.0,80.0,,16.0,1.1625,8444.225,56892579.6875,672.0
13436,1001.0,21.0,1.0,100.0,80.0,,17.0,1.0625,8445.2875,56901024.975,672.0
13437,1001.0,21.0,1.0,100.0,80.0,,18.0,0.15,8445.4375,56909470.4125,672.0
13438,1001.0,21.0,1.0,100.0,80.0,,19.0,1.15,8446.5875,56917917.0,672.0
13439,1001.0,21.0,1.0,100.0,80.0,,20.0,0.0375,8446.625,56926363.625,672.0
13440,1001.0,21.0,1.0,100.0,80.0,,1.0,0.425,8447.05,56934810.675,673.0
13441,1001.0,21.0,1.0,100.0,80.0,,2.0,1.0,8448.05,56943258.725,673.0
13442,1001.0,21.0,1.0,100.0,80.0,,3.0,0.0625,8448.1125,56951706.8375,673.0
13443,1001.0,21.0,1.0,100.0,80.0,,4.0,0.2875,8448.4,56960155.2375,673.0
13444,1001.0,21.0,1.0,100.0,80.0,,5.0,0.0125,8448.4125,56968603.65,673.0
13445,1001.0,21.0,1.0,100.0,80.0,,6.0,0.25,8448.6625,56977052.3125,673.0
13446,1001.0,21.0,1.0,100.0,80.0,,7.0,0.65,8449.3125,56985501.625,673.0
13447,1001.0,21.0,1.0,100.0,80.0,,8.0,0.35,8449.6625,56993951.2875,673.0
13448,1001.0,21.0,1.0,100.0,80.0,,9.0,1.2375,8450.9,57002402.1875,673.0
13449,1001.0,21.0,1.0,100.0,80.0,,10.0,0.075,8450.975,57010853.1625,673.0
13450,1001.0,21.0,1.0,100.0,80.0,,11.0,0.875,8451.85,57019305.0125,673.0
13451,1001.0,21.0,1.0,100.0,80.0,,12.0,1.1125,8452.9625,57027757.975,673.0
13452,1001.0,21.0,1.0,100.0,80.0,,13.0,0.65,8453.6125,57036211.5875,673.0
13453,1001.0,21.0,1.0,100.0,80.0,,14.0,0.2625,8453.875,57044665.4625,673.0
13454,1001.0,21.0,1.0,100.0,80.0,,15.0,0.475,8454.35,57053119.8125,673.0
13455,1001.0,21.0,1.0,100.0,80.0,,16.0,0.6125,8454.9625,57061574.775,673.0
13456,1001.0,21.0,1.0,100.0,80.0,,17.0,0.0625,8455.025,57070029.8,673.0
13457,1001.0,21.0,1.0,100.0,80.0,,18.0,0.875,8455.9,57078485.7,673.0
13458,1001.0,21.0,1.0,100.0,80.0,,19.0,1.175,8457.075,57086942.775,673.0
13459,1001.0,21.0,1.0,100.0,80.0,,20.0,0.4625,8457.5375,57095400.3125,673.0
13460,1001.0,21.0,1.0,100.0,80.0,,1.0,1.05,8458.5875,57103858.9,674.0
13461,1001.0,21.0,1.0,100.0,80.0,,2.0,0.4375,8459.025,57112317.925,674.0
13462,1001.0,21.0,1.0,100.0,80.0,,3.0,0.9375,8459.9625,57120777.8875,674.0
13463,1001.0,21.0,1.0,100.0,80.0,,4.0,0.5125,8460.475,57129238.3625,674.0
13464,1001.0,21.0,1.0,100.0,80.0,,5.0,0.2625,8460.7375,57137699.1,674.0
13465,1001.0,21.0,1.0,100.0,80.0,,6.0,0.3125,8461.05,57146160.15,674.0
13466,1001.0,21.0,1.0,100.0,80.0,,7.0,0.525,8461.575,57154621.725,674.0
13467,1001.0,21.0,1.0,100.0,80.0,,8.0,0.925,8462.5,57163084.225,674.0
13468,1001.0,21.0,1.0,100.0,80.0,,9.0,0.925,8463.425,57171547.65,674.0
13469,1001.0,21.0,1.0,100.0,80.0,,10.0,0.625,8464.05,57180011.7,674.0
13470,1001.0,21.0,1.0,100.0,80.0,,11.0,0.725,8464.775,57188476.475,674.0
13471,1001.0,21.0,1.0,100.0,80.0,,12.0,1.175,8465.95,57196942.425,674.0
13472,1001.0,21.0,1.0,100.0,80.0,,13.0,0.875,8466.825,57205409.25,674.0
13473,1001.0,21.0,1.0,100.0,80.0,,14.0,0.6125,8467.4375,57213876.6875,674.0
13474,1001.0,21.0,1.0,100.0,80.0,,15.0,0.3,8467.7375,57222344.425,674.0
13475,1001.0,21.0,1.0,100.0,80.0,,16.0,0.5375,8468.275,57230812.7,674.0
13476,1001.0,21.0,1.0,100.0,80.0,,17.0,1.0875,8469.3625,57239282.0625,674.0
13477,1001.0,21.0,1.0,100.0,80.0,,18.0,1.2125,8470.575,57247752.6375,674.0
13478,1001.0,21.0,1.0,100.0,80.0,,19.0,0.8375,8471.4125,57256224.05,674.0
13479,1001.0,21.0,1.0,100.0,80.0,,20.0,0.5375,8471.95,57264696.0,674.0
13480,1001.0,21.0,1.0,100.0,80.0,,1.0,0.4875,8472.4375,57273168.4375,675.0
13481,1001.0,21.0,1.0,100.0,80.0,,2.0,0.925,8473.3625,57281641.8,675.0
13482,1001.0,21.0,1.0,100.0,80.0,,3.0,0.6,8473.9625,57290115.7625,675.0
13483,1001.0,21.0,1.0,100.0,80.0,,4.0,1.0125,8474.975,57298590.7375,675.0
13484,1001.0,21.0,1.0,100.0,80.0,,5.0,0.475,8475.45,57307066.1875,675.0
13485,1001.0,21.0,1.0,100.0,80.0,,6.0,0.4875,8475.9375,57315542.125,675.0
13486,1001.0,21.0,1.0,100.0,80.0,,7.0,1.2375,8477.175,57324019.3,675.0
13487,1001.0,21.0,1.0,100.0,80.0,,8.0,0.8,8477.975,57332497.275,675.0
13488,1001.0,21.0,1.0,100.0,80.0,,9.0,0.6625,8478.6375,57340975.9125,675.0
13489,1001.0,21.0,1.0,100.0,80.0,,10.0,1.2375,8479.875,57349455.7875,675.0
13490,1001.0,21.0,1.0,100.0,80.0,,11.0,0.575,8480.45,57357936.2375,675.0
13491,1001.0,21.0,1.0,100.0,80.0,,12.0,0.725,8481.175,57366417.4125,675.0
13492,1001.0,21.0,1.0,100.0,80.0,,13.0,0.875,8482.05,57374899.4625,675.0
13493,1001.0,21.0,1.0,100.0,80.0,,14.0,0.4,8482.45,57383381.9125,675.0
13494,1001.0,21.0,1.0,100.0,80.0,,15.0,0.7875,8483.2375,57391865.15,675.0
13495,1001.0,21.0,1.0,100.0,80.0,,16.0,0.6375,8483.875,57400349.025,675.0
13496,1001.0,21.0,1.0,100.0,80.0,,17.0,0.9,8484.775,57408833.8,675.0
13497,1001.0,21.0,1.0,100.0,80.0,,18.0,0.8125,8485.5875,57417319.3875,675.0
13498,1001.0,21.0,1.0,100.0,80.0,,19.0,0.8375,8486.425,57425805.8125,675.0
13499,1001.0,21.0,1.0,100.0,80.0,,20.0,0.9875,8487.4125,57434293.225,675.0
13500,1001.0,21.0,1.0,100.0,80.0,,1.0,0.4625,8487.875,57442781.1,676.0
13501,1001.0,21.0,1.0,100.0,80.0,,2.0,0.7375,8488.6125,57451269.7125,676.0
13502,1001.0,21.0,1.0,100.0,80.0,,3.0,0.5375,8489.15,57459758.8625,676.0
13503,1001.0,21.0,1.0,100.0,80.0,,4.0,0.7875,8489.9375,57468248.8,676.0
13504,1001.0,21.0,1.0,100.0,80.0,,5.0,0.575,8490.5125,57476739.3125,676.0
13505,1001.0,21.0,1.0,100.0,80.0,,6.0,1.1375,8491.65,57485230.9625,676.0
13506,1001.0,21.0,1.0,100.0,80.0,,7.0,0.3875,8492.0375,57493723.0,676.0
13507,1001.0,21.0,1.0,100.0,80.0,,8.0,0.8,8492.8375,57502215.8375,676.0
13508,1001.0,21.0,1.0,100.0,80.0,,9.0,0.0125,8492.85,57510708.6875,676.0
13509,1001.0,21.0,1.0,100.0,80.0,,10.0,0.8625,8493.7125,57519202.4,676.0
13510,1001.0,21.0,1.0,100.0,80.0,,11.0,0.7,8494.4125,57527696.8125,676.0
13511,1001.0,21.0,1.0,100.0,80.0,,12.0,0.1,8494.5125,57536191.325,676.0
13512,1001.0,21.0,1.0,100.0,80.0,,13.0,0.625,8495.1375,57544686.4625,676.0
13513,1001.0,21.0,1.0,100.0,80.0,,14.0,0.6875,8495.825,57553182.2875,676.0
13514,1001.0,21.0,1.0,100.0,80.0,,15.0,0.9,8496.725,57561679.0125,676.0
13515,1001.0,21.0,1.0,100.0,80.0,,16.0,0.875,8497.6,57570176.6125,676.0
13516,1001.0,21.0,1.0,100.0,80.0,,17.0,1.15,8498.75,57578675.3625,676.0
13517,1001.0,21.0,1.0,100.0,80.0,,18.0,0.6125,8499.3625,57587174.725,676.0
13518,1001.0,21.0,1.0,100.0,80.0,,19.0,0.075,8499.4375,57595674.1625,676.0
13519,1001.0,21.0,1.0,100.0,80.0,,20.0,0.7375,8500.175,57604174.3375,676.0
13520,1001.0,21.0,1.0,100.0,80.0,,1.0,0.3875,8500.5625,57612674.9,677.0
13521,1001.0,21.0,1.0,100.0,80.0,,2.0,0.525,8501.0875,57621175.9875,677.0
13522,1001.0,21.0,1.0,100.0,80.0,,3.0,1.0125,8502.1,57629678.0875,677.0
13523,1001.0,21.0,1.0,100.0,80.0,,4.0,0.1375,8502.2375,57638180.325,677.0
13524,1001.0,21.0,1.0,100.0,80.0,,5.0,0.0125,8502.25,57646682.575,677.0
13525,1001.0,21.0,1.0,100.0,80.0,,6.0,0.8875,8503.1375,57655185.7125,677.0
13526,1001.0,21.0,1.0,100.0,80.0,,7.0,1.0375,8504.175,57663689.8875,677.0
13527,1001.0,21.0,1.0,100.0,80.0,,8.0,1.05,8505.225,57672195.1125,677.0
13528,1001.0,21.0,1.0,100.0,80.0,,9.0,0.6875,8505.9125,57680701.025,677.0
13529,1001.0,21.0,1.0,100.0,80.0,,10.0,0.3625,8506.275,57689207.3,677.0
13530,1001.0,21.0,1.0,100.0,80.0,,11.0,0.0625,8506.3375,57697713.6375,677.0
13531,1001.0,21.0,1.0,100.0,80.0,,12.0,0.7,8507.0375,57706220.675,677.0
13532,1001.0,21.0,1.0,100.0,80.0,,13.0,0.7625,8507.8,57714728.475,677.0
13533,1001.0,21.0,1.0,100.0,80.0,,14.0,0.575,8508.375,57723236.85,677.0
13534,1001.0,21.0,1.0,100.0,80.0,,15.0,0.2625,8508.6375,57731745.4875,677.0
13535,1001.0,21.0,1.0,100.0,80.0,,16.0,0.4875,8509.125,57740254.6125,677.0
13536,1001.0,21.0,1.0,100.0,80.0,,17.0,0.1,8509.225,57748763.8375,677.0
13537,1001.0,21.0,1.0,100.0,80.0,,18.0,0.3875,8509.6125,57757273.45,677.0
13538,1001.0,21.0,1.0,100.0,80.0,,19.0,1.225,8510.8375,57765784.2875,677.0
13539,1001.0,21.0,1.0,100.0,80.0,,20.0,0.1,8510.9375,57774295.225,677.0
13540,1001.0,21.0,1.0,100.0,80.0,,1.0,0.6625,8511.6,57782806.825,678.0
13541,1001.0,21.0,1.0,100.0,80.0,,2.0,0.6875,8512.2875,57791319.1125,678.0
13542,1001.0,21.0,1.0,100.0,80.0,,3.0,0.2375,8512.525,57799831.6375,678.0
13543,1001.0,21.0,1.0,100.0,80.0,,4.0,1.025,8513.55,57808345.1875,678.0
13544,1001.0,21.0,1.0,100.0,80.0,,5.0,1.175,8514.725,57816859.9125,678.0
13545,1001.0,21.0,1.0,100.0,80.0,,6.0,0.15,8514.875,57825374.7875,678.0
13546,1001.0,21.0,1.0,100.0,80.0,,7.0,0.9625,8515.8375,57833890.625,678.0
13547,1001.0,21.0,1.0,100.0,80.0,,8.0,1.025,8516.8625,57842407.4875,678.0
13548,1001.0,21.0,1.0,100.0,80.0,,9.0,1.0625,8517.925,57850925.4125,678.0
13549,1001.0,21.0,1.0,100.0,80.0,,10.0,0.9875,8518.9125,57859444.325,678.0
13550,1001.0,21.0,1.0,100.0,80.0,,11.0,1.1125,8520.025,57867964.35,678.0
13551,1001.0,21.0,1.0,100.0,80.0,,12.0,0.1625,8520.1875,57876484.5375,678.0
13552,1001.0,21.0,1.0,100.0,80.0,,13.0,0.8875,8521.075,57885005.6125,678.0
13553,1001.0,21.0,1.0,100.0,80.0,,14.0,0.6125,8521.6875,57893527.3,678.0
13554,1001.0,21.0,1.0,100.0,80.0,,15.0,0.0875,8521.775,57902049.075,678.0
13555,1001.0,21.0,1.0,100.0,80.0,,16.0,0.9,8522.675,57910571.75,678.0
13556,1001.0,21.0,1.0,100.0,80.0,,17.0,0.05,8522.725,57919094.475,678.0
13557,1001.0,21.0,1.0,100.0,80.0,,18.0,0.3625,8523.0875,57927617.5625,678.0
13558,1001.0,21.0,1.0,100.0,80.0,,19.0,0.15,8523.2375,57936140.8,678.0
13559,1001.0,21.0,1.0,100.0,80.0,,20.0,0.975,8524.2125,57944665.0125,678.0
13560,1001.0,21.0,1.0,100.0,80.0,,1.0,0.5375,8524.75,57953189.7625,679.0
13561,1001.0,21.0,1.0,100.0,80.0,,2.0,0.85,8525.6,57961715.3625,679.0
13562,1001.0,21.0,1.0,100.0,80.0,,3.0,0.8625,8526.4625,57970241.825,679.0
13563,1001.0,21.0,1.0,100.0,80.0,,4.0,0.8375,8527.3,57978769.125,679.0
13564,1001.0,21.0,1.0,100.0,80.0,,5.0,0.0375,8527.3375,57987296.4625,679.0
13565,1001.0,21.0,1.0,100.0,80.0,,6.0,0.175,8527.5125,57995823.975,679.0
13566,1001.0,21.0,1.0,100.0,80.0,,7.0,0.8125,8528.325,58004352.3,679.0
13567,1001.0,21.0,1.0,100.0,80.0,,8.0,0.0875,8528.4125,58012880.7125,679.0
13568,1001.0,21.0,1.0,100.0,80.0,,9.0,0.1375,8528.55,58021409.2625,679.0
13569,1001.0,21.0,1.0,100.0,80.0,,10.0,1.0375,8529.5875,58029938.85,679.0
13570,1001.0,21.0,1.0,100.0,80.0,,11.0,0.8875,8530.475,58038469.325,679.0
13571,1001.0,21.0,1.0,100.0,80.0,,12.0,0.0375,8530.5125,58046999.8375,679.0
13572,1001.0,21.0,1.0,100.0,80.0,,13.0,0.325,8530.8375,58055530.675,679.0
13573,1001.0,21.0,1.0,100.0,80.0,,14.0,1.2,8532.0375,58064062.7125,679.0
13574,1001.0,21.0,1.0,100.0,80.0,,15.0,0.35,8532.3875,58072595.1,679.0
13575,1001.0,21.0,1.0,100.0,80.0,,16.0,0.825,8533.2125,58081128.3125,679.0
13576,1001.0,21.0,1.0,100.0,80.0,,17.0,0.1625,8533.375,58089661.6875,679.0
13577,1001.0,21.0,1.0,100.0,80.0,,18.0,0.675,8534.05,58098195.7375,679.0
13578,1001.0,21.0,1.0,100.0,80.0,,19.0,0.0625,8534.1125,58106729.85,679.0
13579,1001.0,21.0,1.0,100.0,80.0,,20.0,0.25,8534.3625,58115264.2125,679.0
13580,1001.0,21.0,1.0,100.0,80.0,,1.0,0.1125,8534.475,58123798.6875,680.0
13581,1001.0,21.0,1.0,100.0,80.0,,2.0,0.0375,8534.5125,58132333.2,680.0
13582,1001.0,21.0,1.0,100.0,80.0,,3.0,0.6375,8535.15,58140868.35,680.0
13583,1001.0,21.0,1.0,100.0,80.0,,4.0,0.3125,8535.4625,58149403.8125,680.0
13584,1001.0,21.0,1.0,100.0,80.0,,5.0,0.825,8536.2875,58157940.1,680.0
13585,1001.0,21.0,1.0,100.0,80.0,,6.0,0.8125,8537.1,58166477.2,680.0
13586,1001.0,21.0,1.0,100.0,80.0,,7.0,0.0375,8537.1375,58175014.3375,680.0
13587,1001.0,21.0,1.0,100.0,80.0,,8.0,1.0125,8538.15,58183552.4875,680.0
13588,1001.0,21.0,1.0,100.0,80.0,,9.0,0.4,8538.55,58192091.0375,680.0
13589,1001.0,21.0,1.0,100.0,80.0,,10.0,0.425,8538.975,58200630.0125,680.0
13590,1001.0,21.0,1.0,100.0,80.0,,11.0,0.325,8539.3,58209169.3125,680.0
13591,1001.0,21.0,1.0,100.0,80.0,,12.0,0.8625,8540.1625,58217709.475,680.0
13592,1001.0,21.0,1.0,100.0,80.0,,13.0,0.9,8541.0625,58226250.5375,680.0
13593,1001.0,21.0,1.0,100.0,80.0,,14.0,0.2625,8541.325,58234791.8625,680.0
13594,1001.0,21.0,1.0,100.0,80.0,,15.0,0.875,8542.2,58243334.0625,680.0
13595,1001.0,21.0,1.0,100.0,80.0,,16.0,0.25,8542.45,58251876.5125,680.0
13596,1001.0,21.0,1.0,100.0,80.0,,17.0,1.1,8543.55,58260420.0625,680.0
13597,1001.0,21.0,1.0,100.0,80.0,,18.0,0.025,8543.575,58268963.6375,680.0
13598,1001.0,21.0,1.0,100.0,80.0,,19.0,0.5,8544.075,58277507.7125,680.0
13599,1001.0,21.0,1.0,100.0,80.0,,20.0,0.975,8545.05,58286052.7625,680.0
13600,1001.0,21.0,1.0,100.0,80.0,,1.0,1.175,8546.225,58294598.9875,681.0
13601,1001.0,21.0,1.0,100.0,80.0,,2.0,0.8625,8547.0875,58303146.075,681.0
13602,1001.0,21.0,1.0,100.0,80.0,,3.0,0.25,8547.3375,58311693.4125,681.0
13603,1001.0,21.0,1.0,100.0,80.0,,4.0,1.2,8548.5375,58320241.95,681.0
13604,1001.0,21.0,1.0,100.0,80.0,,5.0,0.1125,8548.65,58328790.6,681.0
13605,1001.0,21.0,1.0,100.0,80.0,,6.0,1.1,8549.75,58337340.35,681.0
13606,1001.0,21.0,1.0,100.0,80.0,,7.0,0.575,8550.325,58345890.675,681.0
13607,1001.0,21.0,1.0,100.0,80.0,,8.0,0.875,8551.2,58354441.875,681.0
13608,1001.0,21.0,1.0,100.0,80.0,,9.0,0.1125,8551.3125,58362993.1875,681.0
13609,1001.0,21.0,1.0,100.0,80.0,,10.0,0.95,8552.2625,58371545.45,681.0
13610,1001.0,21.0,1.0,100.0,80.0,,11.0,0.0125,8552.275,58380097.725,681.0
13611,1001.0,21.0,1.0,100.0,80.0,,12.0,0.55,8552.825,58388650.55,681.0
13612,1001.0,21.0,1.0,100.0,80.0,,13.0,1.1625,8553.9875,58397204.5375,681.0
13613,1001.0,21.0,1.0,100.0,80.0,,14.0,1.1,8555.0875,58405759.625,681.0
13614,1001.0,21.0,1.0,100.0,80.0,,15.0,1.175,8556.2625,58414315.8875,681.0
13615,1001.0,21.0,1.0,100.0,80.0,,16.0,1.2,8557.4625,58422873.35,681.0
13616,1001.0,21.0,1.0,100.0,80.0,,17.0,0.8,8558.2625,58431431.6125,681.0
13617,1001.0,21.0,1.0,100.0,80.0,,18.0,0.5,8558.7625,58439990.375,681.0
13618,1001.0,21.0,1.0,100.0,80.0,,19.0,1.1375,8559.9,58448550.275,681.0
13619,1001.0,21.0,1.0,100.0,80.0,,20.0,0.2375,8560.1375,58457110.4125,681.0
13620,1001.0,21.0,1.0,100.0,80.0,,1.0,0.0375,8560.175,58465670.5875,682.0
13621,1001.0,21.0,1.0,100.0,80.0,,2.0,1.1375,8561.3125,58474231.9,682.0
13622,1001.0,21.0,1.0,100.0,80.0,,3.0,1.1875,8562.5,58482794.4,682.0
13623,1001.0,21.0,1.0,100.0,80.0,,4.0,0.2375,8562.7375,58491357.1375,682.0
13624,1001.0,21.0,1.0,100.0,80.0,,5.0,0.2125,8562.95,58499920.0875,682.0
13625,1001.0,21.0,1.0,100.0,80.0,,6.0,0.4125,8563.3625,58508483.45,682.0
13626,1001.0,21.0,1.0,100.0,80.0,,7.0,0.075,8563.4375,58517046.8875,682.0
13627,1001.0,21.0,1.0,100.0,80.0,,8.0,1.225,8564.6625,58525611.55,682.0
13628,1001.0,21.0,1.0,100.0,80.0,,9.0,0.9875,8565.65,58534177.2,682.0
13629,1001.0,21.0,1.0,100.0,80.0,,10.0,0.475,8566.125,58542743.325,682.0
13630,1001.0,21.0,1.0,100.0,80.0,,11.0,0.45,8566.575,58551309.9,682.0
13631,1001.0,21.0,1.0,100.0,80.0,,12.0,0.125,8566.7,58559876.6,682.0
13632,1001.0,21.0,1.0,100.0,80.0,,13.0,1.1875,8567.8875,58568444.4875,682.0
13633,1001.0,21.0,1.0,100.0,80.0,,14.0,0.0875,8567.975,58577012.4625,682.0
13634,1001.0,21.0,1.0,100.0,80.0,,15.0,0.5125,8568.4875,58585580.95,682.0
13635,1001.0,21.0,1.0,100.0,80.0,,16.0,0.4625,8568.95,58594149.9,682.0
13636,1001.0,21.0,1.0,100.0,80.0,,17.0,0.0875,8569.0375,58602718.9375,682.0
13637,1001.0,21.0,1.0,100.0,80.0,,18.0,0.9,8569.9375,58611288.875,682.0
13638,1001.0,21.0,1.0,100.0,80.0,,19.0,0.8,8570.7375,58619859.6125,682.0
13639,1001.0,21.0,1.0,100.0,80.0,,20.0,0.125,8570.8625,58628430.475,682.0
13640,1001.0,21.0,1.0,100.0,80.0,,1.0,0.1875,8571.05,58637001.525,683.0
13641,1001.0,21.0,1.0,100.0,80.0,,2.0,0.775,8571.825,58645573.35,683.0
13642,1001.0,21.0,1.0,100.0,80.0,,3.0,0.0375,8571.8625,58654145.2125,683.0
13643,1001.0,21.0,1.0,100.0,80.0,,4.0,1.1,8572.9625,58662718.175,683.0
13644,1001.0,21.0,1.0,100.0,80.0,,5.0,0.7,8573.6625,58671291.8375,683.0
13645,1001.0,21.0,1.0,100.0,80.0,,6.0,0.375,8574.0375,58679865.875,683.0
13646,1001.0,21.0,1.0,100.0,80.0,,7.0,0.125,8574.1625,58688440.0375,683.0
13647,1001.0,21.0,1.0,100.0,80.0,,8.0,0.9,8575.0625,58697015.1,683.0
13648,1001.0,21.0,1.0,100.0,80.0,,9.0,0.1125,8575.175,58705590.275,683.0
13649,1001.0,21.0,1.0,100.0,80.0,,10.0,1.0,8576.175,58714166.45,683.0
13650,1001.0,21.0,1.0,100.0,80.0,,11.0,1.0,8577.175,58722743.625,683.0
13651,1001.0,21.0,1.0,100.0,80.0,,12.0,0.275,8577.45,58731321.075,683.0
13652,1001.0,21.0,1.0,100.0,80.0,,13.0,0.4875,8577.9375,58739899.0125,683.0
13653,1001.0,21.0,1.0,100.0,80.0,,14.0,0.8875,8578.825,58748477.8375,683.0
13654,1001.0,21.0,1.0,100.0,80.0,,15.0,0.9375,8579.7625,58757057.6,683.0
13655,1001.0,21.0,1.0,100.0,80.0,,16.0,0.7375,8580.5,58765638.1,683.0
13656,1001.0,21.0,1.0,100.0,80.0,,17.0,1.025,8581.525,58774219.625,683.0
13657,1001.0,21.0,1.0,100.0,80.0,,18.0,0.2625,8581.7875,58782801.4125,683.0
13658,1001.0,21.0,1.0,100.0,80.0,,19.0,0.4625,8582.25,58791383.6625,683.0
13659,1001.0,21.0,1.0,100.0,80.0,,20.0,1.025,8583.275,58799966.9375,683.0
13660,1001.0,21.0,1.0,100.0,80.0,,1.0,1.0875,8584.3625,58808551.3,684.0
13661,1001.0,21.0,1.0,100.0,80.0,,2.0,0.3625,8584.725,58817136.025,684.0
13662,1001.0,21.0,1.0,100.0,80.0,,3.0,0.4875,8585.2125,58825721.2375,684.0
13663,1001.0,21.0,1.0,100.0,80.0,,4.0,0.2875,8585.5,58834306.7375,684.0
13664,1001.0,21.0,1.0,100.0,80.0,,5.0,0.6125,8586.1125,58842892.85,684.0
13665,1001.0,21.0,1.0,100.0,80.0,,6.0,1.075,8587.1875,58851480.0375,684.0
13666,1001.0,21.0,1.0,100.0,80.0,,7.0,0.7375,8587.925,58860067.9625,684.0
13667,1001.0,21.0,1.0,100.0,80.0,,8.0,0.7625,8588.6875,58868656.65,684.0
13668,1001.0,21.0,1.0,100.0,80.0,,9.0,0.9375,8589.625,58877246.275,684.0
13669,1001.0,21.0,1.0,100.0,80.0,,10.0,0.4125,8590.0375,58885836.3125,684.0
13670,1001.0,21.0,1.0,100.0,80.0,,11.0,0.1,8590.1375,58894426.45,684.0
13671,1001.0,21.0,1.0,100.0,80.0,,12.0,0.1375,8590.275,58903016.725,684.0
13672,1001.0,21.0,1.0,100.0,80.0,,13.0,0.8,8591.075,58911607.8,684.0
13673,1001.0,21.0,1.0,100.0,80.0,,14.0,0.7875,8591.8625,58920199.6625,684.0
13674,1001.0,21.0,1.0,100.0,80.0,,15.0,1.175,8593.0375,58928792.7,684.0
13675,1001.0,21.0,1.0,100.0,80.0,,16.0,0.1875,8593.225,58937385.925,684.0
13676,1001.0,21.0,1.0,100.0,80.0,,17.0,0.2,8593.425,58945979.35,684.0
13677,1001.0,21.0,1.0,100.0,80.0,,18.0,0.3875,8593.8125,58954573.1625,684.0
13678,1001.0,21.0,1.0,100.0,80.0,,19.0,0.5125,8594.325,58963167.4875,684.0
13679,1001.0,21.0,1.0,100.0,80.0,,20.0,0.775,8595.1,58971762.5875,684.0
13680,1001.0,21.0,1.0,100.0,80.0,,1.0,0.9375,8596.0375,58980358.625,685.0
13681,1001.0,21.0,1.0,100.0,80.0,,2.0,1.1,8597.1375,58988955.7625,685.0
13682,1001.0,21.0,1.0,100.0,80.0,,3.0,0.3125,8597.45,58997553.2125,685.0
13683,1001.0,21.0,1.0,100.0,80.0,,4.0,1.025,8598.475,59006151.6875,685.0
13684,1001.0,21.0,1.0,100.0,80.0,,5.0,0.1875,8598.6625,59014750.35,685.0
13685,1001.0,21.0,1.0,100.0,80.0,,6.0,0.775,8599.4375,59023349.7875,685.0
13686,1001.0,21.0,1.0,100.0,80.0,,7.0,1.2,8600.6375,59031950.425,685.0
13687,1001.0,21.0,1.0,100.0,80.0,,8.0,1.2375,8601.875,59040552.3,685.0
13688,1001.0,21.0,1.0,100.0,80.0,,9.0,0.6125,8602.4875,59049154.7875,685.0
13689,1001.0,21.0,1.0,100.0,80.0,,10.0,0.225,8602.7125,59057757.5,685.0
13690,1001.0,21.0,1.0,100.0,80.0,,11.0,0.65,8603.3625,59066360.8625,685.0
13691,1001.0,21.0,1.0,100.0,80.0,,12.0,0.8375,8604.2,59074965.0625,685.0
13692,1001.0,21.0,1.0,100.0,80.0,,13.0,0.8625,8605.0625,59083570.125,685.0
13693,1001.0,21.0,1.0,100.0,80.0,,14.0,0.775,8605.8375,59092175.9625,685.0
13694,1001.0,21.0,1.0,100.0,80.0,,15.0,1.075,8606.9125,59100782.875,685.0
13695,1001.0,21.0,1.0,100.0,80.0,,16.0,0.8125,8607.725,59109390.6,685.0
13696,1001.0,21.0,1.0,100.0,80.0,,17.0,1.0625,8608.7875,59117999.3875,685.0
13697,1001.0,21.0,1.0,100.0,80.0,,18.0,1.125,8609.9125,59126609.3,685.0
13698,1001.0,21.0,1.0,100.0,80.0,,19.0,0.6,8610.5125,59135219.8125,685.0
13699,1001.0,21.0,1.0,100.0,80.0,,20.0,0.525,8611.0375,59143830.85,685.0
13700,1001.0,21.0,1.0,100.0,80.0,,1.0,0.975,8612.0125,59152442.8625,686.0
13701,1001.0,21.0,1.0,100.0,80.0,,2.0,1.1625,8613.175,59161056.0375,686.0
13702,1001.0,21.0,1.0,100.0,80.0,,3.0,0.625,8613.8,59169669.8375,686.0
13703,1001.0,21.0,1.0,100.0,80.0,,4.0,0.55,8614.35,59178284.1875,686.0
13704,1001.0,21.0,1.0,100.0,80.0,,5.0,0.575,8614.925,59186899.1125,686.0
13705,1001.0,21.0,1.0,100.0,80.0,,6.0,1.0375,8615.9625,59195515.075,686.0
13706,1001.0,21.0,1.0,100.0,80.0,,7.0,0.075,8616.0375,59204131.1125,686.0
13707,1001.0,21.0,1.0,100.0,80.0,,8.0,0.7875,8616.825,59212747.9375,686.0
13708,1001.0,21.0,1.0,100.0,80.0,,9.0,0.4125,8617.2375,59221365.175,686.0
13709,1001.0,21.0,1.0,100.0,80.0,,10.0,0.6,8617.8375,59229983.0125,686.0
13710,1001.0,21.0,1.0,100.0,80.0,,11.0,0.3625,8618.2,59238601.2125,686.0
13711,1001.0,21.0,1.0,100.0,80.0,,12.0,0.9375,8619.1375,59247220.35,686.0
13712,1001.0,21.0,1.0,100.0,80.0,,13.0,0.475,8619.6125,59255839.9625,686.0
13713,1001.0,21.0,1.0,100.0,80.0,,14.0,1.1375,8620.75,59264460.7125,686.0
13714,1001.0,21.0,1.0,100.0,80.0,,15.0,0.2625,8621.0125,59273081.725,686.0
13715,1001.0,21.0,1.0,100.0,80.0,,16.0,0.825,8621.8375,59281703.5625,686.0
13716,1001.0,21.0,1.0,100.0,80.0,,17.0,0.5875,8622.425,59290325.9875,686.0
13717,1001.0,21.0,1.0,100.0,80.0,,18.0,0.825,8623.25,59298949.2375,686.0
13718,1001.0,21.0,1.0,100.0,80.0,,19.0,0.9375,8624.1875,59307573.425,686.0
13719,1001.0,21.0,1.0,100.0,80.0,,20.0,1.0375,8625.225,59316198.65,686.0
13720,1001.0,21.0,1.0,100.0,80.0,,1.0,0.8,8626.025,59324824.675,687.0
13721,1001.0,21.0,1.0,100.0,80.0,,2.0,0.6,8626.625,59333451.3,687.0
13722,1001.0,21.0,1.0,100.0,80.0,,3.0,1.1,8627.725,59342079.025,687.0
13723,1001.0,21.0,1.0,100.0,80.0,,4.0,0.9125,8628.6375,59350707.6625,687.0
13724,1001.0,21.0,1.0,100.0,80.0,,5.0,0.225,8628.8625,59359336.525,687.0
13725,1001.0,21.0,1.0,100.0,80.0,,6.0,0.5375,8629.4,59367965.925,687.0
13726,1001.0,21.0,1.0,100.0,80.0,,7.0,0.875,8630.275,59376596.2,687.0
13727,1001.0,21.0,1.0,100.0,80.0,,8.0,0.5625,8630.8375,59385227.0375,687.0
13728,1001.0,21.0,1.0,100.0,80.0,,9.0,0.775,8631.6125,59393858.65,687.0
13729,1001.0,21.0,1.0,100.0,80.0,,10.0,0.6125,8632.225,59402490.875,687.0
13730,1001.0,21.0,1.0,100.0,80.0,,11.0,0.6625,8632.8875,59411123.7625,687.0
13731,1001.0,21.0,1.0,100.0,80.0,,12.0,1.1875,8634.075,59419757.8375,687.0
13732,1001.0,21.0,1.0,100.0,80.0,,13.0,0.1125,8634.1875,59428392.025,687.0
13733,1001.0,21.0,1.0,100.0,80.0,,14.0,0.7625,8634.95,59437026.975,687.0
13734,1001.0,21.0,1.0,100.0,80.0,,15.0,0.9,8635.85,59445662.825,687.0
13735,1001.0,21.0,1.0,100.0,80.0,,16.0,1.0875,8636.9375,59454299.7625,687.0
13736,1001.0,21.0,1.0,100.0,80.0,,17.0,1.0625,8638.0,59462937.7625,687.0
13737,1001.0,21.0,1.0,100.0,80.0,,18.0,0.0125,8638.0125,59471575.775,687.0
13738,1001.0,21.0,1.0,100.0,80.0,,19.0,0.4375,8638.45,59480214.225,687.0
13739,1001.0,21.0,1.0,100.0,80.0,,20.0,0.3,8638.75,59488852.975,687.0
13740,1001.0,21.0,1.0,100.0,80.0,,1.0,0.45,8639.2,59497492.175,688.0
13741,1001.0,21.0,1.0,100.0,80.0,,2.0,0.5,8639.7,59506131.875,688.0
13742,1001.0,21.0,1.0,100.0,80.0,,3.0,0.0125,8639.7125,59514771.5875,688.0
13743,1001.0,21.0,1.0,100.0,80.0,,4.0,0.5,8640.2125,59523411.8,688.0
13744,1001.0,21.0,1.0,100.0,80.0,,5.0,0.8625,8641.075,59532052.875,688.0
13745,1001.0,21.0,1.0,100.0,80.0,,6.0,0.9625,8642.0375,59540694.9125,688.0
13746,1001.0,21.0,1.0,100.0,80.0,,7.0,1.2125,8643.25,59549338.1625,688.0
13747,1001.0,21.0,1.0,100.0,80.0,,8.0,0.4,8643.65,59557981.8125,688.0
13748,1001.0,21.0,1.0,100.0,80.0,,9.0,1.1875,8644.8375,59566626.65,688.0
13749,1001.0,21.0,1.0,100.0,80.0,,10.0,0.75,8645.5875,59575272.2375,688.0
13750,1001.0,21.0,1.0,100.0,80.0,,11.0,0.9125,8646.5,59583918.7375,688.0
13751,1001.0,21.0,1.0,100.0,80.0,,12.0,1.15,8647.65,59592566.3875,688.0
13752,1001.0,21.0,1.0,100.0,80.0,,13.0,0.1875,8647.8375,59601214.225,688.0
13753,1001.0,21.0,1.0,100.0,80.0,,14.0,0.85,8648.6875,59609862.9125,688.0
13754,1001.0,21.0,1.0,100.0,80.0,,15.0,0.6,8649.2875,59618512.2,688.0
13755,1001.0,21.0,1.0,100.0,80.0,,16.0,0.2125,8649.5,59627161.7,688.0
13756,1001.0,21.0,1.0,100.0,80.0,,17.0,0.925,8650.425,59635812.125,688.0
13757,1001.0,21.0,1.0,100.0,80.0,,18.0,0.1875,8650.6125,59644462.7375,688.0
13758,1001.0,21.0,1.0,100.0,80.0,,19.0,1.0125,8651.625,59653114.3625,688.0
13759,1001.0,21.0,1.0,100.0,80.0,,20.0,0.675,8652.3,59661766.6625,688.0
13760,1001.0,21.0,1.0,100.0,80.0,,1.0,0.425,8652.725,59670419.3875,689.0
13761,1001.0,21.0,1.0,100.0,80.0,,2.0,0.025,8652.75,59679072.1375,689.0
13762,1001.0,21.0,1.0,100.0,80.0,,3.0,0.1,8652.85,59687724.9875,689.0
13763,1001.0,21.0,1.0,100.0,80.0,,4.0,0.3375,8653.1875,59696378.175,689.0
13764,1001.0,21.0,1.0,100.0,80.0,,5.0,0.825,8654.0125,59705032.1875,689.0
13765,1001.0,21.0,1.0,100.0,80.0,,6.0,0.35,8654.3625,59713686.55,689.0
13766,1001.0,21.0,1.0,100.0,80.0,,7.0,0.15,8654.5125,59722341.0625,689.0
13767,1001.0,21.0,1.0,100.0,80.0,,8.0,0.975,8655.4875,59730996.55,689.0
13768,1001.0,21.0,1.0,100.0,80.0,,9.0,0.2875,8655.775,59739652.325,689.0
13769,1001.0,21.0,1.0,100.0,80.0,,10.0,1.1375,8656.9125,59748309.2375,689.0
13770,1001.0,21.0,1.0,100.0,80.0,,11.0,0.1375,8657.05,59756966.2875,689.0
13771,1001.0,21.0,1.0,100.0,80.0,,12.0,0.325,8657.375,59765623.6625,689.0
13772,1001.0,21.0,1.0,100.0,80.0,,13.0,0.325,8657.7,59774281.3625,689.0
13773,1001.0,21.0,1.0,100.0,80.0,,14.0,0.2625,8657.9625,59782939.325,689.0
13774,1001.0,21.0,1.0,100.0,80.0,,15.0,0.85,8658.8125,59791598.1375,689.0
13775,1001.0,21.0,1.0,100.0,80.0,,16.0,0.0875,8658.9,59800257.0375,689.0
13776,1001.0,21.0,1.0,100.0,80.0,,17.0,0.2125,8659.1125,59808916.15,689.0
13777,1001.0,21.0,1.0,100.0,80.0,,18.0,0.7375,8659.85,59817576.0,689.0
13778,1001.0,21.0,1.0,100.0,80.0,,19.0,0.25,8660.1,59826236.1,689.0
13779,1001.0,21.0,1.0,100.0,80.0,,20.0,0.4625,8660.5625,59834896.6625,689.0
13780,1001.0,21.0,1.0,100.0,80.0,,1.0,0.6125,8661.175,59843557.8375,690.0
13781,1001.0,21.0,1.0,100.0,80.0,,2.0,1.2125,8662.3875,59852220.225,690.0
13782,1001.0,21.0,1.0,100.0,80.0,,3.0,0.1,8662.4875,59860882.7125,690.0
13783,1001.0,21.0,1.0,100.0,80.0,,4.0,0.0125,8662.5,59869545.2125,690.0
13784,1001.0,21.0,1.0,100.0,80.0,,5.0,0.9375,8663.4375,59878208.65,690.0
13785,1001.0,21.0,1.0,100.0,80.0,,6.0,0.7,8664.1375,59886872.7875,690.0
13786,1001.0,21.0,1.0,100.0,80.0,,7.0,0.05,8664.1875,59895536.975,690.0
13787,1001.0,21.0,1.0,100.0,80.0,,8.0,0.9125,8665.1,59904202.075,690.0
13788,1001.0,21.0,1.0,100.0,80.0,,9.0,0.2125,8665.3125,59912867.3875,690.0
13789,1001.0,21.0,1.0,100.0,80.0,,10.0,0.8,8666.1125,59921533.5,690.0
13790,1001.0,21.0,1.0,100.0,80.0,,11.0,0.35,8666.4625,59930199.9625,690.0
13791,1001.0,21.0,1.0,100.0,80.0,,12.0,0.8375,8667.3,59938867.2625,690.0
13792,1001.0,21.0,1.0,100.0,80.0,,13.0,0.55,8667.85,59947535.1125,690.0
13793,1001.0,21.0,1.0,100.0,80.0,,14.0,0.3875,8668.2375,59956203.35,690.0
13794,1001.0,21.0,1.0,100.0,80.0,,15.0,1.025,8669.2625,59964872.6125,690.0
13795,1001.0,21.0,1.0,100.0,80.0,,16.0,0.625,8669.8875,59973542.5,690.0
13796,1001.0,21.0,1.0,100.0,80.0,,17.0,0.9125,8670.8,59982213.3,690.0
13797,1001.0,21.0,1.0,100.0,80.0,,18.0,0.325,8671.125,59990884.425,690.0
13798,1001.0,21.0,1.0,100.0,80.0,,19.0,0.3625,8671.4875,59999555.9125,690.0
13799,1001.0,21.0,1.0,100.0,80.0,,20.0,0.475,8671.9625,60008227.875,690.0
13800,1001.0,21.0,1.0,100.0,80.0,,1.0,0.9125,8672.875,60016900.75,691.0
13801,1001.0,21.0,1.0,100.0,80.0,,2.0,0.85,8673.725,60025574.475,691.0
13802,1001.0,21.0,1.0,100.0,80.0,,3.0,0.6375,8674.3625,60034248.8375,691.0
13803,1001.0,21.0,1.0,100.0,80.0,,4.0,1.2,8675.5625,60042924.4,691.0
13804,1001.0,21.0,1.0,100.0,80.0,,5.0,0.7125,8676.275,60051600.675,691.0
13805,1001.0,21.0,1.0,100.0,80.0,,6.0,0.4125,8676.6875,60060277.3625,691.0
13806,1001.0,21.0,1.0,100.0,80.0,,7.0,1.15,8677.8375,60068955.2,691.0
13807,1001.0,21.0,1.0,100.0,80.0,,8.0,0.4,8678.2375,60077633.4375,691.0
13808,1001.0,21.0,1.0,100.0,80.0,,9.0,0.15,8678.3875,60086311.825,691.0
13809,1001.0,21.0,1.0,100.0,80.0,,10.0,0.525,8678.9125,60094990.7375,691.0
13810,1001.0,21.0,1.0,100.0,80.0,,11.0,0.7,8679.6125,60103670.35,691.0
13811,1001.0,21.0,1.0,100.0,80.0,,12.0,0.4375,8680.05,60112350.4,691.0
13812,1001.0,21.0,1.0,100.0,80.0,,13.0,0.85,8680.9,60121031.3,691.0
13813,1001.0,21.0,1.0,100.0,80.0,,14.0,1.2125,8682.1125,60129713.4125,691.0
13814,1001.0,21.0,1.0,100.0,80.0,,15.0,1.1875,8683.3,60138396.7125,691.0
13815,1001.0,21.0,1.0,100.0,80.0,,16.0,0.55,8683.85,60147080.5625,691.0
13816,1001.0,21.0,1.0,100.0,80.0,,17.0,0.625,8684.475,60155765.0375,691.0
13817,1001.0,21.0,1.0,100.0,80.0,,18.0,0.975,8685.45,60164450.4875,691.0
13818,1001.0,21.0,1.0,100.0,80.0,,19.0,0.9125,8686.3625,60173136.85,691.0
13819,1001.0,21.0,1.0,100.0,80.0,,20.0,0.9875,8687.35,60181824.2,691.0
13820,1001.0,21.0,1.0,100.0,80.0,,1.0,0.0625,8687.4125,60190511.6125,692.0
13821,1001.0,21.0,1.0,100.0,80.0,,2.0,0.275,8687.6875,60199199.3,692.0
13822,1001.0,21.0,1.0,100.0,80.0,,3.0,0.5375,8688.225,60207887.525,692.0
13823,1001.0,21.0,1.0,100.0,80.0,,4.0,0.1625,8688.3875,60216575.9125,692.0
13824,1001.0,21.0,1.0,100.0,80.0,,5.0,0.5875,8688.975,60225264.8875,692.0
13825,1001.0,21.0,1.0,100.0,80.0,,6.0,0.975,8689.95,60233954.8375,692.0
13826,1001.0,21.0,1.0,100.0,80.0,,7.0,0.2125,8690.1625,60242645.0,692.0
13827,1001.0,21.0,1.0,100.0,80.0,,8.0,0.9375,8691.1,60251336.1,692.0
13828,1001.0,21.0,1.0,100.0,80.0,,9.0,0.6125,8691.7125,60260027.8125,692.0
13829,1001.0,21.0,1.0,100.0,80.0,,10.0,0.375,8692.0875,60268719.9,692.0
13830,1001.0,21.0,1.0,100.0,80.0,,11.0,1.2375,8693.325,60277413.225,692.0
13831,1001.0,21.0,1.0,100.0,80.0,,12.0,0.1375,8693.4625,60286106.6875,692.0
13832,1001.0,21.0,1.0,100.0,80.0,,13.0,0.4125,8693.875,60294800.5625,692.0
13833,1001.0,21.0,1.0,100.0,80.0,,14.0,1.0625,8694.9375,60303495.5,692.0
13834,1001.0,21.0,1.0,100.0,80.0,,15.0,0.15,8695.0875,60312190.5875,692.0
13835,1001.0,21.0,1.0,100.0,80.0,,16.0,0.8625,8695.95,60320886.5375,692.0
13836,1001.0,21.0,1.0,100.0,80.0,,17.0,0.5,8696.45,60329582.9875,692.0
13837,1001.0,21.0,1.0,100.0,80.0,,18.0,1.15,8697.6,60338280.5875,692.0
13838,1001.0,21.0,1.0,100.0,80.0,,19.0,0.6625,8698.2625,60346978.85,692.0
13839,1001.0,21.0,1.0,100.0,80.0,,20.0,0.7875,8699.05,60355677.9,692.0
13840,1001.0,21.0,1.0,100.0,80.0,,1.0,0.9625,8700.0125,60364377.9125,693.0
13841,1001.0,21.0,1.0,100.0,80.0,,2.0,1.1125,8701.125,60373079.0375,693.0
13842,1001.0,21.0,1.0,100.0,80.0,,3.0,0.7375,8701.8625,60381780.9,693.0
13843,1001.0,21.0,1.0,100.0,80.0,,4.0,0.175,8702.0375,60390482.9375,693.0
13844,1001.0,21.0,1.0,100.0,80.0,,5.0,0.275,8702.3125,60399185.25,693.0
13845,1001.0,21.0,1.0,100.0,80.0,,6.0,1.175,8703.4875,60407888.7375,693.0
13846,1001.0,21.0,1.0,100.0,80.0,,7.0,0.15,8703.6375,60416592.375,693.0
13847,1001.0,21.0,1.0,100.0,80.0,,8.0,0.4,8704.0375,60425296.4125,693.0
13848,1001.0,21.0,1.0,100.0,80.0,,9.0,0.0375,8704.075,60434000.4875,693.0
13849,1001.0,21.0,1.0,100.0,80.0,,10.0,0.35,8704.425,60442704.9125,693.0
13850,1001.0,21.0,1.0,100.0,80.0,,11.0,0.625,8705.05,60451409.9625,693.0
13851,1001.0,21.0,1.0,100.0,80.0,,12.0,1.1,8706.15,60460116.1125,693.0
13852,1001.0,21.0,1.0,100.0,80.0,,13.0,1.2125,8707.3625,60468823.475,693.0
13853,1001.0,21.0,1.0,100.0,80.0,,14.0,0.25,8707.6125,60477531.0875,693.0
13854,1001.0,21.0,1.0,100.0,80.0,,15.0,0.275,8707.8875,60486238.975,693.0
13855,1001.0,21.0,1.0,100.0,80.0,,16.0,0.8125,8708.7,60494947.675,693.0
13856,1001.0,21.0,1.0,100.0,80.0,,17.0,0.1875,8708.8875,60503656.5625,693.0
13857,1001.0,21.0,1.0,100.0,80.0,,18.0,0.5125,8709.4,60512365.9625,693.0
13858,1001.0,21.0,1.0,100.0,80.0,,19.0,0.9,8710.3,60521076.2625,693.0
13859,1001.0,21.0,1.0,100.0,80.0,,20.0,0.75,8711.05,60529787.3125,693.0
13860,1001.0,21.0,1.0,100.0,80.0,,1.0,1.15,8712.2,60538499.5125,694.0
13861,1001.0,21.0,1.0,100.0,80.0,,2.0,0.9125,8713.1125,60547212.625,694.0
13862,1001.0,21.0,1.0,100.0,80.0,,3.0,1.225,8714.3375,60555926.9625,694.0
13863,1001.0,21.0,1.0,100.0,80.0,,4.0,0.6125,8714.95,60564641.9125,694.0
13864,1001.0,21.0,1.0,100.0,80.0,,5.0,1.1875,8716.1375,60573358.05,694.0
13865,1001.0,21.0,1.0,100.0,80.0,,6.0,0.25,8716.3875,60582074.4375,694.0
13866,1001.0,21.0,1.0,100.0,80.0,,7.0,0.9,8717.2875,60590791.725,694.0
13867,1001.0,21.0,1.0,100.0,80.0,,8.0,0.85,8718.1375,60599509.8625,694.0
13868,1001.0,21.0,1.0,100.0,80.0,,9.0,0.1125,8718.25,60608228.1125,694.0
13869,1001.0,21.0,1.0,100.0,80.0,,10.0,1.175,8719.425,60616947.5375,694.0
13870,1001.0,21.0,1.0,100.0,80.0,,11.0,1.025,8720.45,60625667.9875,694.0
13871,1001.0,21.0,1.0,100.0,80.0,,12.0,0.6625,8721.1125,60634389.1,694.0
13872,1001.0,21.0,1.0,100.0,80.0,,13.0,0.5,8721.6125,60643110.7125,694.0
13873,1001.0,21.0,1.0,100.0,80.0,,14.0,1.0375,8722.65,60651833.3625,694.0
13874,1001.0,21.0,1.0,100.0,80.0,,15.0,0.0625,8722.7125,60660556.075,694.0
13875,1001.0,21.0,1.0,100.0,80.0,,16.0,0.4875,8723.2,60669279.275,694.0
13876,1001.0,21.0,1.0,100.0,80.0,,17.0,0.325,8723.525,60678002.8,694.0
13877,1001.0,21.0,1.0,100.0,80.0,,18.0,0.9,8724.425,60686727.225,694.0
13878,1001.0,21.0,1.0,100.0,80.0,,19.0,0.7,8725.125,60695452.35,694.0
13879,1001.0,21.0,1.0,100.0,80.0,,20.0,0.6625,8725.7875,60704178.1375,694.0
13880,1001.0,21.0,1.0,100.0,80.0,,1.0,0.6375,8726.425,60712904.5625,695.0
13881,1001.0,21.0,1.0,100.0,80.0,,2.0,1.1125,8727.5375,60721632.1,695.0
13882,1001.0,21.0,1.0,100.0,80.0,,3.0,1.1875,8728.725,60730360.825,695.0
13883,1001.0,21.0,1.0,100.0,80.0,,4.0,0.475,8729.2,60739090.025,695.0
13884,1001.0,21.0,1.0,100.0,80.0,,5.0,0.55,8729.75,60747819.775,695.0
13885,1001.0,21.0,1.0,100.0,80.0,,6.0,0.45,8730.2,60756549.975,695.0
13886,1001.0,21.0,1.0,100.0,80.0,,7.0,0.4,8730.6,60765280.575,695.0
13887,1001.0,21.0,1.0,100.0,80.0,,8.0,0.2125,8730.8125,60774011.3875,695.0
13888,1001.0,21.0,1.0,100.0,80.0,,9.0,0.1625,8730.975,60782742.3625,695.0
13889,1001.0,21.0,1.0,100.0,80.0,,10.0,0.0625,8731.0375,60791473.4,695.0
13890,1001.0,21.0,1.0,100.0,80.0,,11.0,0.95,8731.9875,60800205.3875,695.0
13891,1001.0,21.0,1.0,100.0,80.0,,12.0,0.3375,8732.325,60808937.7125,695.0
13892,1001.0,21.0,1.0,100.0,80.0,,13.0,0.4125,8732.7375,60817670.45,695.0
13893,1001.0,21.0,1.0,100.0,80.0,,14.0,0.55,8733.2875,60826403.7375,695.0
13894,1001.0,21.0,1.0,100.0,80.0,,15.0,0.85,8734.1375,60835137.875,695.0
13895,1001.0,21.0,1.0,100.0,80.0,,16.0,0.9875,8735.125,60843873.0,695.0
13896,1001.0,21.0,1.0,100.0,80.0,,17.0,0.5875,8735.7125,60852608.7125,695.0
13897,1001.0,21.0,1.0,100.0,80.0,,18.0,0.55,8736.2625,60861344.975,695.0
13898,1001.0,21.0,1.0,100.0,80.0,,19.0,0.8625,8737.125,60870082.1,695.0
13899,1001.0,21.0,1.0,100.0,80.0,,20.0,0.9125,8738.0375,60878820.1375,695.0
13900,1001.0,21.0,1.0,100.0,80.0,,1.0,0.1625,8738.2,60887558.3375,696.0
13901,1001.0,21.0,1.0,100.0,80.0,,2.0,0.65,8738.85,60896297.1875,696.0
13902,1001.0,21.0,1.0,100.0,80.0,,3.0,1.15,8740.0,60905037.1875,696.0
13903,1001.0,21.0,1.0,100.0,80.0,,4.0,1.05,8741.05,60913778.2375,696.0
13904,1001.0,21.0,1.0,100.0,80.0,,5.0,0.9,8741.95,60922520.1875,696.0
13905,1001.0,21.0,1.0,100.0,80.0,,6.0,0.3375,8742.2875,60931262.475,696.0
13906,1001.0,21.0,1.0,100.0,80.0,,7.0,0.475,8742.7625,60940005.2375,696.0
13907,1001.0,21.0,1.0,100.0,80.0,,8.0,0.4375,8743.2,60948748.4375,696.0
13908,1001.0,21.0,1.0,100.0,80.0,,9.0,0.1625,8743.3625,60957491.8,696.0
13909,1001.0,21.0,1.0,100.0,80.0,,10.0,0.7375,8744.1,60966235.9,696.0
13910,1001.0,21.0,1.0,100.0,80.0,,11.0,1.2125,8745.3125,60974981.2125,696.0
13911,1001.0,21.0,1.0,100.0,80.0,,12.0,0.4625,8745.775,60983726.9875,696.0
13912,1001.0,21.0,1.0,100.0,80.0,,13.0,1.0,8746.775,60992473.7625,696.0
13913,1001.0,21.0,1.0,100.0,80.0,,14.0,0.1,8746.875,61001220.6375,696.0
13914,1001.0,21.0,1.0,100.0,80.0,,15.0,0.6,8747.475,61009968.1125,696.0
13915,1001.0,21.0,1.0,100.0,80.0,,16.0,0.675,8748.15,61018716.2625,696.0
13916,1001.0,21.0,1.0,100.0,80.0,,17.0,0.45,8748.6,61027464.8625,696.0
13917,1001.0,21.0,1.0,100.0,80.0,,18.0,0.4125,8749.0125,61036213.875,696.0
13918,1001.0,21.0,1.0,100.0,80.0,,19.0,0.825,8749.8375,61044963.7125,696.0
13919,1001.0,21.0,1.0,100.0,80.0,,20.0,1.075,8750.9125,61053714.625,696.0
13920,1001.0,21.0,1.0,100.0,80.0,,1.0,0.575,8751.4875,61062466.1125,697.0
13921,1001.0,21.0,1.0,100.0,80.0,,2.0,0.025,8751.5125,61071217.625,697.0
13922,1001.0,21.0,1.0,100.0,80.0,,3.0,0.525,8752.0375,61079969.6625,697.0
13923,1001.0,21.0,1.0,100.0,80.0,,4.0,0.65,8752.6875,61088722.35,697.0
13924,1001.0,21.0,1.0,100.0,80.0,,5.0,0.1,8752.7875,61097475.1375,697.0
13925,1001.0,21.0,1.0,100.0,80.0,,6.0,0.925,8753.7125,61106228.85,697.0
13926,1001.0,21.0,1.0,100.0,80.0,,7.0,0.525,8754.2375,61114983.0875,697.0
13927,1001.0,21.0,1.0,100.0,80.0,,8.0,0.15,8754.3875,61123737.475,697.0
13928,1001.0,21.0,1.0,100.0,80.0,,9.0,1.225,8755.6125,61132493.0875,697.0
13929,1001.0,21.0,1.0,100.0,80.0,,10.0,0.75,8756.3625,61141249.45,697.0
13930,1001.0,21.0,1.0,100.0,80.0,,11.0,0.8875,8757.25,61150006.7,697.0
13931,1001.0,21.0,1.0,100.0,80.0,,12.0,0.1125,8757.3625,61158764.0625,697.0
13932,1001.0,21.0,1.0,100.0,80.0,,13.0,0.925,8758.2875,61167522.35,697.0
13933,1001.0,21.0,1.0,100.0,80.0,,14.0,0.9625,8759.25,61176281.6,697.0
13934,1001.0,21.0,1.0,100.0,80.0,,15.0,1.0875,8760.3375,61185041.9375,697.0
13935,1001.0,21.0,1.0,100.0,80.0,,16.0,0.6875,8761.025,61193802.9625,697.0
13936,1001.0,21.0,1.0,100.0,80.0,,17.0,0.9875,8762.0125,61202564.975,697.0
13937,1001.0,21.0,1.0,100.0,80.0,,18.0,0.7125,8762.725,61211327.7,697.0
13938,1001.0,21.0,1.0,100.0,80.0,,19.0,0.4875,8763.2125,61220090.9125,697.0
13939,1001.0,21.0,1.0,100.0,80.0,,20.0,0.7625,8763.975,61228854.8875,697.0
13940,1001.0,21.0,1.0,100.0,80.0,,1.0,0.025,8764.0,61237618.8875,698.0
13941,1001.0,21.0,1.0,100.0,80.0,,2.0,1.0875,8765.0875,61246383.975,698.0
13942,1001.0,21.0,1.0,100.0,80.0,,3.0,0.35,8765.4375,61255149.4125,698.0
13943,1001.0,21.0,1.0,100.0,80.0,,4.0,0.425,8765.8625,61263915.275,698.0
13944,1001.0,21.0,1.0,100.0,80.0,,5.0,0.2625,8766.125,61272681.4,698.0
13945,1001.0,21.0,1.0,100.0,80.0,,6.0,1.175,8767.3,61281448.7,698.0
13946,1001.0,21.0,1.0,100.0,80.0,,7.0,0.4625,8767.7625,61290216.4625,698.0
13947,1001.0,21.0,1.0,100.0,80.0,,8.0,0.875,8768.6375,61298985.1,698.0
13948,1001.0,21.0,1.0,100.0,80.0,,9.0,0.3375,8768.975,61307754.075,698.0
13949,1001.0,21.0,1.0,100.0,80.0,,10.0,0.75,8769.725,61316523.8,698.0
13950,1001.0,21.0,1.0,100.0,80.0,,11.0,1.175,8770.9,61325294.7,698.0
13951,1001.0,21.0,1.0,100.0,80.0,,12.0,0.475,8771.375,61334066.075,698.0
13952,1001.0,21.0,1.0,100.0,80.0,,13.0,1.0875,8772.4625,61342838.5375,698.0
13953,1001.0,21.0,1.0,100.0,80.0,,14.0,0.2375,8772.7,61351611.2375,698.0
13954,1001.0,21.0,1.0,100.0,80.0,,15.0,1.15,8773.85,61360385.0875,698.0
13955,1001.0,21.0,1.0,100.0,80.0,,16.0,0.725,8774.575,61369159.6625,698.0
13956,1001.0,21.0,1.0,100.0,80.0,,17.0,0.125,8774.7,61377934.3625,698.0
13957,1001.0,21.0,1.0,100.0,80.0,,18.0,0.8375,8775.5375,61386709.9,698.0
13958,1001.0,21.0,1.0,100.0,80.0,,19.0,0.725,8776.2625,61395486.1625,698.0
13959,1001.0,21.0,1.0,100.0,80.0,,20.0,1.1125,8777.375,61404263.5375,698.0
13960,1001.0,21.0,1.0,100.0,80.0,,1.0,1.075,8778.45,61413041.9875,699.0
13961,1001.0,21.0,1.0,100.0,80.0,,2.0,1.0375,8779.4875,61421821.475,699.0
13962,1001.0,21.0,1.0,100.0,80.0,,3.0,0.775,8780.2625,61430601.7375,699.0
13963,1001.0,21.0,1.0,100.0,80.0,,4.0,1.225,8781.4875,61439383.225,699.0
13964,1001.0,21.0,1.0,100.0,80.0,,5.0,1.1875,8782.675,61448165.9,699.0
13965,1001.0,21.0,1.0,100.0,80.0,,6.0,0.6125,8783.2875,61456949.1875,699.0
13966,1001.0,21.0,1.0,100.0,80.0,,7.0,0.6875,8783.975,61465733.1625,699.0
13967,1001.0,21.0,1.0,100.0,80.0,,8.0,0.6375,8784.6125,61474517.775,699.0
13968,1001.0,21.0,1.0,100.0,80.0,,9.0,0.85,8785.4625,61483303.2375,699.0
13969,1001.0,21.0,1.0,100.0,80.0,,10.0,1.2375,8786.7,61492089.9375,699.0
13970,1001.0,21.0,1.0,100.0,80.0,,11.0,0.95,8787.65,61500877.5875,699.0
13971,1001.0,21.0,1.0,100.0,80.0,,12.0,0.4625,8788.1125,61509665.7,699.0
13972,1001.0,21.0,1.0,100.0,80.0,,13.0,0.9125,8789.025,61518454.725,699.0
13973,1001.0,21.0,1.0,100.0,80.0,,14.0,1.0875,8790.1125,61527244.8375,699.0
13974,1001.0,21.0,1.0,100.0,80.0,,15.0,1.0,8791.1125,61536035.95,699.0
13975,1001.0,21.0,1.0,100.0,80.0,,16.0,0.7,8791.8125,61544827.7625,699.0
13976,1001.0,21.0,1.0,100.0,80.0,,17.0,0.25,8792.0625,61553619.825,699.0
13977,1001.0,21.0,1.0,100.0,80.0,,18.0,0.075,8792.1375,61562411.9625,699.0
13978,1001.0,21.0,1.0,100.0,80.0,,19.0,0.0375,8792.175,61571204.1375,699.0
13979,1001.0,21.0,1.0,100.0,80.0,,20.0,0.9875,8793.1625,61579997.3,699.0
13980,1001.0,21.0,1.0,100.0,80.0,,1.0,0.0125,8793.175,61588790.475,700.0
13981,1001.0,21.0,1.0,100.0,80.0,,2.0,0.1125,8793.2875,61597583.7625,700.0
13982,1001.0,21.0,1.0,100.0,80.0,,3.0,1.1125,8794.4,61606378.1625,700.0
13983,1001.0,21.0,1.0,100.0,80.0,,4.0,0.1625,8794.5625,61615172.725,700.0
13984,1001.0,21.0,1.0,100.0,80.0,,5.0,0.7625,8795.325,61623968.05,700.0
13985,1001.0,21.0,1.0,100.0,80.0,,6.0,1.0625,8796.3875,61632764.4375,700.0
13986,1001.0,21.0,1.0,100.0,80.0,,7.0,0.5,8796.8875,61641561.325,700.0
13987,1001.0,21.0,1.0,100.0,80.0,,8.0,0.1,8796.9875,61650358.3125,700.0
13988,1001.0,21.0,1.0,100.0,80.0,,9.0,0.1375,8797.125,61659155.4375,700.0
13989,1001.0,21.0,1.0,100.0,80.0,,10.0,0.375,8797.5,61667952.9375,700.0
13990,1001.0,21.0,1.0,100.0,80.0,,11.0,1.15,8798.65,61676751.5875,700.0
13991,1001.0,21.0,1.0,100.0,80.0,,12.0,0.075,8798.725,61685550.3125,700.0
13992,1001.0,21.0,1.0,100.0,80.0,,13.0,0.5875,8799.3125,61694349.625,700.0
13993,1001.0,21.0,1.0,100.0,80.0,,14.0,0.6,8799.9125,61703149.5375,700.0
13994,1001.0,21.0,1.0,100.0,80.0,,15.0,1.0125,8800.925,61711950.4625,700.0
13995,1001.0,21.0,1.0,100.0,80.0,,16.0,0.0375,8800.9625,61720751.425,700.0
13996,1001.0,21.0,1.0,100.0,80.0,,17.0,0.4375,8801.4,61729552.825,700.0
13997,1001.0,21.0,1.0,100.0,80.0,,18.0,0.3625,8801.7625,61738354.5875,700.0
13998,1001.0,21.0,1.0,100.0,80.0,,19.0,0.8,8802.5625,61747157.15,700.0
13999,1001.0,21.0,1.0,100.0,80.0,,20.0,0.3125,8802.875,61755960.025,700.0
14000,1001.0,21.0,1.0,100.0,80.0,,1.0,0.625,8803.5,61764763.525,701.0
14001,1001.0,21.0,1.0,100.0,80.0,,2.0,0.3375,8803.8375,61773567.3625,701.0
14002,1001.0,21.0,1.0,100.0,80.0,,3.0,0.6625,8804.5,61782371.8625,701.0
14003,1001.0,21.0,1.0,100.0,80.0,,4.0,0.9125,8805.4125,61791177.275,701.0
14004,1001.0,21.0,1.0,100.0,80.0,,5.0,0.675,8806.0875,61799983.3625,701.0
14005,1001.0,21.0,1.0,100.0,80.0,,6.0,0.4,8806.4875,61808789.85,701.0
14006,1001.0,21.0,1.0,100.0,80.0,,7.0,1.05,8807.5375,61817597.3875,701.0
14007,1001.0,21.0,1.0,100.0,80.0,,8.0,1.1,8808.6375,61826406.025,701.0
14008,1001.0,21.0,1.0,100.0,80.0,,9.0,0.8625,8809.5,61835215.525,701.0
14009,1001.0,21.0,1.0,100.0,80.0,,10.0,1.1875,8810.6875,61844026.2125,701.0
14010,1001.0,21.0,1.0,100.0,80.0,,11.0,0.925,8811.6125,61852837.825,701.0
14011,1001.0,21.0,1.0,100.0,80.0,,12.0,0.775,8812.3875,61861650.2125,701.0
14012,1001.0,21.0,1.0,100.0,80.0,,13.0,0.0375,8812.425,61870462.6375,701.0
14013,1001.0,21.0,1.0,100.0,80.0,,14.0,0.65,8813.075,61879275.7125,701.0
14014,1001.0,21.0,1.0,100.0,80.0,,15.0,1.1,8814.175,61888089.8875,701.0
14015,1001.0,21.0,1.0,100.0,80.0,,16.0,1.15,8815.325,61896905.2125,701.0
14016,1001.0,21.0,1.0,100.0,80.0,,17.0,1.2,8816.525,61905721.7375,701.0
14017,1001.0,21.0,1.0,100.0,80.0,,18.0,1.1125,8817.6375,61914539.375,701.0
14018,1001.0,21.0,1.0,100.0,80.0,,19.0,0.9625,8818.6,61923357.975,701.0
14019,1001.0,21.0,1.0,100.0,80.0,,20.0,0.8625,8819.4625,61932177.4375,701.0
14020,1001.0,21.0,1.0,100.0,80.0,,1.0,1.025,8820.4875,61940997.925,702.0
14021,1001.0,21.0,1.0,100.0,80.0,,2.0,0.875,8821.3625,61949819.2875,702.0
14022,1001.0,21.0,1.0,100.0,80.0,,3.0,1.05,8822.4125,61958641.7,702.0
14023,1001.0,21.0,1.0,100.0,80.0,,4.0,1.15,8823.5625,61967465.2625,702.0
14024,1001.0,21.0,1.0,100.0,80.0,,5.0,0.8125,8824.375,61976289.6375,702.0
14025,1001.0,21.0,1.0,100.0,80.0,,6.0,0.3625,8824.7375,61985114.375,702.0
14026,1001.0,21.0,1.0,100.0,80.0,,7.0,0.2625,8825.0,61993939.375,702.0
14027,1001.0,21.0,1.0,100.0,80.0,,8.0,1.075,8826.075,62002765.45,702.0
14028,1001.0,21.0,1.0,100.0,80.0,,9.0,0.825,8826.9,62011592.35,702.0
14029,1001.0,21.0,1.0,100.0,80.0,,10.0,0.775,8827.675,62020420.025,702.0
14030,1001.0,21.0,1.0,100.0,80.0,,11.0,0.3875,8828.0625,62029248.0875,702.0
14031,1001.0,21.0,1.0,100.0,80.0,,12.0,0.4,8828.4625,62038076.55,702.0
14032,1001.0,21.0,1.0,100.0,80.0,,13.0,0.6,8829.0625,62046905.6125,702.0
14033,1001.0,21.0,1.0,100.0,80.0,,14.0,0.2125,8829.275,62055734.8875,702.0
14034,1001.0,21.0,1.0,100.0,80.0,,15.0,0.325,8829.6,62064564.4875,702.0
14035,1001.0,21.0,1.0,100.0,80.0,,16.0,0.625,8830.225,62073394.7125,702.0
14036,1001.0,21.0,1.0,100.0,80.0,,17.0,0.75,8830.975,62082225.6875,702.0
14037,1001.0,21.0,1.0,100.0,80.0,,18.0,0.9375,8831.9125,62091057.6,702.0
14038,1001.0,21.0,1.0,100.0,80.0,,19.0,1.2,8833.1125,62099890.7125,702.0
14039,1001.0,21.0,1.0,100.0,80.0,,20.0,0.325,8833.4375,62108724.15,702.0
14040,1001.0,21.0,1.0,100.0,80.0,,1.0,0.7125,8834.15,62117558.3,703.0
14041,1001.0,21.0,1.0,100.0,80.0,,2.0,0.7875,8834.9375,62126393.2375,703.0
14042,1001.0,21.0,1.0,100.0,80.0,,3.0,0.45,8835.3875,62135228.625,703.0
14043,1001.0,21.0,1.0,100.0,80.0,,4.0,0.1875,8835.575,62144064.2,703.0
14044,1001.0,21.0,1.0,100.0,80.0,,5.0,0.2375,8835.8125,62152900.0125,703.0
14045,1001.0,21.0,1.0,100.0,80.0,,6.0,0.5625,8836.375,62161736.3875,703.0
14046,1001.0,21.0,1.0,100.0,80.0,,7.0,0.1625,8836.5375,62170572.925,703.0
14047,1001.0,21.0,1.0,100.0,80.0,,8.0,0.2,8836.7375,62179409.6625,703.0
14048,1001.0,21.0,1.0,100.0,80.0,,9.0,0.3625,8837.1,62188246.7625,703.0
14049,1001.0,21.0,1.0,100.0,80.0,,10.0,0.7375,8837.8375,62197084.6,703.0
14050,1001.0,21.0,1.0,100.0,80.0,,11.0,0.5625,8838.4,62205923.0,703.0
14051,1001.0,21.0,1.0,100.0,80.0,,12.0,0.65,8839.05,62214762.05,703.0
14052,1001.0,21.0,1.0,100.0,80.0,,13.0,0.0625,8839.1125,62223601.1625,703.0
14053,1001.0,21.0,1.0,100.0,80.0,,14.0,1.1625,8840.275,62232441.4375,703.0
14054,1001.0,21.0,1.0,100.0,80.0,,15.0,0.2625,8840.5375,62241281.975,703.0
14055,1001.0,21.0,1.0,100.0,80.0,,16.0,0.0625,8840.6,62250122.575,703.0
14056,1001.0,21.0,1.0,100.0,80.0,,17.0,0.55,8841.15,62258963.725,703.0
14057,1001.0,21.0,1.0,100.0,80.0,,18.0,1.2375,8842.3875,62267806.1125,703.0
14058,1001.0,21.0,1.0,100.0,80.0,,19.0,1.2125,8843.6,62276649.7125,703.0
14059,1001.0,21.0,1.0,100.0,80.0,,20.0,1.1875,8844.7875,62285494.5,703.0
14060,1001.0,21.0,1.0,100.0,80.0,,1.0,0.3625,8845.15,62294339.65,704.0
14061,1001.0,21.0,1.0,100.0,80.0,,2.0,0.0875,8845.2375,62303184.8875,704.0
14062,1001.0,21.0,1.0,100.0,80.0,,3.0,1.0625,8846.3,62312031.1875,704.0
14063,1001.0,21.0,1.0,100.0,80.0,,4.0,0.9125,8847.2125,62320878.4,704.0
14064,1001.0,21.0,1.0,100.0,80.0,,5.0,0.0875,8847.3,62329725.7,704.0
14065,1001.0,21.0,1.0,100.0,80.0,,6.0,0.9625,8848.2625,62338573.9625,704.0
14066,1001.0,21.0,1.0,100.0,80.0,,7.0,0.0625,8848.325,62347422.2875,704.0
14067,1001.0,21.0,1.0,100.0,80.0,,8.0,0.25,8848.575,62356270.8625,704.0
14068,1001.0,21.0,1.0,100.0,80.0,,9.0,1.0375,8849.6125,62365120.475,704.0
14069,1001.0,21.0,1.0,100.0,80.0,,10.0,0.1625,8849.775,62373970.25,704.0
14070,1001.0,21.0,1.0,100.0,80.0,,11.0,1.1,8850.875,62382821.125,704.0
14071,1001.0,21.0,1.0,100.0,80.0,,12.0,0.9625,8851.8375,62391672.9625,704.0
14072,1001.0,21.0,1.0,100.0,80.0,,13.0,0.8875,8852.725,62400525.6875,704.0
14073,1001.0,21.0,1.0,100.0,80.0,,14.0,0.125,8852.85,62409378.5375,704.0
14074,1001.0,21.0,1.0,100.0,80.0,,15.0,1.2125,8854.0625,62418232.6,704.0
14075,1001.0,21.0,1.0,100.0,80.0,,16.0,0.9,8854.9625,62427087.5625,704.0
14076,1001.0,21.0,1.0,100.0,80.0,,17.0,1.2,8856.1625,62435943.725,704.0
14077,1001.0,21.0,1.0,100.0,80.0,,18.0,0.6125,8856.775,62444800.5,704.0
14078,1001.0,21.0,1.0,100.0,80.0,,19.0,1.2,8857.975,62453658.475,704.0
14079,1001.0,21.0,1.0,100.0,80.0,,20.0,0.8125,8858.7875,62462517.2625,704.0
14080,1001.0,21.0,1.0,100.0,80.0,,1.0,1.1125,8859.9,62471377.1625,705.0
14081,1001.0,21.0,1.0,100.0,80.0,,2.0,0.625,8860.525,62480237.6875,705.0
14082,1001.0,21.0,1.0,100.0,80.0,,3.0,0.5625,8861.0875,62489098.775,705.0
14083,1001.0,21.0,1.0,100.0,80.0,,4.0,0.05,8861.1375,62497959.9125,705.0
14084,1001.0,21.0,1.0,100.0,80.0,,5.0,0.4,8861.5375,62506821.45,705.0
14085,1001.0,21.0,1.0,100.0,80.0,,6.0,0.1,8861.6375,62515683.0875,705.0
14086,1001.0,21.0,1.0,100.0,80.0,,7.0,0.7875,8862.425,62524545.5125,705.0
14087,1001.0,21.0,1.0,100.0,80.0,,8.0,0.275,8862.7,62533408.2125,705.0
14088,1001.0,21.0,1.0,100.0,80.0,,9.0,0.3375,8863.0375,62542271.25,705.0
14089,1001.0,21.0,1.0,100.0,80.0,,10.0,1.125,8864.1625,62551135.4125,705.0
14090,1001.0,21.0,1.0,100.0,80.0,,11.0,0.875,8865.0375,62560000.45,705.0
14091,1001.0,21.0,1.0,100.0,80.0,,12.0,1.2375,8866.275,62568866.725,705.0
14092,1001.0,21.0,1.0,100.0,80.0,,13.0,0.7125,8866.9875,62577733.7125,705.0
14093,1001.0,21.0,1.0,100.0,80.0,,14.0,0.375,8867.3625,62586601.075,705.0
14094,1001.0,21.0,1.0,100.0,80.0,,15.0,0.775,8868.1375,62595469.2125,705.0
14095,1001.0,21.0,1.0,100.0,80.0,,16.0,1.0375,8869.175,62604338.3875,705.0
14096,1001.0,21.0,1.0,100.0,80.0,,17.0,1.2375,8870.4125,62613208.8,705.0
14097,1001.0,21.0,1.0,100.0,80.0,,18.0,0.1,8870.5125,62622079.3125,705.0
14098,1001.0,21.0,1.0,100.0,80.0,,19.0,1.075,8871.5875,62630950.9,705.0
14099,1001.0,21.0,1.0,100.0,80.0,,20.0,0.3625,8871.95,62639822.85,705.0
14100,1001.0,21.0,1.0,100.0,80.0,,1.0,0.2375,8872.1875,62648695.0375,706.0
14101,1001.0,21.0,1.0,100.0,80.0,,2.0,0.4125,8872.6,62657567.6375,706.0
14102,1001.0,21.0,1.0,100.0,80.0,,3.0,0.8875,8873.4875,62666441.125,706.0
14103,1001.0,21.0,1.0,100.0,80.0,,4.0,0.6625,8874.15,62675315.275,706.0
14104,1001.0,21.0,1.0,100.0,80.0,,5.0,0.425,8874.575,62684189.85,706.0
14105,1001.0,21.0,1.0,100.0,80.0,,6.0,0.525,8875.1,62693064.95,706.0
14106,1001.0,21.0,1.0,100.0,80.0,,7.0,1.125,8876.225,62701941.175,706.0
14107,1001.0,21.0,1.0,100.0,80.0,,8.0,0.7125,8876.9375,62710818.1125,706.0
14108,1001.0,21.0,1.0,100.0,80.0,,9.0,0.225,8877.1625,62719695.275,706.0
14109,1001.0,21.0,1.0,100.0,80.0,,10.0,1.025,8878.1875,62728573.4625,706.0
14110,1001.0,21.0,1.0,100.0,80.0,,11.0,0.025,8878.2125,62737451.675,706.0
14111,1001.0,21.0,1.0,100.0,80.0,,12.0,0.8,8879.0125,62746330.6875,706.0
14112,1001.0,21.0,1.0,100.0,80.0,,13.0,0.025,8879.0375,62755209.725,706.0
14113,1001.0,21.0,1.0,100.0,80.0,,14.0,1.175,8880.2125,62764089.9375,706.0
14114,1001.0,21.0,1.0,100.0,80.0,,15.0,0.1125,8880.325,62772970.2625,706.0
14115,1001.0,21.0,1.0,100.0,80.0,,16.0,0.425,8880.75,62781851.0125,706.0
14116,1001.0,21.0,1.0,100.0,80.0,,17.0,0.3375,8881.0875,62790732.1,706.0
14117,1001.0,21.0,1.0,100.0,80.0,,18.0,0.8,8881.8875,62799613.9875,706.0
14118,1001.0,21.0,1.0,100.0,80.0,,19.0,0.8375,8882.725,62808496.7125,706.0
14119,1001.0,21.0,1.0,100.0,80.0,,20.0,0.125,8882.85,62817379.5625,706.0
14120,1001.0,21.0,1.0,100.0,80.0,,1.0,0.6125,8883.4625,62826263.025,707.0
14121,1001.0,21.0,1.0,100.0,80.0,,2.0,0.25,8883.7125,62835146.7375,707.0
14122,1001.0,21.0,1.0,100.0,80.0,,3.0,0.8875,8884.6,62844031.3375,707.0
14123,1001.0,21.0,1.0,100.0,80.0,,4.0,1.0875,8885.6875,62852917.025,707.0
14124,1001.0,21.0,1.0,100.0,80.0,,5.0,0.6125,8886.3,62861803.325,707.0
14125,1001.0,21.0,1.0,100.0,80.0,,6.0,0.4625,8886.7625,62870690.0875,707.0
14126,1001.0,21.0,1.0,100.0,80.0,,7.0,0.625,8887.3875,62879577.475,707.0
14127,1001.0,21.0,1.0,100.0,80.0,,8.0,0.475,8887.8625,62888465.3375,707.0
14128,1001.0,21.0,1.0,100.0,80.0,,9.0,0.1375,8888.0,62897353.3375,707.0
14129,1001.0,21.0,1.0,100.0,80.0,,10.0,0.5125,8888.5125,62906241.85,707.0
14130,1001.0,21.0,1.0,100.0,80.0,,11.0,0.7375,8889.25,62915131.1,707.0
14131,1001.0,21.0,1.0,100.0,80.0,,12.0,1.1125,8890.3625,62924021.4625,707.0
14132,1001.0,21.0,1.0,100.0,80.0,,13.0,0.6625,8891.025,62932912.4875,707.0
14133,1001.0,21.0,1.0,100.0,80.0,,14.0,0.875,8891.9,62941804.3875,707.0
14134,1001.0,21.0,1.0,100.0,80.0,,15.0,0.125,8892.025,62950696.4125,707.0
14135,1001.0,21.0,1.0,100.0,80.0,,16.0,1.0375,8893.0625,62959589.475,707.0
14136,1001.0,21.0,1.0,100.0,80.0,,17.0,0.4125,8893.475,62968482.95,707.0
14137,1001.0,21.0,1.0,100.0,80.0,,18.0,0.225,8893.7,62977376.65,707.0
14138,1001.0,21.0,1.0,100.0,80.0,,19.0,1.2375,8894.9375,62986271.5875,707.0
14139,1001.0,21.0,1.0,100.0,80.0,,20.0,0.5875,8895.525,62995167.1125,707.0
14140,1001.0,21.0,1.0,100.0,80.0,,1.0,0.5625,8896.0875,63004063.2,708.0
14141,1001.0,21.0,1.0,100.0,80.0,,2.0,0.075,8896.1625,63012959.3625,708.0
14142,1001.0,21.0,1.0,100.0,80.0,,3.0,0.2125,8896.375,63021855.7375,708.0
14143,1001.0,21.0,1.0,100.0,80.0,,4.0,0.95,8897.325,63030753.0625,708.0
14144,1001.0,21.0,1.0,100.0,80.0,,5.0,0.6625,8897.9875,63039651.05,708.0
14145,1001.0,21.0,1.0,100.0,80.0,,6.0,0.0125,8898.0,63048549.05,708.0
14146,1001.0,21.0,1.0,100.0,80.0,,7.0,0.85,8898.85,63057447.9,708.0
14147,1001.0,21.0,1.0,100.0,80.0,,8.0,1.05,8899.9,63066347.8,708.0
14148,1001.0,21.0,1.0,100.0,80.0,,9.0,0.225,8900.125,63075247.925,708.0
14149,1001.0,21.0,1.0,100.0,80.0,,10.0,0.75,8900.875,63084148.8,708.0
14150,1001.0,21.0,1.0,100.0,80.0,,11.0,0.7125,8901.5875,63093050.3875,708.0
14151,1001.0,21.0,1.0,100.0,80.0,,12.0,0.0375,8901.625,63101952.0125,708.0
14152,1001.0,21.0,1.0,100.0,80.0,,13.0,0.2625,8901.8875,63110853.9,708.0
14153,1001.0,21.0,1.0,100.0,80.0,,14.0,0.725,8902.6125,63119756.5125,708.0
14154,1001.0,21.0,1.0,100.0,80.0,,15.0,1.2125,8903.825,63128660.3375,708.0
14155,1001.0,21.0,1.0,100.0,80.0,,16.0,0.3,8904.125,63137564.4625,708.0
14156,1001.0,21.0,1.0,100.0,80.0,,17.0,0.7875,8904.9125,63146469.375,708.0
14157,1001.0,21.0,1.0,100.0,80.0,,18.0,0.425,8905.3375,63155374.7125,708.0
14158,1001.0,21.0,1.0,100.0,80.0,,19.0,1.0375,8906.375,63164281.0875,708.0
14159,1001.0,21.0,1.0,100.0,80.0,,20.0,0.85,8907.225,63173188.3125,708.0
14160,1001.0,21.0,1.0,100.0,80.0,,1.0,0.8875,8908.1125,63182096.425,709.0
14161,1001.0,21.0,1.0,100.0,80.0,,2.0,0.4,8908.5125,63191004.9375,709.0
14162,1001.0,21.0,1.0,100.0,80.0,,3.0,0.0125,8908.525,63199913.4625,709.0
14163,1001.0,21.0,1.0,100.0,80.0,,4.0,0.95,8909.475,63208822.9375,709.0
14164,1001.0,21.0,1.0,100.0,80.0,,5.0,0.475,8909.95,63217732.8875,709.0
14165,1001.0,21.0,1.0,100.0,80.0,,6.0,0.5125,8910.4625,63226643.35,709.0
14166,1001.0,21.0,1.0,100.0,80.0,,7.0,0.3625,8910.825,63235554.175,709.0
14167,1001.0,21.0,1.0,100.0,80.0,,8.0,0.6375,8911.4625,63244465.6375,709.0
14168,1001.0,21.0,1.0,100.0,80.0,,9.0,1.0375,8912.5,63253378.1375,709.0
14169,1001.0,21.0,1.0,100.0,80.0,,10.0,0.325,8912.825,63262290.9625,709.0
14170,1001.0,21.0,1.0,100.0,80.0,,11.0,1.1,8913.925,63271204.8875,709.0
14171,1001.0,21.0,1.0,100.0,80.0,,12.0,0.0625,8913.9875,63280118.875,709.0
14172,1001.0,21.0,1.0,100.0,80.0,,13.0,1.0125,8915.0,63289033.875,709.0
14173,1001.0,21.0,1.0,100.0,80.0,,14.0,0.7,8915.7,63297949.575,709.0
14174,1001.0,21.0,1.0,100.0,80.0,,15.0,0.075,8915.775,63306865.35,709.0
14175,1001.0,21.0,1.0,100.0,80.0,,16.0,1.2375,8917.0125,63315782.3625,709.0
14176,1001.0,21.0,1.0,100.0,80.0,,17.0,1.05,8918.0625,63324700.425,709.0
14177,1001.0,21.0,1.0,100.0,80.0,,18.0,0.8125,8918.875,63333619.3,709.0
14178,1001.0,21.0,1.0,100.0,80.0,,19.0,0.4,8919.275,63342538.575,709.0
14179,1001.0,21.0,1.0,100.0,80.0,,20.0,0.05,8919.325,63351457.9,709.0
14180,1001.0,21.0,1.0,100.0,80.0,,1.0,0.975,8920.3,63360378.2,710.0
14181,1001.0,21.0,1.0,100.0,80.0,,2.0,0.525,8920.825,63369299.025,710.0
14182,1001.0,21.0,1.0,100.0,80.0,,3.0,0.425,8921.25,63378220.275,710.0
14183,1001.0,21.0,1.0,100.0,80.0,,4.0,1.1625,8922.4125,63387142.6875,710.0
14184,1001.0,21.0,1.0,100.0,80.0,,5.0,1.15,8923.5625,63396066.25,710.0
14185,1001.0,21.0,1.0,100.0,80.0,,6.0,0.0125,8923.575,63404989.825,710.0
14186,1001.0,21.0,1.0,100.0,80.0,,7.0,0.8125,8924.3875,63413914.2125,710.0
14187,1001.0,21.0,1.0,100.0,80.0,,8.0,0.7875,8925.175,63422839.3875,710.0
14188,1001.0,21.0,1.0,100.0,80.0,,9.0,0.85,8926.025,63431765.4125,710.0
14189,1001.0,21.0,1.0,100.0,80.0,,10.0,0.4875,8926.5125,63440691.925,710.0
14190,1001.0,21.0,1.0,100.0,80.0,,11.0,0.25,8926.7625,63449618.6875,710.0
14191,1001.0,21.0,1.0,100.0,80.0,,12.0,0.9625,8927.725,63458546.4125,710.0
14192,1001.0,21.0,1.0,100.0,80.0,,13.0,0.8375,8928.5625,63467474.975,710.0
14193,1001.0,21.0,1.0,100.0,80.0,,14.0,1.0875,8929.65,63476404.625,710.0
14194,1001.0,21.0,1.0,100.0,80.0,,15.0,1.0,8930.65,63485335.275,710.0
14195,1001.0,21.0,1.0,100.0,80.0,,16.0,0.3875,8931.0375,63494266.3125,710.0
14196,1001.0,21.0,1.0,100.0,80.0,,17.0,0.25,8931.2875,63503197.6,710.0
14197,1001.0,21.0,1.0,100.0,80.0,,18.0,1.0875,8932.375,63512129.975,710.0
14198,1001.0,21.0,1.0,100.0,80.0,,19.0,0.875,8933.25,63521063.225,710.0
14199,1001.0,21.0,1.0,100.0,80.0,,20.0,0.9625,8934.2125,63529997.4375,710.0
14200,1001.0,21.0,1.0,100.0,80.0,,1.0,0.375,8934.5875,63538932.025,711.0
14201,1001.0,21.0,1.0,100.0,80.0,,2.0,1.0125,8935.6,63547867.625,711.0
14202,1001.0,21.0,1.0,100.0,80.0,,3.0,0.925,8936.525,63556804.15,711.0
14203,1001.0,21.0,1.0,100.0,80.0,,4.0,0.65,8937.175,63565741.325,711.0
14204,1001.0,21.0,1.0,100.0,80.0,,5.0,0.75,8937.925,63574679.25,711.0
14205,1001.0,21.0,1.0,100.0,80.0,,6.0,1.2125,8939.1375,63583618.3875,711.0
14206,1001.0,21.0,1.0,100.0,80.0,,7.0,0.4625,8939.6,63592557.9875,711.0
14207,1001.0,21.0,1.0,100.0,80.0,,8.0,1.0625,8940.6625,63601498.65,711.0
14208,1001.0,21.0,1.0,100.0,80.0,,9.0,0.6375,8941.3,63610439.95,711.0
14209,1001.0,21.0,1.0,100.0,80.0,,10.0,0.875,8942.175,63619382.125,711.0
14210,1001.0,21.0,1.0,100.0,80.0,,11.0,1.1375,8943.3125,63628325.4375,711.0
14211,1001.0,21.0,1.0,100.0,80.0,,12.0,0.4125,8943.725,63637269.1625,711.0
14212,1001.0,21.0,1.0,100.0,80.0,,13.0,1.175,8944.9,63646214.0625,711.0
14213,1001.0,21.0,1.0,100.0,80.0,,14.0,0.6375,8945.5375,63655159.6,711.0
14214,1001.0,21.0,1.0,100.0,80.0,,15.0,0.825,8946.3625,63664105.9625,711.0
14215,1001.0,21.0,1.0,100.0,80.0,,16.0,0.3375,8946.7,63673052.6625,711.0
14216,1001.0,21.0,1.0,100.0,80.0,,17.0,1.0375,8947.7375,63682000.4,711.0
14217,1001.0,21.0,1.0,100.0,80.0,,18.0,0.6,8948.3375,63690948.7375,711.0
14218,1001.0,21.0,1.0,100.0,80.0,,19.0,0.3375,8948.675,63699897.4125,711.0
14219,1001.0,21.0,1.0,100.0,80.0,,20.0,1.175,8949.85,63708847.2625,711.0
14220,1001.0,21.0,1.0,100.0,80.0,,1.0,1.1125,8950.9625,63717798.225,712.0
14221,1001.0,21.0,1.0,100.0,80.0,,2.0,0.4625,8951.425,63726749.65,712.0
14222,1001.0,21.0,1.0,100.0,80.0,,3.0,0.3125,8951.7375,63735701.3875,712.0
14223,1001.0,21.0,1.0,100.0,80.0,,4.0,1.0875,8952.825,63744654.2125,712.0
14224,1001.0,21.0,1.0,100.0,80.0,,5.0,1.05,8953.875,63753608.0875,712.0
14225,1001.0,21.0,1.0,100.0,80.0,,6.0,0.15,8954.025,63762562.1125,712.0
14226,1001.0,21.0,1.0,100.0,80.0,,7.0,0.425,8954.45,63771516.5625,712.0
14227,1001.0,21.0,1.0,100.0,80.0,,8.0,0.15,8954.6,63780471.1625,712.0
14228,1001.0,21.0,1.0,100.0,80.0,,9.0,0.2375,8954.8375,63789426.0,712.0
14229,1001.0,21.0,1.0,100.0,80.0,,10.0,1.2375,8956.075,63798382.075,712.0
14230,1001.0,21.0,1.0,100.0,80.0,,11.0,0.95,8957.025,63807339.1,712.0
14231,1001.0,21.0,1.0,100.0,80.0,,12.0,0.075,8957.1,63816296.2,712.0
14232,1001.0,21.0,1.0,100.0,80.0,,13.0,0.0375,8957.1375,63825253.3375,712.0
14233,1001.0,21.0,1.0,100.0,80.0,,14.0,0.4375,8957.575,63834210.9125,712.0
14234,1001.0,21.0,1.0,100.0,80.0,,15.0,0.5625,8958.1375,63843169.05,712.0
14235,1001.0,21.0,1.0,100.0,80.0,,16.0,0.475,8958.6125,63852127.6625,712.0
14236,1001.0,21.0,1.0,100.0,80.0,,17.0,0.825,8959.4375,63861087.1,712.0
14237,1001.0,21.0,1.0,100.0,80.0,,18.0,0.275,8959.7125,63870046.8125,712.0
14238,1001.0,21.0,1.0,100.0,80.0,,19.0,1.0375,8960.75,63879007.5625,712.0
14239,1001.0,21.0,1.0,100.0,80.0,,20.0,0.125,8960.875,63887968.4375,712.0
14240,1001.0,21.0,1.0,100.0,80.0,,1.0,0.2625,8961.1375,63896929.575,713.0
14241,1001.0,21.0,1.0,100.0,80.0,,2.0,0.2,8961.3375,63905890.9125,713.0
14242,1001.0,21.0,1.0,100.0,80.0,,3.0,0.5375,8961.875,63914852.7875,713.0
14243,1001.0,21.0,1.0,100.0,80.0,,4.0,0.4125,8962.2875,63923815.075,713.0
14244,1001.0,21.0,1.0,100.0,80.0,,5.0,0.0875,8962.375,63932777.45,713.0
14245,1001.0,21.0,1.0,100.0,80.0,,6.0,0.25,8962.625,63941740.075,713.0
14246,1001.0,21.0,1.0,100.0,80.0,,7.0,0.45,8963.075,63950703.15,713.0
14247,1001.0,21.0,1.0,100.0,80.0,,8.0,1.175,8964.25,63959667.4,713.0
14248,1001.0,21.0,1.0,100.0,80.0,,9.0,1.0125,8965.2625,63968632.6625,713.0
14249,1001.0,21.0,1.0,100.0,80.0,,10.0,0.4375,8965.7,63977598.3625,713.0
14250,1001.0,21.0,1.0,100.0,80.0,,11.0,1.1,8966.8,63986565.1625,713.0
14251,1001.0,21.0,1.0,100.0,80.0,,12.0,1.0,8967.8,63995532.9625,713.0
14252,1001.0,21.0,1.0,100.0,80.0,,13.0,0.4625,8968.2625,64004501.225,713.0
14253,1001.0,21.0,1.0,100.0,80.0,,14.0,0.45,8968.7125,64013469.9375,713.0
14254,1001.0,21.0,1.0,100.0,80.0,,15.0,0.1,8968.8125,64022438.75,713.0
14255,1001.0,21.0,1.0,100.0,80.0,,16.0,0.95,8969.7625,64031408.5125,713.0
14256,1001.0,21.0,1.0,100.0,80.0,,17.0,0.025,8969.7875,64040378.3,713.0
14257,1001.0,21.0,1.0,100.0,80.0,,18.0,0.85,8970.6375,64049348.9375,713.0
14258,1001.0,21.0,1.0,100.0,80.0,,19.0,0.4625,8971.1,64058320.0375,713.0
14259,1001.0,21.0,1.0,100.0,80.0,,20.0,0.15,8971.25,64067291.2875,713.0
14260,1001.0,21.0,1.0,100.0,80.0,,1.0,0.1625,8971.4125,64076262.7,714.0
14261,1001.0,21.0,1.0,100.0,80.0,,2.0,0.825,8972.2375,64085234.9375,714.0
14262,1001.0,21.0,1.0,100.0,80.0,,3.0,1.0375,8973.275,64094208.2125,714.0
14263,1001.0,21.0,1.0,100.0,80.0,,4.0,0.525,8973.8,64103182.0125,714.0
14264,1001.0,21.0,1.0,100.0,80.0,,5.0,1.1125,8974.9125,64112156.925,714.0
14265,1001.0,21.0,1.0,100.0,80.0,,6.0,0.1125,8975.025,64121131.95,714.0
14266,1001.0,21.0,1.0,100.0,80.0,,7.0,0.9125,8975.9375,64130107.8875,714.0
14267,1001.0,21.0,1.0,100.0,80.0,,8.0,1.0625,8977.0,64139084.8875,714.0
14268,1001.0,21.0,1.0,100.0,80.0,,9.0,0.0375,8977.0375,64148061.925,714.0
14269,1001.0,21.0,1.0,100.0,80.0,,10.0,0.525,8977.5625,64157039.4875,714.0
14270,1001.0,21.0,1.0,100.0,80.0,,11.0,0.15,8977.7125,64166017.2,714.0
14271,1001.0,21.0,1.0,100.0,80.0,,12.0,0.0625,8977.775,64174994.975,714.0
14272,1001.0,21.0,1.0,100.0,80.0,,13.0,1.0375,8978.8125,64183973.7875,714.0
14273,1001.0,21.0,1.0,100.0,80.0,,14.0,1.225,8980.0375,64192953.825,714.0
14274,1001.0,21.0,1.0,100.0,80.0,,15.0,0.2875,8980.325,64201934.15,714.0
14275,1001.0,21.0,1.0,100.0,80.0,,16.0,0.175,8980.5,64210914.65,714.0
14276,1001.0,21.0,1.0,100.0,80.0,,17.0,0.9875,8981.4875,64219896.1375,714.0
14277,1001.0,21.0,1.0,100.0,80.0,,18.0,0.5375,8982.025,64228878.1625,714.0
14278,1001.0,21.0,1.0,100.0,80.0,,19.0,1.0625,8983.0875,64237861.25,714.0
14279,1001.0,21.0,1.0,100.0,80.0,,20.0,0.9375,8984.025,64246845.275,714.0
14280,1001.0,21.0,1.0,100.0,80.0,,1.0,1.05,8985.075,64255830.35,715.0
14281,1001.0,21.0,1.0,100.0,80.0,,2.0,1.125,8986.2,64264816.55,715.0
14282,1001.0,21.0,1.0,100.0,80.0,,3.0,0.575,8986.775,64273803.325,715.0
14283,1001.0,21.0,1.0,100.0,80.0,,4.0,0.0625,8986.8375,64282790.1625,715.0
14284,1001.0,21.0,1.0,100.0,80.0,,5.0,1.2,8988.0375,64291778.2,715.0
14285,1001.0,21.0,1.0,100.0,80.0,,6.0,0.675,8988.7125,64300766.9125,715.0
14286,1001.0,21.0,1.0,100.0,80.0,,7.0,1.0875,8989.8,64309756.7125,715.0
14287,1001.0,21.0,1.0,100.0,80.0,,8.0,0.2875,8990.0875,64318746.8,715.0
14288,1001.0,21.0,1.0,100.0,80.0,,9.0,0.7875,8990.875,64327737.675,715.0
14289,1001.0,21.0,1.0,100.0,80.0,,10.0,0.6375,8991.5125,64336729.1875,715.0
14290,1001.0,21.0,1.0,100.0,80.0,,11.0,0.8625,8992.375,64345721.5625,715.0
14291,1001.0,21.0,1.0,100.0,80.0,,12.0,0.9375,8993.3125,64354714.875,715.0
14292,1001.0,21.0,1.0,100.0,80.0,,13.0,1.15,8994.4625,64363709.3375,715.0
14293,1001.0,21.0,1.0,100.0,80.0,,14.0,1.15,8995.6125,64372704.95,715.0
14294,1001.0,21.0,1.0,100.0,80.0,,15.0,0.1875,8995.8,64381700.75,715.0
14295,1001.0,21.0,1.0,100.0,80.0,,16.0,0.475,8996.275,64390697.025,715.0
14296,1001.0,21.0,1.0,100.0,80.0,,17.0,0.775,8997.05,64399694.075,715.0
14297,1001.0,21.0,1.0,100.0,80.0,,18.0,0.7625,8997.8125,64408691.8875,715.0
14298,1001.0,21.0,1.0,100.0,80.0,,19.0,1.1375,8998.95,64417690.8375,715.0
14299,1001.0,21.0,1.0,100.0,80.0,,20.0,0.4875,8999.4375,64426690.275,715.0
14300,1001.0,21.0,1.0,100.0,80.0,,1.0,1.0375,9000.475,64435690.75,716.0
14301,1001.0,21.0,1.0,100.0,80.0,,2.0,0.625,9001.1,64444691.85,716.0
14302,1001.0,21.0,1.0,100.0,80.0,,3.0,0.8125,9001.9125,64453693.7625,716.0
14303,1001.0,21.0,1.0,100.0,80.0,,4.0,0.6875,9002.6,64462696.3625,716.0
14304,1001.0,21.0,1.0,100.0,80.0,,5.0,1.15,9003.75,64471700.1125,716.0
14305,1001.0,21.0,1.0,100.0,80.0,,6.0,0.1875,9003.9375,64480704.05,716.0
14306,1001.0,21.0,1.0,100.0,80.0,,7.0,0.3875,9004.325,64489708.375,716.0
14307,1001.0,21.0,1.0,100.0,80.0,,8.0,0.5,9004.825,64498713.2,716.0
14308,1001.0,21.0,1.0,100.0,80.0,,9.0,1.2125,9006.0375,64507719.2375,716.0
14309,1001.0,21.0,1.0,100.0,80.0,,10.0,0.775,9006.8125,64516726.05,716.0
14310,1001.0,21.0,1.0,100.0,80.0,,11.0,0.075,9006.8875,64525732.9375,716.0
14311,1001.0,21.0,1.0,100.0,80.0,,12.0,0.725,9007.6125,64534740.55,716.0
14312,1001.0,21.0,1.0,100.0,80.0,,13.0,0.05,9007.6625,64543748.2125,716.0
14313,1001.0,21.0,1.0,100.0,80.0,,14.0,0.675,9008.3375,64552756.55,716.0
14314,1001.0,21.0,1.0,100.0,80.0,,15.0,0.775,9009.1125,64561765.6625,716.0
14315,1001.0,21.0,1.0,100.0,80.0,,16.0,0.35,9009.4625,64570775.125,716.0
14316,1001.0,21.0,1.0,100.0,80.0,,17.0,0.75,9010.2125,64579785.3375,716.0
14317,1001.0,21.0,1.0,100.0,80.0,,18.0,0.6,9010.8125,64588796.15,716.0
14318,1001.0,21.0,1.0,100.0,80.0,,19.0,0.8,9011.6125,64597807.7625,716.0
14319,1001.0,21.0,1.0,100.0,80.0,,20.0,0.25,9011.8625,64606819.625,716.0
14320,1001.0,21.0,1.0,100.0,80.0,,1.0,1.125,9012.9875,64615832.6125,717.0
14321,1001.0,21.0,1.0,100.0,80.0,,2.0,0.0375,9013.025,64624845.6375,717.0
14322,1001.0,21.0,1.0,100.0,80.0,,3.0,1.025,9014.05,64633859.6875,717.0
14323,1001.0,21.0,1.0,100.0,80.0,,4.0,0.5625,9014.6125,64642874.3,717.0
14324,1001.0,21.0,1.0,100.0,80.0,,5.0,0.775,9015.3875,64651889.6875,717.0
14325,1001.0,21.0,1.0,100.0,80.0,,6.0,1.1125,9016.5,64660906.1875,717.0
14326,1001.0,21.0,1.0,100.0,80.0,,7.0,0.1875,9016.6875,64669922.875,717.0
14327,1001.0,21.0,1.0,100.0,80.0,,8.0,0.6875,9017.375,64678940.25,717.0
14328,1001.0,21.0,1.0,100.0,80.0,,9.0,0.1875,9017.5625,64687957.8125,717.0
14329,1001.0,21.0,1.0,100.0,80.0,,10.0,0.8875,9018.45,64696976.2625,717.0
14330,1001.0,21.0,1.0,100.0,80.0,,11.0,0.2625,9018.7125,64705994.975,717.0
14331,1001.0,21.0,1.0,100.0,80.0,,12.0,0.2125,9018.925,64715013.9,717.0
14332,1001.0,21.0,1.0,100.0,80.0,,13.0,0.575,9019.5,64724033.4,717.0
14333,1001.0,21.0,1.0,100.0,80.0,,14.0,0.575,9020.075,64733053.475,717.0
14334,1001.0,21.0,1.0,100.0,80.0,,15.0,0.9875,9021.0625,64742074.5375,717.0
14335,1001.0,21.0,1.0,100.0,80.0,,16.0,1.1,9022.1625,64751096.7,717.0
14336,1001.0,21.0,1.0,100.0,80.0,,17.0,0.8875,9023.05,64760119.75,717.0
14337,1001.0,21.0,1.0,100.0,80.0,,18.0,0.7875,9023.8375,64769143.5875,717.0
14338,1001.0,21.0,1.0,100.0,80.0,,19.0,0.3,9024.1375,64778167.725,717.0
14339,1001.0,21.0,1.0,100.0,80.0,,20.0,0.1625,9024.3,64787192.025,717.0
14340,1001.0,21.0,1.0,100.0,80.0,,1.0,0.0625,9024.3625,64796216.3875,718.0
14341,1001.0,21.0,1.0,100.0,80.0,,2.0,0.5625,9024.925,64805241.3125,718.0
14342,1001.0,21.0,1.0,100.0,80.0,,3.0,1.175,9026.1,64814267.4125,718.0
14343,1001.0,21.0,1.0,100.0,80.0,,4.0,1.175,9027.275,64823294.6875,718.0
14344,1001.0,21.0,1.0,100.0,80.0,,5.0,1.225,9028.5,64832323.1875,718.0
14345,1001.0,21.0,1.0,100.0,80.0,,6.0,0.625,9029.125,64841352.3125,718.0
14346,1001.0,21.0,1.0,100.0,80.0,,7.0,0.3125,9029.4375,64850381.75,718.0
14347,1001.0,21.0,1.0,100.0,80.0,,8.0,1.05,9030.4875,64859412.2375,718.0
14348,1001.0,21.0,1.0,100.0,80.0,,9.0,0.825,9031.3125,64868443.55,718.0
14349,1001.0,21.0,1.0,100.0,80.0,,10.0,0.8875,9032.2,64877475.75,718.0
14350,1001.0,21.0,1.0,100.0,80.0,,11.0,0.2625,9032.4625,64886508.2125,718.0
14351,1001.0,21.0,1.0,100.0,80.0,,12.0,0.4625,9032.925,64895541.1375,718.0
14352,1001.0,21.0,1.0,100.0,80.0,,13.0,1.05,9033.975,64904575.1125,718.0
14353,1001.0,21.0,1.0,100.0,80.0,,14.0,0.925,9034.9,64913610.0125,718.0
14354,1001.0,21.0,1.0,100.0,80.0,,15.0,0.0875,9034.9875,64922645.0,718.0
14355,1001.0,21.0,1.0,100.0,80.0,,16.0,0.775,9035.7625,64931680.7625,718.0
14356,1001.0,21.0,1.0,100.0,80.0,,17.0,0.6625,9036.425,64940717.1875,718.0
14357,1001.0,21.0,1.0,100.0,80.0,,18.0,1.075,9037.5,64949754.6875,718.0
14358,1001.0,21.0,1.0,100.0,80.0,,19.0,0.3875,9037.8875,64958792.575,718.0
14359,1001.0,21.0,1.0,100.0,80.0,,20.0,0.0375,9037.925,64967830.5,718.0
14360,1001.0,21.0,1.0,100.0,80.0,,1.0,0.9125,9038.8375,64976869.3375,719.0
14361,1001.0,21.0,1.0,100.0,80.0,,2.0,0.8,9039.6375,64985908.975,719.0
14362,1001.0,21.0,1.0,100.0,80.0,,3.0,0.8,9040.4375,64994949.4125,719.0
14363,1001.0,21.0,1.0,100.0,80.0,,4.0,0.225,9040.6625,65003990.075,719.0
14364,1001.0,21.0,1.0,100.0,80.0,,5.0,0.125,9040.7875,65013030.8625,719.0
14365,1001.0,21.0,1.0,100.0,80.0,,6.0,0.3125,9041.1,65022071.9625,719.0
14366,1001.0,21.0,1.0,100.0,80.0,,7.0,0.25,9041.35,65031113.3125,719.0
14367,1001.0,21.0,1.0,100.0,80.0,,8.0,0.6875,9042.0375,65040155.35,719.0
14368,1001.0,21.0,1.0,100.0,80.0,,9.0,0.55,9042.5875,65049197.9375,719.0
14369,1001.0,21.0,1.0,100.0,80.0,,10.0,0.5125,9043.1,65058241.0375,719.0
14370,1001.0,21.0,1.0,100.0,80.0,,11.0,0.7875,9043.8875,65067284.925,719.0
14371,1001.0,21.0,1.0,100.0,80.0,,12.0,0.1875,9044.075,65076329.0,719.0
14372,1001.0,21.0,1.0,100.0,80.0,,13.0,1.175,9045.25,65085374.25,719.0
14373,1001.0,21.0,1.0,100.0,80.0,,14.0,0.425,9045.675,65094419.925,719.0
14374,1001.0,21.0,1.0,100.0,80.0,,15.0,0.1625,9045.8375,65103465.7625,719.0
14375,1001.0,21.0,1.0,100.0,80.0,,16.0,0.1,9045.9375,65112511.7,719.0
14376,1001.0,21.0,1.0,100.0,80.0,,17.0,0.925,9046.8625,65121558.5625,719.0
14377,1001.0,21.0,1.0,100.0,80.0,,18.0,0.65,9047.5125,65130606.075,719.0
14378,1001.0,21.0,1.0,100.0,80.0,,19.0,0.5125,9048.025,65139654.1,719.0
14379,1001.0,21.0,1.0,100.0,80.0,,20.0,0.2125,9048.2375,65148702.3375,719.0
14380,1001.0,21.0,1.0,100.0,80.0,,1.0,1.1375,9049.375,65157751.7125,720.0
14381,1001.0,21.0,1.0,100.0,80.0,,2.0,0.625,9050.0,65166801.7125,720.0
14382,1001.0,21.0,1.0,100.0,80.0,,3.0,0.375,9050.375,65175852.0875,720.0
14383,1001.0,21.0,1.0,100.0,80.0,,4.0,0.1375,9050.5125,65184902.6,720.0
14384,1001.0,21.0,1.0,100.0,80.0,,5.0,0.8875,9051.4,65193954.0,720.0
14385,1001.0,21.0,1.0,100.0,80.0,,6.0,0.725,9052.125,65203006.125,720.0
14386,1001.0,21.0,1.0,100.0,80.0,,7.0,0.35,9052.475,65212058.6,720.0
14387,1001.0,21.0,1.0,100.0,80.0,,8.0,0.0625,9052.5375,65221111.1375,720.0
14388,1001.0,21.0,1.0,100.0,80.0,,9.0,1.025,9053.5625,65230164.7,720.0
14389,1001.0,21.0,1.0,100.0,80.0,,10.0,0.25,9053.8125,65239218.5125,720.0
14390,1001.0,21.0,1.0,100.0,80.0,,11.0,0.55,9054.3625,65248272.875,720.0
14391,1001.0,21.0,1.0,100.0,80.0,,12.0,1.0,9055.3625,65257328.2375,720.0
14392,1001.0,21.0,1.0,100.0,80.0,,13.0,1.0375,9056.4,65266384.6375,720.0
14393,1001.0,21.0,1.0,100.0,80.0,,14.0,0.05,9056.45,65275441.0875,720.0
14394,1001.0,21.0,1.0,100.0,80.0,,15.0,0.375,9056.825,65284497.9125,720.0
14395,1001.0,21.0,1.0,100.0,80.0,,16.0,1.15,9057.975,65293555.8875,720.0
14396,1001.0,21.0,1.0,100.0,80.0,,17.0,0.5375,9058.5125,65302614.4,720.0
14397,1001.0,21.0,1.0,100.0,80.0,,18.0,0.1125,9058.625,65311673.025,720.0
14398,1001.0,21.0,1.0,100.0,80.0,,19.0,0.125,9058.75,65320731.775,720.0
14399,1001.0,21.0,1.0,100.0,80.0,,20.0,0.0125,9058.7625,65329790.5375,720.0
14400,1001.0,21.0,1.0,100.0,80.0,,1.0,0.7,9059.4625,65338850.0,721.0
14401,1001.0,21.0,1.0,100.0,80.0,,2.0,0.125,9059.5875,65347909.5875,721.0
14402,1001.0,21.0,1.0,100.0,80.0,,3.0,0.5125,9060.1,65356969.6875,721.0
14403,1001.0,21.0,1.0,100.0,80.0,,4.0,0.7,9060.8,65366030.4875,721.0
14404,1001.0,21.0,1.0,100.0,80.0,,5.0,0.2,9061.0,65375091.4875,721.0
14405,1001.0,21.0,1.0,100.0,80.0,,6.0,0.5375,9061.5375,65384153.025,721.0
14406,1001.0,21.0,1.0,100.0,80.0,,7.0,0.85,9062.3875,65393215.4125,721.0
14407,1001.0,21.0,1.0,100.0,80.0,,8.0,0.5375,9062.925,65402278.3375,721.0
14408,1001.0,21.0,1.0,100.0,80.0,,9.0,0.6875,9063.6125,65411341.95,721.0
14409,1001.0,21.0,1.0,100.0,80.0,,10.0,1.125,9064.7375,65420406.6875,721.0
14410,1001.0,21.0,1.0,100.0,80.0,,11.0,0.9,9065.6375,65429472.325,721.0
14411,1001.0,21.0,1.0,100.0,80.0,,12.0,0.3625,9066.0,65438538.325,721.0
14412,1001.0,21.0,1.0,100.0,80.0,,13.0,0.65,9066.65,65447604.975,721.0
14413,1001.0,21.0,1.0,100.0,80.0,,14.0,1.0875,9067.7375,65456672.7125,721.0
14414,1001.0,21.0,1.0,100.0,80.0,,15.0,0.5,9068.2375,65465740.95,721.0
14415,1001.0,21.0,1.0,100.0,80.0,,16.0,0.7625,9069.0,65474809.95,721.0
14416,1001.0,21.0,1.0,100.0,80.0,,17.0,1.0625,9070.0625,65483880.0125,721.0
14417,1001.0,21.0,1.0,100.0,80.0,,18.0,0.0125,9070.075,65492950.0875,721.0
14418,1001.0,21.0,1.0,100.0,80.0,,19.0,1.2,9071.275,65502021.3625,721.0
14419,1001.0,21.0,1.0,100.0,80.0,,20.0,0.1,9071.375,65511092.7375,721.0
14420,1001.0,21.0,1.0,100.0,80.0,,1.0,0.2875,9071.6625,65520164.4,722.0
14421,1001.0,21.0,1.0,100.0,80.0,,2.0,0.4375,9072.1,65529236.5,722.0
14422,1001.0,21.0,1.0,100.0,80.0,,3.0,0.8,9072.9,65538309.4,722.0
14423,1001.0,21.0,1.0,100.0,80.0,,4.0,0.925,9073.825,65547383.225,722.0
14424,1001.0,21.0,1.0,100.0,80.0,,5.0,0.5125,9074.3375,65556457.5625,722.0
14425,1001.0,21.0,1.0,100.0,80.0,,6.0,1.1625,9075.5,65565533.0625,722.0
14426,1001.0,21.0,1.0,100.0,80.0,,7.0,1.1875,9076.6875,65574609.75,722.0
14427,1001.0,21.0,1.0,100.0,80.0,,8.0,1.225,9077.9125,65583687.6625,722.0
14428,1001.0,21.0,1.0,100.0,80.0,,9.0,1.175,9079.0875,65592766.75,722.0
14429,1001.0,21.0,1.0,100.0,80.0,,10.0,0.175,9079.2625,65601846.0125,722.0
14430,1001.0,21.0,1.0,100.0,80.0,,11.0,0.725,9079.9875,65610926.0,722.0
14431,1001.0,21.0,1.0,100.0,80.0,,12.0,0.625,9080.6125,65620006.6125,722.0
14432,1001.0,21.0,1.0,100.0,80.0,,13.0,1.2125,9081.825,65629088.4375,722.0
14433,1001.0,21.0,1.0,100.0,80.0,,14.0,0.8,9082.625,65638171.0625,722.0
14434,1001.0,21.0,1.0,100.0,80.0,,15.0,0.425,9083.05,65647254.1125,722.0
14435,1001.0,21.0,1.0,100.0,80.0,,16.0,0.0125,9083.0625,65656337.175,722.0
14436,1001.0,21.0,1.0,100.0,80.0,,17.0,0.275,9083.3375,65665420.5125,722.0
14437,1001.0,21.0,1.0,100.0,80.0,,18.0,0.4875,9083.825,65674504.3375,722.0
14438,1001.0,21.0,1.0,100.0,80.0,,19.0,0.9375,9084.7625,65683589.1,722.0
14439,1001.0,21.0,1.0,100.0,80.0,,20.0,0.85,9085.6125,65692674.7125,722.0
14440,1001.0,21.0,1.0,100.0,80.0,,1.0,0.6125,9086.225,65701760.9375,723.0
14441,1001.0,21.0,1.0,100.0,80.0,,2.0,0.5875,9086.8125,65710847.75,723.0
14442,1001.0,21.0,1.0,100.0,80.0,,3.0,1.2,9088.0125,65719935.7625,723.0
14443,1001.0,21.0,1.0,100.0,80.0,,4.0,0.8125,9088.825,65729024.5875,723.0
14444,1001.0,21.0,1.0,100.0,80.0,,5.0,0.1875,9089.0125,65738113.6,723.0
14445,1001.0,21.0,1.0,100.0,80.0,,6.0,0.275,9089.2875,65747202.8875,723.0
14446,1001.0,21.0,1.0,100.0,80.0,,7.0,0.7125,9090.0,65756292.8875,723.0
14447,1001.0,21.0,1.0,100.0,80.0,,8.0,0.975,9090.975,65765383.8625,723.0
14448,1001.0,21.0,1.0,100.0,80.0,,9.0,1.2125,9092.1875,65774476.05,723.0
14449,1001.0,21.0,1.0,100.0,80.0,,10.0,0.1,9092.2875,65783568.3375,723.0
14450,1001.0,21.0,1.0,100.0,80.0,,11.0,0.025,9092.3125,65792660.65,723.0
14451,1001.0,21.0,1.0,100.0,80.0,,12.0,0.25,9092.5625,65801753.2125,723.0
14452,1001.0,21.0,1.0,100.0,80.0,,13.0,1.225,9093.7875,65810847.0,723.0
14453,1001.0,21.0,1.0,100.0,80.0,,14.0,0.375,9094.1625,65819941.1625,723.0
14454,1001.0,21.0,1.0,100.0,80.0,,15.0,0.4875,9094.65,65829035.8125,723.0
14455,1001.0,21.0,1.0,100.0,80.0,,16.0,0.725,9095.375,65838131.1875,723.0
14456,1001.0,21.0,1.0,100.0,80.0,,17.0,1.1125,9096.4875,65847227.675,723.0
14457,1001.0,21.0,1.0,100.0,80.0,,18.0,0.4875,9096.975,65856324.65,723.0
14458,1001.0,21.0,1.0,100.0,80.0,,19.0,0.8,9097.775,65865422.425,723.0
14459,1001.0,21.0,1.0,100.0,80.0,,20.0,0.5,9098.275,65874520.7,723.0
14460,1001.0,21.0,1.0,100.0,80.0,,1.0,0.4,9098.675,65883619.375,724.0
14461,1001.0,21.0,1.0,100.0,80.0,,2.0,0.8875,9099.5625,65892718.9375,724.0
14462,1001.0,21.0,1.0,100.0,80.0,,3.0,0.6,9100.1625,65901819.1,724.0
14463,1001.0,21.0,1.0,100.0,80.0,,4.0,0.125,9100.2875,65910919.3875,724.0
14464,1001.0,21.0,1.0,100.0,80.0,,5.0,0.625,9100.9125,65920020.3,724.0
14465,1001.0,21.0,1.0,100.0,80.0,,6.0,1.075,9101.9875,65929122.2875,724.0
14466,1001.0,21.0,1.0,100.0,80.0,,7.0,0.3375,9102.325,65938224.6125,724.0
14467,1001.0,21.0,1.0,100.0,80.0,,8.0,1.075,9103.4,65947328.0125,724.0
14468,1001.0,21.0,1.0,100.0,80.0,,9.0,1.225,9104.625,65956432.6375,724.0
14469,1001.0,21.0,1.0,100.0,80.0,,10.0,0.1125,9104.7375,65965537.375,724.0
14470,1001.0,21.0,1.0,100.0,80.0,,11.0,0.075,9104.8125,65974642.1875,724.0
14471,1001.0,21.0,1.0,100.0,80.0,,12.0,0.225,9105.0375,65983747.225,724.0
14472,1001.0,21.0,1.0,100.0,80.0,,13.0,1.1625,9106.2,65992853.425,724.0
14473,1001.0,21.0,1.0,100.0,80.0,,14.0,1.0125,9107.2125,66001960.6375,724.0
14474,1001.0,21.0,1.0,100.0,80.0,,15.0,1.125,9108.3375,66011068.975,724.0
14475,1001.0,21.0,1.0,100.0,80.0,,16.0,1.1,9109.4375,66020178.4125,724.0
14476,1001.0,21.0,1.0,100.0,80.0,,17.0,0.7,9110.1375,66029288.55,724.0
14477,1001.0,21.0,1.0,100.0,80.0,,18.0,0.2875,9110.425,66038398.975,724.0
14478,1001.0,21.0,1.0,100.0,80.0,,19.0,0.525,9110.95,66047509.925,724.0
14479,1001.0,21.0,1.0,100.0,80.0,,20.0,1.175,9112.125,66056622.05,724.0
14480,1001.0,21.0,1.0,100.0,80.0,,1.0,0.2375,9112.3625,66065734.4125,725.0
14481,1001.0,21.0,1.0,100.0,80.0,,2.0,0.2375,9112.6,66074847.0125,725.0
14482,1001.0,21.0,1.0,100.0,80.0,,3.0,0.55,9113.15,66083960.1625,725.0
14483,1001.0,21.0,1.0,100.0,80.0,,4.0,0.825,9113.975,66093074.1375,725.0
14484,1001.0,21.0,1.0,100.0,80.0,,5.0,0.875,9114.85,66102188.9875,725.0
14485,1001.0,21.0,1.0,100.0,80.0,,6.0,0.5875,9115.4375,66111304.425,725.0
14486,1001.0,21.0,1.0,100.0,80.0,,7.0,0.2625,9115.7,66120420.125,725.0
14487,1001.0,21.0,1.0,100.0,80.0,,8.0,1.025,9116.725,66129536.85,725.0
14488,1001.0,21.0,1.0,100.0,80.0,,9.0,0.4625,9117.1875,66138654.0375,725.0
14489,1001.0,21.0,1.0,100.0,80.0,,10.0,0.875,9118.0625,66147772.1,725.0
14490,1001.0,21.0,1.0,100.0,80.0,,11.0,0.125,9118.1875,66156890.2875,725.0
14491,1001.0,21.0,1.0,100.0,80.0,,12.0,0.5125,9118.7,66166008.9875,725.0
14492,1001.0,21.0,1.0,100.0,80.0,,13.0,0.1375,9118.8375,66175127.825,725.0
14493,1001.0,21.0,1.0,100.0,80.0,,14.0,1.0375,9119.875,66184247.7,725.0
14494,1001.0,21.0,1.0,100.0,80.0,,15.0,0.15,9120.025,66193367.725,725.0
14495,1001.0,21.0,1.0,100.0,80.0,,16.0,0.7875,9120.8125,66202488.5375,725.0
14496,1001.0,21.0,1.0,100.0,80.0,,17.0,1.05,9121.8625,66211610.4,725.0
14497,1001.0,21.0,1.0,100.0,80.0,,18.0,0.425,9122.2875,66220732.6875,725.0
14498,1001.0,21.0,1.0,100.0,80.0,,19.0,1.2375,9123.525,66229856.2125,725.0
14499,1001.0,21.0,1.0,100.0,80.0,,20.0,0.05,9123.575,66238979.7875,725.0
14500,1001.0,21.0,1.0,100.0,80.0,,1.0,0.475,9124.05,66248103.8375,726.0
14501,1001.0,21.0,1.0,100.0,80.0,,2.0,0.8,9124.85,66257228.6875,726.0
14502,1001.0,21.0,1.0,100.0,80.0,,3.0,0.5375,9125.3875,66266354.075,726.0
14503,1001.0,21.0,1.0,100.0,80.0,,4.0,1.1125,9126.5,66275480.575,726.0
14504,1001.0,21.0,1.0,100.0,80.0,,5.0,1.175,9127.675,66284608.25,726.0
14505,1001.0,21.0,1.0,100.0,80.0,,6.0,1.1875,9128.8625,66293737.1125,726.0
14506,1001.0,21.0,1.0,100.0,80.0,,7.0,0.3875,9129.25,66302866.3625,726.0
14507,1001.0,21.0,1.0,100.0,80.0,,8.0,1.05,9130.3,66311996.6625,726.0
14508,1001.0,21.0,1.0,100.0,80.0,,9.0,0.9125,9131.2125,66321127.875,726.0
14509,1001.0,21.0,1.0,100.0,80.0,,10.0,0.525,9131.7375,66330259.6125,726.0
14510,1001.0,21.0,1.0,100.0,80.0,,11.0,1.175,9132.9125,66339392.525,726.0
14511,1001.0,21.0,1.0,100.0,80.0,,12.0,1.2,9134.1125,66348526.6375,726.0
14512,1001.0,21.0,1.0,100.0,80.0,,13.0,1.1625,9135.275,66357661.9125,726.0
14513,1001.0,21.0,1.0,100.0,80.0,,14.0,0.4,9135.675,66366797.5875,726.0
14514,1001.0,21.0,1.0,100.0,80.0,,15.0,0.6,9136.275,66375933.8625,726.0
14515,1001.0,21.0,1.0,100.0,80.0,,16.0,1.2125,9137.4875,66385071.35,726.0
14516,1001.0,21.0,1.0,100.0,80.0,,17.0,0.2125,9137.7,66394209.05,726.0
14517,1001.0,21.0,1.0,100.0,80.0,,18.0,0.7375,9138.4375,66403347.4875,726.0
14518,1001.0,21.0,1.0,100.0,80.0,,19.0,1.075,9139.5125,66412487.0,726.0
14519,1001.0,21.0,1.0,100.0,80.0,,20.0,0.75,9140.2625,66421627.2625,726.0
14520,1001.0,21.0,1.0,100.0,80.0,,1.0,0.3,9140.5625,66430767.825,727.0
14521,1001.0,21.0,1.0,100.0,80.0,,2.0,0.375,9140.9375,66439908.7625,727.0
14522,1001.0,21.0,1.0,100.0,80.0,,3.0,0.8375,9141.775,66449050.5375,727.0
14523,1001.0,21.0,1.0,100.0,80.0,,4.0,0.825,9142.6,66458193.1375,727.0
14524,1001.0,21.0,1.0,100.0,80.0,,5.0,0.6625,9143.2625,66467336.4,727.0
14525,1001.0,21.0,1.0,100.0,80.0,,6.0,0.5,9143.7625,66476480.1625,727.0
14526,1001.0,21.0,1.0,100.0,80.0,,7.0,0.85,9144.6125,66485624.775,727.0
14527,1001.0,21.0,1.0,100.0,80.0,,8.0,1.05,9145.6625,66494770.4375,727.0
14528,1001.0,21.0,1.0,100.0,80.0,,9.0,1.0125,9146.675,66503917.1125,727.0
14529,1001.0,21.0,1.0,100.0,80.0,,10.0,0.7,9147.375,66513064.4875,727.0
14530,1001.0,21.0,1.0,100.0,80.0,,11.0,0.775,9148.15,66522212.6375,727.0
14531,1001.0,21.0,1.0,100.0,80.0,,12.0,0.625,9148.775,66531361.4125,727.0
14532,1001.0,21.0,1.0,100.0,80.0,,13.0,1.05,9149.825,66540511.2375,727.0
14533,1001.0,21.0,1.0,100.0,80.0,,14.0,0.625,9150.45,66549661.6875,727.0
14534,1001.0,21.0,1.0,100.0,80.0,,15.0,0.4125,9150.8625,66558812.55,727.0
14535,1001.0,21.0,1.0,100.0,80.0,,16.0,0.85,9151.7125,66567964.2625,727.0
14536,1001.0,21.0,1.0,100.0,80.0,,17.0,0.4125,9152.125,66577116.3875,727.0
14537,1001.0,21.0,1.0,100.0,80.0,,18.0,1.15,9153.275,66586269.6625,727.0
14538,1001.0,21.0,1.0,100.0,80.0,,19.0,0.9125,9154.1875,66595423.85,727.0
14539,1001.0,21.0,1.0,100.0,80.0,,20.0,0.3375,9154.525,66604578.375,727.0
14540,1001.0,21.0,1.0,100.0,80.0,,1.0,0.3875,9154.9125,66613733.2875,728.0
14541,1001.0,21.0,1.0,100.0,80.0,,2.0,0.7125,9155.625,66622888.9125,728.0
14542,1001.0,21.0,1.0,100.0,80.0,,3.0,0.8125,9156.4375,66632045.35,728.0
14543,1001.0,21.0,1.0,100.0,80.0,,4.0,0.75,9157.1875,66641202.5375,728.0
14544,1001.0,21.0,1.0,100.0,80.0,,5.0,0.725,9157.9125,66650360.45,728.0
14545,1001.0,21.0,1.0,100.0,80.0,,6.0,1.2,9159.1125,66659519.5625,728.0
14546,1001.0,21.0,1.0,100.0,80.0,,7.0,0.0125,9159.125,66668678.6875,728.0
14547,1001.0,21.0,1.0,100.0,80.0,,8.0,0.5,9159.625,66677838.3125,728.0
14548,1001.0,21.0,1.0,100.0,80.0,,9.0,0.625,9160.25,66686998.5625,728.0
14549,1001.0,21.0,1.0,100.0,80.0,,10.0,0.95,9161.2,66696159.7625,728.0
14550,1001.0,21.0,1.0,100.0,80.0,,11.0,0.1375,9161.3375,66705321.1,728.0
14551,1001.0,21.0,1.0,100.0,80.0,,12.0,0.9125,9162.25,66714483.35,728.0
14552,1001.0,21.0,1.0,100.0,80.0,,13.0,0.45,9162.7,66723646.05,728.0
14553,1001.0,21.0,1.0,100.0,80.0,,14.0,0.0375,9162.7375,66732808.7875,728.0
14554,1001.0,21.0,1.0,100.0,80.0,,15.0,0.2625,9163.0,66741971.7875,728.0
14555,1001.0,21.0,1.0,100.0,80.0,,16.0,0.35,9163.35,66751135.1375,728.0
14556,1001.0,21.0,1.0,100.0,80.0,,17.0,0.475,9163.825,66760298.9625,728.0
14557,1001.0,21.0,1.0,100.0,80.0,,18.0,0.9875,9164.8125,66769463.775,728.0
14558,1001.0,21.0,1.0,100.0,80.0,,19.0,0.9375,9165.75,66778629.525,728.0
14559,1001.0,21.0,1.0,100.0,80.0,,20.0,0.4125,9166.1625,66787795.6875,728.0
14560,1001.0,21.0,1.0,100.0,80.0,,1.0,0.975,9167.1375,66796962.825,729.0
14561,1001.0,21.0,1.0,100.0,80.0,,2.0,0.875,9168.0125,66806130.8375,729.0
14562,1001.0,21.0,1.0,100.0,80.0,,3.0,0.5875,9168.6,66815299.4375,729.0
14563,1001.0,21.0,1.0,100.0,80.0,,4.0,0.325,9168.925,66824468.3625,729.0
14564,1001.0,21.0,1.0,100.0,80.0,,5.0,0.675,9169.6,66833637.9625,729.0
14565,1001.0,21.0,1.0,100.0,80.0,,6.0,0.9875,9170.5875,66842808.55,729.0
14566,1001.0,21.0,1.0,100.0,80.0,,7.0,0.4125,9171.0,66851979.55,729.0
14567,1001.0,21.0,1.0,100.0,80.0,,8.0,1.0,9172.0,66861151.55,729.0
14568,1001.0,21.0,1.0,100.0,80.0,,9.0,0.8625,9172.8625,66870324.4125,729.0
14569,1001.0,21.0,1.0,100.0,80.0,,10.0,0.2125,9173.075,66879497.4875,729.0
14570,1001.0,21.0,1.0,100.0,80.0,,11.0,1.1875,9174.2625,66888671.75,729.0
14571,1001.0,21.0,1.0,100.0,80.0,,12.0,0.4875,9174.75,66897846.5,729.0
14572,1001.0,21.0,1.0,100.0,80.0,,13.0,0.375,9175.125,66907021.625,729.0
14573,1001.0,21.0,1.0,100.0,80.0,,14.0,0.95,9176.075,66916197.7,729.0
14574,1001.0,21.0,1.0,100.0,80.0,,15.0,0.8625,9176.9375,66925374.6375,729.0
14575,1001.0,21.0,1.0,100.0,80.0,,16.0,0.4,9177.3375,66934551.975,729.0
14576,1001.0,21.0,1.0,100.0,80.0,,17.0,0.1875,9177.525,66943729.5,729.0
14577,1001.0,21.0,1.0,100.0,80.0,,18.0,0.675,9178.2,66952907.7,729.0
14578,1001.0,21.0,1.0,100.0,80.0,,19.0,0.2,9178.4,66962086.1,729.0
14579,1001.0,21.0,1.0,100.0,80.0,,20.0,0.65,9179.05,66971265.15,729.0
14580,1001.0,21.0,1.0,100.0,80.0,,1.0,0.0125,9179.0625,66980444.2125,730.0
14581,1001.0,21.0,1.0,100.0,80.0,,2.0,0.3625,9179.425,66989623.6375,730.0
14582,1001.0,21.0,1.0,100.0,80.0,,3.0,0.25,9179.675,66998803.3125,730.0
14583,1001.0,21.0,1.0,100.0,80.0,,4.0,0.925,9180.6,67007983.9125,730.0
14584,1001.0,21.0,1.0,100.0,80.0,,5.0,0.325,9180.925,67017164.8375,730.0
14585,1001.0,21.0,1.0,100.0,80.0,,6.0,0.075,9181.0,67026345.8375,730.0
14586,1001.0,21.0,1.0,100.0,80.0,,7.0,1.0,9182.0,67035527.8375,730.0
14587,1001.0,21.0,1.0,100.0,80.0,,8.0,0.5625,9182.5625,67044710.4,730.0
14588,1001.0,21.0,1.0,100.0,80.0,,9.0,0.8625,9183.425,67053893.825,730.0
14589,1001.0,21.0,1.0,100.0,80.0,,10.0,0.9625,9184.3875,67063078.2125,730.0
14590,1001.0,21.0,1.0,100.0,80.0,,11.0,0.0375,9184.425,67072262.6375,730.0
14591,1001.0,21.0,1.0,100.0,80.0,,12.0,0.9875,9185.4125,67081448.05,730.0
14592,1001.0,21.0,1.0,100.0,80.0,,13.0,0.6625,9186.075,67090634.125,730.0
14593,1001.0,21.0,1.0,100.0,80.0,,14.0,0.2875,9186.3625,67099820.4875,730.0
14594,1001.0,21.0,1.0,100.0,80.0,,15.0,0.3125,9186.675,67109007.1625,730.0
14595,1001.0,21.0,1.0,100.0,80.0,,16.0,0.1375,9186.8125,67118193.975,730.0
14596,1001.0,21.0,1.0,100.0,80.0,,17.0,0.4875,9187.3,67127381.275,730.0
14597,1001.0,21.0,1.0,100.0,80.0,,18.0,0.75,9188.05,67136569.325,730.0
14598,1001.0,21.0,1.0,100.0,80.0,,19.0,1.1,9189.15,67145758.475,730.0
14599,1001.0,21.0,1.0,100.0,80.0,,20.0,0.85,9190.0,67154948.475,730.0
14600,1001.0,21.0,1.0,100.0,80.0,,1.0,0.6875,9190.6875,67164139.1625,731.0
14601,1001.0,21.0,1.0,100.0,80.0,,2.0,0.8625,9191.55,67173330.7125,731.0
14602,1001.0,21.0,1.0,100.0,80.0,,3.0,0.7625,9192.3125,67182523.025,731.0
14603,1001.0,21.0,1.0,100.0,80.0,,4.0,0.025,9192.3375,67191715.3625,731.0
14604,1001.0,21.0,1.0,100.0,80.0,,5.0,0.0625,9192.4,67200907.7625,731.0
14605,1001.0,21.0,1.0,100.0,80.0,,6.0,0.725,9193.125,67210100.8875,731.0
14606,1001.0,21.0,1.0,100.0,80.0,,7.0,0.025,9193.15,67219294.0375,731.0
14607,1001.0,21.0,1.0,100.0,80.0,,8.0,0.3875,9193.5375,67228487.575,731.0
14608,1001.0,21.0,1.0,100.0,80.0,,9.0,0.6375,9194.175,67237681.75,731.0
14609,1001.0,21.0,1.0,100.0,80.0,,10.0,0.6375,9194.8125,67246876.5625,731.0
14610,1001.0,21.0,1.0,100.0,80.0,,11.0,0.475,9195.2875,67256071.85,731.0
14611,1001.0,21.0,1.0,100.0,80.0,,12.0,0.2875,9195.575,67265267.425,731.0
14612,1001.0,21.0,1.0,100.0,80.0,,13.0,0.525,9196.1,67274463.525,731.0
14613,1001.0,21.0,1.0,100.0,80.0,,14.0,0.45,9196.55,67283660.075,731.0
14614,1001.0,21.0,1.0,100.0,80.0,,15.0,0.0875,9196.6375,67292856.7125,731.0
14615,1001.0,21.0,1.0,100.0,80.0,,16.0,0.3625,9197.0,67302053.7125,731.0
14616,1001.0,21.0,1.0,100.0,80.0,,17.0,0.1125,9197.1125,67311250.825,731.0
14617,1001.0,21.0,1.0,100.0,80.0,,18.0,0.95,9198.0625,67320448.8875,731.0
14618,1001.0,21.0,1.0,100.0,80.0,,19.0,0.5625,9198.625,67329647.5125,731.0
14619,1001.0,21.0,1.0,100.0,80.0,,20.0,0.775,9199.4,67338846.9125,731.0
14620,1001.0,21.0,1.0,100.0,80.0,,1.0,0.775,9200.175,67348047.0875,732.0
14621,1001.0,21.0,1.0,100.0,80.0,,2.0,0.9,9201.075,67357248.1625,732.0
14622,1001.0,21.0,1.0,100.0,80.0,,3.0,0.175,9201.25,67366449.4125,732.0
14623,1001.0,21.0,1.0,100.0,80.0,,4.0,1.125,9202.375,67375651.7875,732.0
14624,1001.0,21.0,1.0,100.0,80.0,,5.0,1.025,9203.4,67384855.1875,732.0
14625,1001.0,21.0,1.0,100.0,80.0,,6.0,0.6,9204.0,67394059.1875,732.0
14626,1001.0,21.0,1.0,100.0,80.0,,7.0,1.1375,9205.1375,67403264.325,732.0
14627,1001.0,21.0,1.0,100.0,80.0,,8.0,1.175,9206.3125,67412470.6375,732.0
14628,1001.0,21.0,1.0,100.0,80.0,,9.0,0.95,9207.2625,67421677.9,732.0
14629,1001.0,21.0,1.0,100.0,80.0,,10.0,0.15,9207.4125,67430885.3125,732.0
14630,1001.0,21.0,1.0,100.0,80.0,,11.0,0.05,9207.4625,67440092.775,732.0
14631,1001.0,21.0,1.0,100.0,80.0,,12.0,0.7875,9208.25,67449301.025,732.0
14632,1001.0,21.0,1.0,100.0,80.0,,13.0,0.975,9209.225,67458510.25,732.0
14633,1001.0,21.0,1.0,100.0,80.0,,14.0,1.2,9210.425,67467720.675,732.0
14634,1001.0,21.0,1.0,100.0,80.0,,15.0,0.1,9210.525,67476931.2,732.0
14635,1001.0,21.0,1.0,100.0,80.0,,16.0,0.65,9211.175,67486142.375,732.0
14636,1001.0,21.0,1.0,100.0,80.0,,17.0,0.55,9211.725,67495354.1,732.0
14637,1001.0,21.0,1.0,100.0,80.0,,18.0,1.0125,9212.7375,67504566.8375,732.0
14638,1001.0,21.0,1.0,100.0,80.0,,19.0,1.225,9213.9625,67513780.8,732.0
14639,1001.0,21.0,1.0,100.0,80.0,,20.0,0.35,9214.3125,67522995.1125,732.0
14640,1001.0,21.0,1.0,100.0,80.0,,1.0,0.0375,9214.35,67532209.4625,733.0
14641,1001.0,21.0,1.0,100.0,80.0,,2.0,0.3375,9214.6875,67541424.15,733.0
14642,1001.0,21.0,1.0,100.0,80.0,,3.0,0.5,9215.1875,67550639.3375,733.0
14643,1001.0,21.0,1.0,100.0,80.0,,4.0,0.4,9215.5875,67559854.925,733.0
14644,1001.0,21.0,1.0,100.0,80.0,,5.0,0.375,9215.9625,67569070.8875,733.0
14645,1001.0,21.0,1.0,100.0,80.0,,6.0,1.025,9216.9875,67578287.875,733.0
14646,1001.0,21.0,1.0,100.0,80.0,,7.0,1.2125,9218.2,67587506.075,733.0
14647,1001.0,21.0,1.0,100.0,80.0,,8.0,0.4625,9218.6625,67596724.7375,733.0
14648,1001.0,21.0,1.0,100.0,80.0,,9.0,0.475,9219.1375,67605943.875,733.0
14649,1001.0,21.0,1.0,100.0,80.0,,10.0,0.925,9220.0625,67615163.9375,733.0
14650,1001.0,21.0,1.0,100.0,80.0,,11.0,0.3875,9220.45,67624384.3875,733.0
14651,1001.0,21.0,1.0,100.0,80.0,,12.0,0.325,9220.775,67633605.1625,733.0
14652,1001.0,21.0,1.0,100.0,80.0,,13.0,0.1625,9220.9375,67642826.1,733.0
14653,1001.0,21.0,1.0,100.0,80.0,,14.0,0.4125,9221.35,67652047.45,733.0
14654,1001.0,21.0,1.0,100.0,80.0,,15.0,1.0125,9222.3625,67661269.8125,733.0
14655,1001.0,21.0,1.0,100.0,80.0,,16.0,1.15,9223.5125,67670493.325,733.0
14656,1001.0,21.0,1.0,100.0,80.0,,17.0,0.5,9224.0125,67679717.3375,733.0
14657,1001.0,21.0,1.0,100.0,80.0,,18.0,0.6,9224.6125,67688941.95,733.0
14658,1001.0,21.0,1.0,100.0,80.0,,19.0,0.6,9225.2125,67698167.1625,733.0
14659,1001.0,21.0,1.0,100.0,80.0,,20.0,0.3625,9225.575,67707392.7375,733.0
14660,1001.0,21.0,1.0,100.0,80.0,,1.0,0.95,9226.525,67716619.2625,734.0
14661,1001.0,21.0,1.0,100.0,80.0,,2.0,0.3,9226.825,67725846.0875,734.0
14662,1001.0,21.0,1.0,100.0,80.0,,3.0,0.65,9227.475,67735073.5625,734.0
14663,1001.0,21.0,1.0,100.0,80.0,,4.0,0.6375,9228.1125,67744301.675,734.0
14664,1001.0,21.0,1.0,100.0,80.0,,5.0,0.975,9229.0875,67753530.7625,734.0
14665,1001.0,21.0,1.0,100.0,80.0,,6.0,0.5125,9229.6,67762760.3625,734.0
14666,1001.0,21.0,1.0,100.0,80.0,,7.0,0.3125,9229.9125,67771990.275,734.0
14667,1001.0,21.0,1.0,100.0,80.0,,8.0,0.8625,9230.775,67781221.05,734.0
14668,1001.0,21.0,1.0,100.0,80.0,,9.0,1.075,9231.85,67790452.9,734.0
14669,1001.0,21.0,1.0,100.0,80.0,,10.0,0.225,9232.075,67799684.975,734.0
14670,1001.0,21.0,1.0,100.0,80.0,,11.0,0.025,9232.1,67808917.075,734.0
14671,1001.0,21.0,1.0,100.0,80.0,,12.0,0.6625,9232.7625,67818149.8375,734.0
14672,1001.0,21.0,1.0,100.0,80.0,,13.0,1.0125,9233.775,67827383.6125,734.0
14673,1001.0,21.0,1.0,100.0,80.0,,14.0,0.7125,9234.4875,67836618.1,734.0
14674,1001.0,21.0,1.0,100.0,80.0,,15.0,1.1,9235.5875,67845853.6875,734.0
14675,1001.0,21.0,1.0,100.0,80.0,,16.0,0.0625,9235.65,67855089.3375,734.0
14676,1001.0,21.0,1.0,100.0,80.0,,17.0,0.35,9236.0,67864325.3375,734.0
14677,1001.0,21.0,1.0,100.0,80.0,,18.0,0.9875,9236.9875,67873562.325,734.0
14678,1001.0,21.0,1.0,100.0,80.0,,19.0,0.025,9237.0125,67882799.3375,734.0
14679,1001.0,21.0,1.0,100.0,80.0,,20.0,0.65,9237.6625,67892037.0,734.0
14680,1001.0,21.0,1.0,100.0,80.0,,1.0,0.8375,9238.5,67901275.5,735.0
14681,1001.0,21.0,1.0,100.0,80.0,,2.0,0.875,9239.375,67910514.875,735.0
14682,1001.0,21.0,1.0,100.0,80.0,,3.0,1.15,9240.525,67919755.4,735.0
14683,1001.0,21.0,1.0,100.0,80.0,,4.0,0.9125,9241.4375,67928996.8375,735.0
14684,1001.0,21.0,1.0,100.0,80.0,,5.0,0.7,9242.1375,67938238.975,735.0
14685,1001.0,21.0,1.0,100.0,80.0,,6.0,1.1125,9243.25,67947482.225,735.0
14686,1001.0,21.0,1.0,100.0,80.0,,7.0,0.575,9243.825,67956726.05,735.0
14687,1001.0,21.0,1.0,100.0,80.0,,8.0,0.775,9244.6,67965970.65,735.0
14688,1001.0,21.0,1.0,100.0,80.0,,9.0,0.1125,9244.7125,67975215.3625,735.0
14689,1001.0,21.0,1.0,100.0,80.0,,10.0,1.1,9245.8125,67984461.175,735.0
14690,1001.0,21.0,1.0,100.0,80.0,,11.0,0.35,9246.1625,67993707.3375,735.0
14691,1001.0,21.0,1.0,100.0,80.0,,12.0,1.2375,9247.4,68002954.7375,735.0
14692,1001.0,21.0,1.0,100.0,80.0,,13.0,0.4875,9247.8875,68012202.625,735.0
14693,1001.0,21.0,1.0,100.0,80.0,,14.0,1.1875,9249.075,68021451.7,735.0
14694,1001.0,21.0,1.0,100.0,80.0,,15.0,1.2,9250.275,68030701.975,735.0
14695,1001.0,21.0,1.0,100.0,80.0,,16.0,1.1,9251.375,68039953.35,735.0
14696,1001.0,21.0,1.0,100.0,80.0,,17.0,1.2,9252.575,68049205.925,735.0
14697,1001.0,21.0,1.0,100.0,80.0,,18.0,1.15,9253.725,68058459.65,735.0
14698,1001.0,21.0,1.0,100.0,80.0,,19.0,0.8125,9254.5375,68067714.1875,735.0
14699,1001.0,21.0,1.0,100.0,80.0,,20.0,0.5625,9255.1,68076969.2875,735.0
14700,1001.0,21.0,1.0,100.0,80.0,,1.0,0.7125,9255.8125,68086225.1,736.0
14701,1001.0,21.0,1.0,100.0,80.0,,2.0,0.625,9256.4375,68095481.5375,736.0
14702,1001.0,21.0,1.0,100.0,80.0,,3.0,0.7,9257.1375,68104738.675,736.0
14703,1001.0,21.0,1.0,100.0,80.0,,4.0,1.15,9258.2875,68113996.9625,736.0
14704,1001.0,21.0,1.0,100.0,80.0,,5.0,0.6125,9258.9,68123255.8625,736.0
14705,1001.0,21.0,1.0,100.0,80.0,,6.0,0.9,9259.8,68132515.6625,736.0
14706,1001.0,21.0,1.0,100.0,80.0,,7.0,0.875,9260.675,68141776.3375,736.0
14707,1001.0,21.0,1.0,100.0,80.0,,8.0,0.8625,9261.5375,68151037.875,736.0
14708,1001.0,21.0,1.0,100.0,80.0,,9.0,0.6,9262.1375,68160300.0125,736.0
14709,1001.0,21.0,1.0,100.0,80.0,,10.0,0.0875,9262.225,68169562.2375,736.0
14710,1001.0,21.0,1.0,100.0,80.0,,11.0,0.125,9262.35,68178824.5875,736.0
14711,1001.0,21.0,1.0,100.0,80.0,,12.0,0.5875,9262.9375,68188087.525,736.0
14712,1001.0,21.0,1.0,100.0,80.0,,13.0,0.8625,9263.8,68197351.325,736.0
14713,1001.0,21.0,1.0,100.0,80.0,,14.0,0.625,9264.425,68206615.75,736.0
14714,1001.0,21.0,1.0,100.0,80.0,,15.0,0.1,9264.525,68215880.275,736.0
14715,1001.0,21.0,1.0,100.0,80.0,,16.0,0.375,9264.9,68225145.175,736.0
14716,1001.0,21.0,1.0,100.0,80.0,,17.0,0.35,9265.25,68234410.425,736.0
14717,1001.0,21.0,1.0,100.0,80.0,,18.0,1.025,9266.275,68243676.7,736.0
14718,1001.0,21.0,1.0,100.0,80.0,,19.0,1.0875,9267.3625,68252944.0625,736.0
14719,1001.0,21.0,1.0,100.0,80.0,,20.0,0.6875,9268.05,68262212.1125,736.0
14720,1001.0,21.0,1.0,100.0,80.0,,1.0,1.2125,9269.2625,68271481.375,737.0
14721,1001.0,21.0,1.0,100.0,80.0,,2.0,0.9375,9270.2,68280751.575,737.0
14722,1001.0,21.0,1.0,100.0,80.0,,3.0,0.0875,9270.2875,68290021.8625,737.0
14723,1001.0,21.0,1.0,100.0,80.0,,4.0,0.6125,9270.9,68299292.7625,737.0
14724,1001.0,21.0,1.0,100.0,80.0,,5.0,0.025,9270.925,68308563.6875,737.0
14725,1001.0,21.0,1.0,100.0,80.0,,6.0,1.0625,9271.9875,68317835.675,737.0
14726,1001.0,21.0,1.0,100.0,80.0,,7.0,0.5875,9272.575,68327108.25,737.0
14727,1001.0,21.0,1.0,100.0,80.0,,8.0,0.4,9272.975,68336381.225,737.0
14728,1001.0,21.0,1.0,100.0,80.0,,9.0,0.4125,9273.3875,68345654.6125,737.0
14729,1001.0,21.0,1.0,100.0,80.0,,10.0,0.45,9273.8375,68354928.45,737.0
14730,1001.0,21.0,1.0,100.0,80.0,,11.0,0.35,9274.1875,68364202.6375,737.0
14731,1001.0,21.0,1.0,100.0,80.0,,12.0,0.45,9274.6375,68373477.275,737.0
14732,1001.0,21.0,1.0,100.0,80.0,,13.0,0.2375,9274.875,68382752.15,737.0
14733,1001.0,21.0,1.0,100.0,80.0,,14.0,0.475,9275.35,68392027.5,737.0
14734,1001.0,21.0,1.0,100.0,80.0,,15.0,1.1375,9276.4875,68401303.9875,737.0
14735,1001.0,21.0,1.0,100.0,80.0,,16.0,1.1375,9277.625,68410581.6125,737.0
14736,1001.0,21.0,1.0,100.0,80.0,,17.0,1.15,9278.775,68419860.3875,737.0
14737,1001.0,21.0,1.0,100.0,80.0,,18.0,0.2375,9279.0125,68429139.4,737.0
14738,1001.0,21.0,1.0,100.0,80.0,,19.0,0.325,9279.3375,68438418.7375,737.0
14739,1001.0,21.0,1.0,100.0,80.0,,20.0,0.7375,9280.075,68447698.8125,737.0
14740,1001.0,21.0,1.0,100.0,80.0,,1.0,0.6875,9280.7625,68456979.575,738.0
14741,1001.0,21.0,1.0,100.0,80.0,,2.0,0.2125,9280.975,68466260.55,738.0
14742,1001.0,21.0,1.0,100.0,80.0,,3.0,0.6125,9281.5875,68475542.1375,738.0
14743,1001.0,21.0,1.0,100.0,80.0,,4.0,1.0875,9282.675,68484824.8125,738.0
14744,1001.0,21.0,1.0,100.0,80.0,,5.0,0.025,9282.7,68494107.5125,738.0
14745,1001.0,21.0,1.0,100.0,80.0,,6.0,0.75,9283.45,68503390.9625,738.0
14746,1001.0,21.0,1.0,100.0,80.0,,7.0,0.3375,9283.7875,68512674.75,738.0
14747,1001.0,21.0,1.0,100.0,80.0,,8.0,0.8,9284.5875,68521959.3375,738.0
14748,1001.0,21.0,1.0,100.0,80.0,,9.0,0.45,9285.0375,68531244.375,738.0
14749,1001.0,21.0,1.0,100.0,80.0,,10.0,0.6875,9285.725,68540530.1,738.0
14750,1001.0,21.0,1.0,100.0,80.0,,11.0,0.7875,9286.5125,68549816.6125,738.0
14751,1001.0,21.0,1.0,100.0,80.0,,12.0,0.9875,9287.5,68559104.1125,738.0
14752,1001.0,21.0,1.0,100.0,80.0,,13.0,0.5,9288.0,68568392.1125,738.0
14753,1001.0,21.0,1.0,100.0,80.0,,14.0,1.0,9289.0,68577681.1125,738.0
14754,1001.0,21.0,1.0,100.0,80.0,,15.0,0.225,9289.225,68586970.3375,738.0
14755,1001.0,21.0,1.0,100.0,80.0,,16.0,0.0125,9289.2375,68596259.575,738.0
14756,1001.0,21.0,1.0,100.0,80.0,,17.0,0.775,9290.0125,68605549.5875,738.0
14757,1001.0,21.0,1.0,100.0,80.0,,18.0,0.125,9290.1375,68614839.725,738.0
14758,1001.0,21.0,1.0,100.0,80.0,,19.0,0.475,9290.6125,68624130.3375,738.0
14759,1001.0,21.0,1.0,100.0,80.0,,20.0,0.0125,9290.625,68633420.9625,738.0
14760,1001.0,21.0,1.0,100.0,80.0,,1.0,0.6,9291.225,68642712.1875,739.0
14761,1001.0,21.0,1.0,100.0,80.0,,2.0,0.9875,9292.2125,68652004.4,739.0
14762,1001.0,21.0,1.0,100.0,80.0,,3.0,0.8375,9293.05,68661297.45,739.0
14763,1001.0,21.0,1.0,100.0,80.0,,4.0,0.4875,9293.5375,68670590.9875,739.0
14764,1001.0,21.0,1.0,100.0,80.0,,5.0,0.7625,9294.3,68679885.2875,739.0
14765,1001.0,21.0,1.0,100.0,80.0,,6.0,0.65,9294.95,68689180.2375,739.0
14766,1001.0,21.0,1.0,100.0,80.0,,7.0,0.1625,9295.1125,68698475.35,739.0
14767,1001.0,21.0,1.0,100.0,80.0,,8.0,0.0875,9295.2,68707770.55,739.0
14768,1001.0,21.0,1.0,100.0,80.0,,9.0,0.9125,9296.1125,68717066.6625,739.0
14769,1001.0,21.0,1.0,100.0,80.0,,10.0,0.225,9296.3375,68726363.0,739.0
14770,1001.0,21.0,1.0,100.0,80.0,,11.0,0.525,9296.8625,68735659.8625,739.0
14771,1001.0,21.0,1.0,100.0,80.0,,12.0,0.0125,9296.875,68744956.7375,739.0
14772,1001.0,21.0,1.0,100.0,80.0,,13.0,0.1125,9296.9875,68754253.725,739.0
14773,1001.0,21.0,1.0,100.0,80.0,,14.0,0.075,9297.0625,68763550.7875,739.0
14774,1001.0,21.0,1.0,100.0,80.0,,15.0,1.1,9298.1625,68772848.95,739.0
14775,1001.0,21.0,1.0,100.0,80.0,,16.0,0.5375,9298.7,68782147.65,739.0
14776,1001.0,21.0,1.0,100.0,80.0,,17.0,0.425,9299.125,68791446.775,739.0
14777,1001.0,21.0,1.0,100.0,80.0,,18.0,0.5625,9299.6875,68800746.4625,739.0
14778,1001.0,21.0,1.0,100.0,80.0,,19.0,0.7375,9300.425,68810046.8875,739.0
14779,1001.0,21.0,1.0,100.0,80.0,,20.0,1.1875,9301.6125,68819348.5,739.0
14780,1001.0,21.0,1.0,100.0,80.0,,1.0,0.475,9302.0875,68828650.5875,740.0
14781,1001.0,21.0,1.0,100.0,80.0,,2.0,0.475,9302.5625,68837953.15,740.0
14782,1001.0,21.0,1.0,100.0,80.0,,3.0,0.4625,9303.025,68847256.175,740.0
14783,1001.0,21.0,1.0,100.0,80.0,,4.0,0.3625,9303.3875,68856559.5625,740.0
14784,1001.0,21.0,1.0,100.0,80.0,,5.0,0.2625,9303.65,68865863.2125,740.0
14785,1001.0,21.0,1.0,100.0,80.0,,6.0,0.2375,9303.8875,68875167.1,740.0
14786,1001.0,21.0,1.0,100.0,80.0,,7.0,0.2125,9304.1,68884471.2,740.0
14787,1001.0,21.0,1.0,100.0,80.0,,8.0,0.3375,9304.4375,68893775.6375,740.0
14788,1001.0,21.0,1.0,100.0,80.0,,9.0,0.975,9305.4125,68903081.05,740.0
14789,1001.0,21.0,1.0,100.0,80.0,,10.0,1.175,9306.5875,68912387.6375,740.0
14790,1001.0,21.0,1.0,100.0,80.0,,11.0,0.3375,9306.925,68921694.5625,740.0
14791,1001.0,21.0,1.0,100.0,80.0,,12.0,0.5125,9307.4375,68931002.0,740.0
14792,1001.0,21.0,1.0,100.0,80.0,,13.0,1.225,9308.6625,68940310.6625,740.0
14793,1001.0,21.0,1.0,100.0,80.0,,14.0,0.725,9309.3875,68949620.05,740.0
14794,1001.0,21.0,1.0,100.0,80.0,,15.0,1.175,9310.5625,68958930.6125,740.0
14795,1001.0,21.0,1.0,100.0,80.0,,16.0,0.1625,9310.725,68968241.3375,740.0
14796,1001.0,21.0,1.0,100.0,80.0,,17.0,0.2125,9310.9375,68977552.275,740.0
14797,1001.0,21.0,1.0,100.0,80.0,,18.0,0.1375,9311.075,68986863.35,740.0
14798,1001.0,21.0,1.0,100.0,80.0,,19.0,1.125,9312.2,68996175.55,740.0
14799,1001.0,21.0,1.0,100.0,80.0,,20.0,0.4875,9312.6875,69005488.2375,740.0
14800,1001.0,21.0,1.0,100.0,80.0,,1.0,0.1875,9312.875,69014801.1125,741.0
14801,1001.0,21.0,1.0,100.0,80.0,,2.0,0.575,9313.45,69024114.5625,741.0
14802,1001.0,21.0,1.0,100.0,80.0,,3.0,0.0875,9313.5375,69033428.1,741.0
14803,1001.0,21.0,1.0,100.0,80.0,,4.0,0.875,9314.4125,69042742.5125,741.0
14804,1001.0,21.0,1.0,100.0,80.0,,5.0,0.9625,9315.375,69052057.8875,741.0
14805,1001.0,21.0,1.0,100.0,80.0,,6.0,0.65,9316.025,69061373.9125,741.0
14806,1001.0,21.0,1.0,100.0,80.0,,7.0,0.0375,9316.0625,69070689.975,741.0
14807,1001.0,21.0,1.0,100.0,80.0,,8.0,0.8875,9316.95,69080006.925,741.0
14808,1001.0,21.0,1.0,100.0,80.0,,9.0,1.0125,9317.9625,69089324.8875,741.0
14809,1001.0,21.0,1.0,100.0,80.0,,10.0,0.4,9318.3625,69098643.25,741.0
14810,1001.0,21.0,1.0,100.0,80.0,,11.0,1.1625,9319.525,69107962.775,741.0
14811,1001.0,21.0,1.0,100.0,80.0,,12.0,0.6625,9320.1875,69117282.9625,741.0
14812,1001.0,21.0,1.0,100.0,80.0,,13.0,0.975,9321.1625,69126604.125,741.0
14813,1001.0,21.0,1.0,100.0,80.0,,14.0,0.675,9321.8375,69135925.9625,741.0
14814,1001.0,21.0,1.0,100.0,80.0,,15.0,1.025,9322.8625,69145248.825,741.0
14815,1001.0,21.0,1.0,100.0,80.0,,16.0,0.3125,9323.175,69154572.0,741.0
14816,1001.0,21.0,1.0,100.0,80.0,,17.0,0.5,9323.675,69163895.675,741.0
14817,1001.0,21.0,1.0,100.0,80.0,,18.0,0.1375,9323.8125,69173219.4875,741.0
14818,1001.0,21.0,1.0,100.0,80.0,,19.0,0.425,9324.2375,69182543.725,741.0
14819,1001.0,21.0,1.0,100.0,80.0,,20.0,0.4625,9324.7,69191868.425,741.0
14820,1001.0,21.0,1.0,100.0,80.0,,1.0,0.4625,9325.1625,69201193.5875,742.0
14821,1001.0,21.0,1.0,100.0,80.0,,2.0,0.3125,9325.475,69210519.0625,742.0
14822,1001.0,21.0,1.0,100.0,80.0,,3.0,0.225,9325.7,69219844.7625,742.0
14823,1001.0,21.0,1.0,100.0,80.0,,4.0,0.1125,9325.8125,69229170.575,742.0
14824,1001.0,21.0,1.0,100.0,80.0,,5.0,0.3875,9326.2,69238496.775,742.0
14825,1001.0,21.0,1.0,100.0,80.0,,6.0,0.8875,9327.0875,69247823.8625,742.0
14826,1001.0,21.0,1.0,100.0,80.0,,7.0,0.925,9328.0125,69257151.875,742.0
14827,1001.0,21.0,1.0,100.0,80.0,,8.0,0.4125,9328.425,69266480.3,742.0
14828,1001.0,21.0,1.0,100.0,80.0,,9.0,0.4625,9328.8875,69275809.1875,742.0
14829,1001.0,21.0,1.0,100.0,80.0,,10.0,0.375,9329.2625,69285138.45,742.0
14830,1001.0,21.0,1.0,100.0,80.0,,11.0,0.075,9329.3375,69294467.7875,742.0
14831,1001.0,21.0,1.0,100.0,80.0,,12.0,0.5125,9329.85,69303797.6375,742.0
14832,1001.0,21.0,1.0,100.0,80.0,,13.0,0.7375,9330.5875,69313128.225,742.0
14833,1001.0,21.0,1.0,100.0,80.0,,14.0,0.8875,9331.475,69322459.7,742.0
14834,1001.0,21.0,1.0,100.0,80.0,,15.0,0.1875,9331.6625,69331791.3625,742.0
14835,1001.0,21.0,1.0,100.0,80.0,,16.0,0.2125,9331.875,69341123.2375,742.0
14836,1001.0,21.0,1.0,100.0,80.0,,17.0,0.0125,9331.8875,69350455.125,742.0
14837,1001.0,21.0,1.0,100.0,80.0,,18.0,0.0875,9331.975,69359787.1,742.0
14838,1001.0,21.0,1.0,100.0,80.0,,19.0,0.275,9332.25,69369119.35,742.0
14839,1001.0,21.0,1.0,100.0,80.0,,20.0,1.1125,9333.3625,69378452.7125,742.0
14840,1001.0,21.0,1.0,100.0,80.0,,1.0,1.2,9334.5625,69387787.275,743.0
14841,1001.0,21.0,1.0,100.0,80.0,,2.0,1.2375,9335.8,69397123.075,743.0
14842,1001.0,21.0,1.0,100.0,80.0,,3.0,0.6875,9336.4875,69406459.5625,743.0
14843,1001.0,21.0,1.0,100.0,80.0,,4.0,1.025,9337.5125,69415797.075,743.0
14844,1001.0,21.0,1.0,100.0,80.0,,5.0,0.95,9338.4625,69425135.5375,743.0
14845,1001.0,21.0,1.0,100.0,80.0,,6.0,1.2,9339.6625,69434475.2,743.0
14846,1001.0,21.0,1.0,100.0,80.0,,7.0,0.675,9340.3375,69443815.5375,743.0
14847,1001.0,21.0,1.0,100.0,80.0,,8.0,0.5125,9340.85,69453156.3875,743.0
14848,1001.0,21.0,1.0,100.0,80.0,,9.0,0.575,9341.425,69462497.8125,743.0
14849,1001.0,21.0,1.0,100.0,80.0,,10.0,0.35,9341.775,69471839.5875,743.0
14850,1001.0,21.0,1.0,100.0,80.0,,11.0,0.7875,9342.5625,69481182.15,743.0
14851,1001.0,21.0,1.0,100.0,80.0,,12.0,0.375,9342.9375,69490525.0875,743.0
14852,1001.0,21.0,1.0,100.0,80.0,,13.0,0.45,9343.3875,69499868.475,743.0
14853,1001.0,21.0,1.0,100.0,80.0,,14.0,0.475,9343.8625,69509212.3375,743.0
14854,1001.0,21.0,1.0,100.0,80.0,,15.0,0.05,9343.9125,69518556.25,743.0
14855,1001.0,21.0,1.0,100.0,80.0,,16.0,0.9875,9344.9,69527901.15,743.0
14856,1001.0,21.0,1.0,100.0,80.0,,17.0,0.8625,9345.7625,69537246.9125,743.0
14857,1001.0,21.0,1.0,100.0,80.0,,18.0,0.9875,9346.75,69546593.6625,743.0
14858,1001.0,21.0,1.0,100.0,80.0,,19.0,0.125,9346.875,69555940.5375,743.0
14859,1001.0,21.0,1.0,100.0,80.0,,20.0,0.725,9347.6,69565288.1375,743.0
14860,1001.0,21.0,1.0,100.0,80.0,,1.0,0.75,9348.35,69574636.4875,744.0
14861,1001.0,21.0,1.0,100.0,80.0,,2.0,0.4125,9348.7625,69583985.25,744.0
14862,1001.0,21.0,1.0,100.0,80.0,,3.0,0.075,9348.8375,69593334.0875,744.0
14863,1001.0,21.0,1.0,100.0,80.0,,4.0,1.1875,9350.025,69602684.1125,744.0
14864,1001.0,21.0,1.0,100.0,80.0,,5.0,1.1375,9351.1625,69612035.275,744.0
14865,1001.0,21.0,1.0,100.0,80.0,,6.0,0.55,9351.7125,69621386.9875,744.0
14866,1001.0,21.0,1.0,100.0,80.0,,7.0,0.225,9351.9375,69630738.925,744.0
14867,1001.0,21.0,1.0,100.0,80.0,,8.0,0.7625,9352.7,69640091.625,744.0
14868,1001.0,21.0,1.0,100.0,80.0,,9.0,0.6,9353.3,69649444.925,744.0
14869,1001.0,21.0,1.0,100.0,80.0,,10.0,0.3,9353.6,69658798.525,744.0
14870,1001.0,21.0,1.0,100.0,80.0,,11.0,0.675,9354.275,69668152.8,744.0
14871,1001.0,21.0,1.0,100.0,80.0,,12.0,0.0875,9354.3625,69677507.1625,744.0
14872,1001.0,21.0,1.0,100.0,80.0,,13.0,0.65,9355.0125,69686862.175,744.0
14873,1001.0,21.0,1.0,100.0,80.0,,14.0,0.1125,9355.125,69696217.3,744.0
14874,1001.0,21.0,1.0,100.0,80.0,,15.0,0.275,9355.4,69705572.7,744.0
14875,1001.0,21.0,1.0,100.0,80.0,,16.0,0.6875,9356.0875,69714928.7875,744.0
14876,1001.0,21.0,1.0,100.0,80.0,,17.0,0.7625,9356.85,69724285.6375,744.0
14877,1001.0,21.0,1.0,100.0,80.0,,18.0,0.55,9357.4,69733643.0375,744.0
14878,1001.0,21.0,1.0,100.0,80.0,,19.0,0.5625,9357.9625,69743001.0,744.0
14879,1001.0,21.0,1.0,100.0,80.0,,20.0,0.9875,9358.95,69752359.95,744.0
14880,1001.0,21.0,1.0,100.0,80.0,,1.0,1.2375,9360.1875,69761720.1375,745.0
14881,1001.0,21.0,1.0,100.0,80.0,,2.0,0.7375,9360.925,69771081.0625,745.0
14882,1001.0,21.0,1.0,100.0,80.0,,3.0,0.2,9361.125,69780442.1875,745.0
14883,1001.0,21.0,1.0,100.0,80.0,,4.0,0.6375,9361.7625,69789803.95,745.0
14884,1001.0,21.0,1.0,100.0,80.0,,5.0,0.75,9362.5125,69799166.4625,745.0
14885,1001.0,21.0,1.0,100.0,80.0,,6.0,0.2125,9362.725,69808529.1875,745.0
14886,1001.0,21.0,1.0,100.0,80.0,,7.0,0.65,9363.375,69817892.5625,745.0
14887,1001.0,21.0,1.0,100.0,80.0,,8.0,0.075,9363.45,69827256.0125,745.0
14888,1001.0,21.0,1.0,100.0,80.0,,9.0,0.0375,9363.4875,69836619.5,745.0
14889,1001.0,21.0,1.0,100.0,80.0,,10.0,0.025,9363.5125,69845983.0125,745.0
14890,1001.0,21.0,1.0,100.0,80.0,,11.0,0.2125,9363.725,69855346.7375,745.0
14891,1001.0,21.0,1.0,100.0,80.0,,12.0,0.35,9364.075,69864710.8125,745.0
14892,1001.0,21.0,1.0,100.0,80.0,,13.0,1.15,9365.225,69874076.0375,745.0
14893,1001.0,21.0,1.0,100.0,80.0,,14.0,0.9125,9366.1375,69883442.175,745.0
14894,1001.0,21.0,1.0,100.0,80.0,,15.0,0.75,9366.8875,69892809.0625,745.0
14895,1001.0,21.0,1.0,100.0,80.0,,16.0,1.0,9367.8875,69902176.95,745.0
14896,1001.0,21.0,1.0,100.0,80.0,,17.0,0.1125,9368.0,69911544.95,745.0
14897,1001.0,21.0,1.0,100.0,80.0,,18.0,1.025,9369.025,69920913.975,745.0
14898,1001.0,21.0,1.0,100.0,80.0,,19.0,1.125,9370.15,69930284.125,745.0
14899,1001.0,21.0,1.0,100.0,80.0,,20.0,0.2625,9370.4125,69939654.5375,745.0
14900,1001.0,21.0,1.0,100.0,80.0,,1.0,0.8625,9371.275,69949025.8125,746.0
14901,1001.0,21.0,1.0,100.0,80.0,,2.0,0.8125,9372.0875,69958397.9,746.0
14902,1001.0,21.0,1.0,100.0,80.0,,3.0,0.175,9372.2625,69967770.1625,746.0
14903,1001.0,21.0,1.0,100.0,80.0,,4.0,0.75,9373.0125,69977143.175,746.0
14904,1001.0,21.0,1.0,100.0,80.0,,5.0,0.3,9373.3125,69986516.4875,746.0
14905,1001.0,21.0,1.0,100.0,80.0,,6.0,0.2875,9373.6,69995890.0875,746.0
14906,1001.0,21.0,1.0,100.0,80.0,,7.0,0.4875,9374.0875,70005264.175,746.0
14907,1001.0,21.0,1.0,100.0,80.0,,8.0,1.075,9375.1625,70014639.3375,746.0
14908,1001.0,21.0,1.0,100.0,80.0,,9.0,1.05,9376.2125,70024015.55,746.0
14909,1001.0,21.0,1.0,100.0,80.0,,10.0,1.075,9377.2875,70033392.8375,746.0
14910,1001.0,21.0,1.0,100.0,80.0,,11.0,0.9875,9378.275,70042771.1125,746.0
14911,1001.0,21.0,1.0,100.0,80.0,,12.0,1.0,9379.275,70052150.3875,746.0
14912,1001.0,21.0,1.0,100.0,80.0,,13.0,0.125,9379.4,70061529.7875,746.0
14913,1001.0,21.0,1.0,100.0,80.0,,14.0,0.7,9380.1,70070909.8875,746.0
14914,1001.0,21.0,1.0,100.0,80.0,,15.0,1.025,9381.125,70080291.0125,746.0
14915,1001.0,21.0,1.0,100.0,80.0,,16.0,0.425,9381.55,70089672.5625,746.0
14916,1001.0,21.0,1.0,100.0,80.0,,17.0,0.1125,9381.6625,70099054.225,746.0
14917,1001.0,21.0,1.0,100.0,80.0,,18.0,0.5,9382.1625,70108436.3875,746.0
14918,1001.0,21.0,1.0,100.0,80.0,,19.0,1.1875,9383.35,70117819.7375,746.0
14919,1001.0,21.0,1.0,100.0,80.0,,20.0,0.5125,9383.8625,70127203.6,746.0
14920,1001.0,21.0,1.0,100.0,80.0,,1.0,0.1,9383.9625,70136587.5625,747.0
14921,1001.0,21.0,1.0,100.0,80.0,,2.0,0.3,9384.2625,70145971.825,747.0
14922,1001.0,21.0,1.0,100.0,80.0,,3.0,0.025,9384.2875,70155356.1125,747.0
14923,1001.0,21.0,1.0,100.0,80.0,,4.0,0.975,9385.2625,70164741.375,747.0
14924,1001.0,21.0,1.0,100.0,80.0,,5.0,0.85,9386.1125,70174127.4875,747.0
14925,1001.0,21.0,1.0,100.0,80.0,,6.0,0.8625,9386.975,70183514.4625,747.0
14926,1001.0,21.0,1.0,100.0,80.0,,7.0,0.25,9387.225,70192901.6875,747.0
14927,1001.0,21.0,1.0,100.0,80.0,,8.0,0.425,9387.65,70202289.3375,747.0
14928,1001.0,21.0,1.0,100.0,80.0,,9.0,0.1625,9387.8125,70211677.15,747.0
14929,1001.0,21.0,1.0,100.0,80.0,,10.0,0.4625,9388.275,70221065.425,747.0
14930,1001.0,21.0,1.0,100.0,80.0,,11.0,0.3625,9388.6375,70230454.0625,747.0
14931,1001.0,21.0,1.0,100.0,80.0,,12.0,0.425,9389.0625,70239843.125,747.0
14932,1001.0,21.0,1.0,100.0,80.0,,13.0,0.2,9389.2625,70249232.3875,747.0
14933,1001.0,21.0,1.0,100.0,80.0,,14.0,0.75,9390.0125,70258622.4,747.0
14934,1001.0,21.0,1.0,100.0,80.0,,15.0,0.1375,9390.15,70268012.55,747.0
14935,1001.0,21.0,1.0,100.0,80.0,,16.0,0.475,9390.625,70277403.175,747.0
14936,1001.0,21.0,1.0,100.0,80.0,,17.0,0.825,9391.45,70286794.625,747.0
14937,1001.0,21.0,1.0,100.0,80.0,,18.0,0.2625,9391.7125,70296186.3375,747.0
14938,1001.0,21.0,1.0,100.0,80.0,,19.0,0.4875,9392.2,70305578.5375,747.0
14939,1001.0,21.0,1.0,100.0,80.0,,20.0,0.2125,9392.4125,70314970.95,747.0
14940,1001.0,21.0,1.0,100.0,80.0,,1.0,0.975,9393.3875,70324364.3375,748.0
14941,1001.0,21.0,1.0,100.0,80.0,,2.0,1.0,9394.3875,70333758.725,748.0
14942,1001.0,21.0,1.0,100.0,80.0,,3.0,0.825,9395.2125,70343153.9375,748.0
14943,1001.0,21.0,1.0,100.0,80.0,,4.0,1.2125,9396.425,70352550.3625,748.0
14944,1001.0,21.0,1.0,100.0,80.0,,5.0,1.1625,9397.5875,70361947.95,748.0
14945,1001.0,21.0,1.0,100.0,80.0,,6.0,0.95,9398.5375,70371346.4875,748.0
14946,1001.0,21.0,1.0,100.0,80.0,,7.0,0.4625,9399.0,70380745.4875,748.0
14947,1001.0,21.0,1.0,100.0,80.0,,8.0,0.4125,9399.4125,70390144.9,748.0
14948,1001.0,21.0,1.0,100.0,80.0,,9.0,0.2375,9399.65,70399544.55,748.0
14949,1001.0,21.0,1.0,100.0,80.0,,10.0,0.3625,9400.0125,70408944.5625,748.0
14950,1001.0,21.0,1.0,100.0,80.0,,11.0,0.8,9400.8125,70418345.375,748.0
14951,1001.0,21.0,1.0,100.0,80.0,,12.0,0.475,9401.2875,70427746.6625,748.0
14952,1001.0,21.0,1.0,100.0,80.0,,13.0,0.25,9401.5375,70437148.2,748.0
14953,1001.0,21.0,1.0,100.0,80.0,,14.0,0.225,9401.7625,70446549.9625,748.0
14954,1001.0,21.0,1.0,100.0,80.0,,15.0,0.65,9402.4125,70455952.375,748.0
14955,1001.0,21.0,1.0,100.0,80.0,,16.0,1.1125,9403.525,70465355.9,748.0
14956,1001.0,21.0,1.0,100.0,80.0,,17.0,0.5,9404.025,70474759.925,748.0
14957,1001.0,21.0,1.0,100.0,80.0,,18.0,0.7625,9404.7875,70484164.7125,748.0
14958,1001.0,21.0,1.0,100.0,80.0,,19.0,1.1375,9405.925,70493570.6375,748.0
14959,1001.0,21.0,1.0,100.0,80.0,,20.0,1.0375,9406.9625,70502977.6,748.0
14960,1001.0,21.0,1.0,100.0,80.0,,1.0,0.5125,9407.475,70512385.075,749.0
14961,1001.0,21.0,1.0,100.0,80.0,,2.0,0.975,9408.45,70521793.525,749.0
14962,1001.0,21.0,1.0,100.0,80.0,,3.0,0.2125,9408.6625,70531202.1875,749.0
14963,1001.0,21.0,1.0,100.0,80.0,,4.0,0.4,9409.0625,70540611.25,749.0
14964,1001.0,21.0,1.0,100.0,80.0,,5.0,0.55,9409.6125,70550020.8625,749.0
14965,1001.0,21.0,1.0,100.0,80.0,,6.0,0.45,9410.0625,70559430.925,749.0
14966,1001.0,21.0,1.0,100.0,80.0,,7.0,0.6625,9410.725,70568841.65,749.0
14967,1001.0,21.0,1.0,100.0,80.0,,8.0,1.0,9411.725,70578253.375,749.0
14968,1001.0,21.0,1.0,100.0,80.0,,9.0,0.3125,9412.0375,70587665.4125,749.0
14969,1001.0,21.0,1.0,100.0,80.0,,10.0,0.4375,9412.475,70597077.8875,749.0
14970,1001.0,21.0,1.0,100.0,80.0,,11.0,0.325,9412.8,70606490.6875,749.0
14971,1001.0,21.0,1.0,100.0,80.0,,12.0,0.85,9413.65,70615904.3375,749.0
14972,1001.0,21.0,1.0,100.0,80.0,,13.0,0.7125,9414.3625,70625318.7,749.0
14973,1001.0,21.0,1.0,100.0,80.0,,14.0,0.4,9414.7625,70634733.4625,749.0
14974,1001.0,21.0,1.0,100.0,80.0,,15.0,0.5375,9415.3,70644148.7625,749.0
14975,1001.0,21.0,1.0,100.0,80.0,,16.0,0.1875,9415.4875,70653564.25,749.0
14976,1001.0,21.0,1.0,100.0,80.0,,17.0,1.125,9416.6125,70662980.8625,749.0
14977,1001.0,21.0,1.0,100.0,80.0,,18.0,0.9375,9417.55,70672398.4125,749.0
14978,1001.0,21.0,1.0,100.0,80.0,,19.0,0.925,9418.475,70681816.8875,749.0
14979,1001.0,21.0,1.0,100.0,80.0,,20.0,0.2625,9418.7375,70691235.625,749.0
14980,1001.0,21.0,1.0,100.0,80.0,,1.0,1.0625,9419.8,70700655.425,750.0
14981,1001.0,21.0,1.0,100.0,80.0,,2.0,0.5875,9420.3875,70710075.8125,750.0
14982,1001.0,21.0,1.0,100.0,80.0,,3.0,0.5875,9420.975,70719496.7875,750.0
14983,1001.0,21.0,1.0,100.0,80.0,,4.0,1.1875,9422.1625,70728918.95,750.0
14984,1001.0,21.0,1.0,100.0,80.0,,5.0,0.55,9422.7125,70738341.6625,750.0
14985,1001.0,21.0,1.0,100.0,80.0,,6.0,0.6,9423.3125,70747764.975,750.0
14986,1001.0,21.0,1.0,100.0,80.0,,7.0,0.9375,9424.25,70757189.225,750.0
14987,1001.0,21.0,1.0,100.0,80.0,,8.0,0.9375,9425.1875,70766614.4125,750.0
14988,1001.0,21.0,1.0,100.0,80.0,,9.0,0.5625,9425.75,70776040.1625,750.0
14989,1001.0,21.0,1.0,100.0,80.0,,10.0,0.85,9426.6,70785466.7625,750.0
14990,1001.0,21.0,1.0,100.0,80.0,,11.0,0.6,9427.2,70794893.9625,750.0
14991,1001.0,21.0,1.0,100.0,80.0,,12.0,0.4375,9427.6375,70804321.6,750.0
14992,1001.0,21.0,1.0,100.0,80.0,,13.0,1.1625,9428.8,70813750.4,750.0
14993,1001.0,21.0,1.0,100.0,80.0,,14.0,0.675,9429.475,70823179.875,750.0
14994,1001.0,21.0,1.0,100.0,80.0,,15.0,0.525,9430.0,70832609.875,750.0
14995,1001.0,21.0,1.0,100.0,80.0,,16.0,0.75,9430.75,70842040.625,750.0
14996,1001.0,21.0,1.0,100.0,80.0,,17.0,0.625,9431.375,70851472.0,750.0
14997,1001.0,21.0,1.0,100.0,80.0,,18.0,0.0125,9431.3875,70860903.3875,750.0
14998,1001.0,21.0,1.0,100.0,80.0,,19.0,0.575,9431.9625,70870335.35,750.0
14999,1001.0,21.0,1.0,100.0,80.0,,20.0,0.9375,9432.9,70879768.25,750.0
15000,1001.0,21.0,1.0,100.0,80.0,,1.0,1.075,9433.975,70889202.225,751.0
15001,1001.0,21.0,1.0,100.0,80.0,,2.0,1.15,9435.125,70898637.35,751.0
15002,1001.0,21.0,1.0,100.0,80.0,,3.0,0.725,9435.85,70908073.2,751.0
15003,1001.0,21.0,1.0,100.0,80.0,,4.0,0.4875,9436.3375,70917509.5375,751.0
15004,1001.0,21.0,1.0,100.0,80.0,,5.0,0.825,9437.1625,70926946.7,751.0
15005,1001.0,21.0,1.0,100.0,80.0,,6.0,1.15,9438.3125,70936385.0125,751.0
15006,1001.0,21.0,1.0,100.0,80.0,,7.0,0.9375,9439.25,70945824.2625,751.0
15007,1001.0,21.0,1.0,100.0,80.0,,8.0,0.175,9439.425,70955263.6875,751.0
15008,1001.0,21.0,1.0,100.0,80.0,,9.0,0.2,9439.625,70964703.3125,751.0
15009,1001.0,21.0,1.0,100.0,80.0,,10.0,0.3125,9439.9375,70974143.25,751.0
15010,1001.0,21.0,1.0,100.0,80.0,,11.0,1.0875,9441.025,70983584.275,751.0
15011,1001.0,21.0,1.0,100.0,80.0,,12.0,0.8875,9441.9125,70993026.1875,751.0
15012,1001.0,21.0,1.0,100.0,80.0,,13.0,0.8,9442.7125,71002468.9,751.0
15013,1001.0,21.0,1.0,100.0,80.0,,14.0,0.8875,9443.6,71011912.5,751.0
15014,1001.0,21.0,1.0,100.0,80.0,,15.0,0.9125,9444.5125,71021357.0125,751.0
15015,1001.0,21.0,1.0,100.0,80.0,,16.0,0.6125,9445.125,71030802.1375,751.0
15016,1001.0,21.0,1.0,100.0,80.0,,17.0,1.175,9446.3,71040248.4375,751.0
15017,1001.0,21.0,1.0,100.0,80.0,,18.0,1.0875,9447.3875,71049695.825,751.0
15018,1001.0,21.0,1.0,100.0,80.0,,19.0,0.575,9447.9625,71059143.7875,751.0
15019,1001.0,21.0,1.0,100.0,80.0,,20.0,1.1125,9449.075,71068592.8625,751.0
15020,1001.0,21.0,1.0,100.0,80.0,,1.0,0.2375,9449.3125,71078042.175,752.0
15021,1001.0,21.0,1.0,100.0,80.0,,2.0,0.4125,9449.725,71087491.9,752.0
15022,1001.0,21.0,1.0,100.0,80.0,,3.0,0.5125,9450.2375,71096942.1375,752.0
15023,1001.0,21.0,1.0,100.0,80.0,,4.0,0.8125,9451.05,71106393.1875,752.0
15024,1001.0,21.0,1.0,100.0,80.0,,5.0,1.1375,9452.1875,71115845.375,752.0
15025,1001.0,21.0,1.0,100.0,80.0,,6.0,0.25,9452.4375,71125297.8125,752.0
15026,1001.0,21.0,1.0,100.0,80.0,,7.0,0.875,9453.3125,71134751.125,752.0
15027,1001.0,21.0,1.0,100.0,80.0,,8.0,0.975,9454.2875,71144205.4125,752.0
15028,1001.0,21.0,1.0,100.0,80.0,,9.0,0.65,9454.9375,71153660.35,752.0
15029,1001.0,21.0,1.0,100.0,80.0,,10.0,0.45,9455.3875,71163115.7375,752.0
15030,1001.0,21.0,1.0,100.0,80.0,,11.0,0.3125,9455.7,71172571.4375,752.0
15031,1001.0,21.0,1.0,100.0,80.0,,12.0,0.7125,9456.4125,71182027.85,752.0
15032,1001.0,21.0,1.0,100.0,80.0,,13.0,0.7875,9457.2,71191485.05,752.0
15033,1001.0,21.0,1.0,100.0,80.0,,14.0,0.4625,9457.6625,71200942.7125,752.0
15034,1001.0,21.0,1.0,100.0,80.0,,15.0,0.9,9458.5625,71210401.275,752.0
15035,1001.0,21.0,1.0,100.0,80.0,,16.0,0.05,9458.6125,71219859.8875,752.0
15036,1001.0,21.0,1.0,100.0,80.0,,17.0,0.8625,9459.475,71229319.3625,752.0
15037,1001.0,21.0,1.0,100.0,80.0,,18.0,0.15,9459.625,71238778.9875,752.0
15038,1001.0,21.0,1.0,100.0,80.0,,19.0,1.175,9460.8,71248239.7875,752.0
15039,1001.0,21.0,1.0,100.0,80.0,,20.0,0.4,9461.2,71257700.9875,752.0
15040,1001.0,21.0,1.0,100.0,80.0,,1.0,0.35,9461.55,71267162.5375,753.0
15041,1001.0,21.0,1.0,100.0,80.0,,2.0,0.85,9462.4,71276624.9375,753.0
15042,1001.0,21.0,1.0,100.0,80.0,,3.0,0.6625,9463.0625,71286088.0,753.0
15043,1001.0,21.0,1.0,100.0,80.0,,4.0,0.7875,9463.85,71295551.85,753.0
15044,1001.0,21.0,1.0,100.0,80.0,,5.0,0.6375,9464.4875,71305016.3375,753.0
15045,1001.0,21.0,1.0,100.0,80.0,,6.0,0.425,9464.9125,71314481.25,753.0
15046,1001.0,21.0,1.0,100.0,80.0,,7.0,0.9625,9465.875,71323947.125,753.0
15047,1001.0,21.0,1.0,100.0,80.0,,8.0,0.525,9466.4,71333413.525,753.0
15048,1001.0,21.0,1.0,100.0,80.0,,9.0,1.1875,9467.5875,71342881.1125,753.0
15049,1001.0,21.0,1.0,100.0,80.0,,10.0,0.45,9468.0375,71352349.15,753.0
15050,1001.0,21.0,1.0,100.0,80.0,,11.0,0.375,9468.4125,71361817.5625,753.0
15051,1001.0,21.0,1.0,100.0,80.0,,12.0,1.2125,9469.625,71371287.1875,753.0
15052,1001.0,21.0,1.0,100.0,80.0,,13.0,0.825,9470.45,71380757.6375,753.0
15053,1001.0,21.0,1.0,100.0,80.0,,14.0,1.225,9471.675,71390229.3125,753.0
15054,1001.0,21.0,1.0,100.0,80.0,,15.0,0.0375,9471.7125,71399701.025,753.0
15055,1001.0,21.0,1.0,100.0,80.0,,16.0,0.875,9472.5875,71409173.6125,753.0
15056,1001.0,21.0,1.0,100.0,80.0,,17.0,0.6125,9473.2,71418646.8125,753.0
15057,1001.0,21.0,1.0,100.0,80.0,,18.0,1.125,9474.325,71428121.1375,753.0
15058,1001.0,21.0,1.0,100.0,80.0,,19.0,1.125,9475.45,71437596.5875,753.0
15059,1001.0,21.0,1.0,100.0,80.0,,20.0,0.4125,9475.8625,71447072.45,753.0
15060,1001.0,21.0,1.0,100.0,80.0,,1.0,0.3875,9476.25,71456548.7,754.0
15061,1001.0,21.0,1.0,100.0,80.0,,2.0,1.0375,9477.2875,71466025.9875,754.0
15062,1001.0,21.0,1.0,100.0,80.0,,3.0,0.2375,9477.525,71475503.5125,754.0
15063,1001.0,21.0,1.0,100.0,80.0,,4.0,0.175,9477.7,71484981.2125,754.0
15064,1001.0,21.0,1.0,100.0,80.0,,5.0,0.575,9478.275,71494459.4875,754.0
15065,1001.0,21.0,1.0,100.0,80.0,,6.0,1.0375,9479.3125,71503938.8,754.0
15066,1001.0,21.0,1.0,100.0,80.0,,7.0,0.3125,9479.625,71513418.425,754.0
15067,1001.0,21.0,1.0,100.0,80.0,,8.0,0.7,9480.325,71522898.75,754.0
15068,1001.0,21.0,1.0,100.0,80.0,,9.0,0.65,9480.975,71532379.725,754.0
15069,1001.0,21.0,1.0,100.0,80.0,,10.0,0.6625,9481.6375,71541861.3625,754.0
15070,1001.0,21.0,1.0,100.0,80.0,,11.0,0.6625,9482.3,71551343.6625,754.0
15071,1001.0,21.0,1.0,100.0,80.0,,12.0,1.2375,9483.5375,71560827.2,754.0
15072,1001.0,21.0,1.0,100.0,80.0,,13.0,0.8375,9484.375,71570311.575,754.0
15073,1001.0,21.0,1.0,100.0,80.0,,14.0,0.65,9485.025,71579796.6,754.0
15074,1001.0,21.0,1.0,100.0,80.0,,15.0,0.2875,9485.3125,71589281.9125,754.0
15075,1001.0,21.0,1.0,100.0,80.0,,16.0,0.8875,9486.2,71598768.1125,754.0
15076,1001.0,21.0,1.0,100.0,80.0,,17.0,0.8375,9487.0375,71608255.15,754.0
15077,1001.0,21.0,1.0,100.0,80.0,,18.0,0.075,9487.1125,71617742.2625,754.0
15078,1001.0,21.0,1.0,100.0,80.0,,19.0,0.4625,9487.575,71627229.8375,754.0
15079,1001.0,21.0,1.0,100.0,80.0,,20.0,1.0125,9488.5875,71636718.425,754.0
15080,1001.0,21.0,1.0,100.0,80.0,,1.0,0.1125,9488.7,71646207.125,755.0
15081,1001.0,21.0,1.0,100.0,80.0,,2.0,0.8875,9489.5875,71655696.7125,755.0
15082,1001.0,21.0,1.0,100.0,80.0,,3.0,0.0125,9489.6,71665186.3125,755.0
15083,1001.0,21.0,1.0,100.0,80.0,,4.0,0.0375,9489.6375,71674675.95,755.0
15084,1001.0,21.0,1.0,100.0,80.0,,5.0,0.5125,9490.15,71684166.1,755.0
15085,1001.0,21.0,1.0,100.0,80.0,,6.0,0.2125,9490.3625,71693656.4625,755.0
15086,1001.0,21.0,1.0,100.0,80.0,,7.0,0.65,9491.0125,71703147.475,755.0
15087,1001.0,21.0,1.0,100.0,80.0,,8.0,0.75,9491.7625,71712639.2375,755.0
15088,1001.0,21.0,1.0,100.0,80.0,,9.0,0.25,9492.0125,71722131.25,755.0
15089,1001.0,21.0,1.0,100.0,80.0,,10.0,0.2875,9492.3,71731623.55,755.0
15090,1001.0,21.0,1.0,100.0,80.0,,11.0,0.4625,9492.7625,71741116.3125,755.0
15091,1001.0,21.0,1.0,100.0,80.0,,12.0,0.5,9493.2625,71750609.575,755.0
15092,1001.0,21.0,1.0,100.0,80.0,,13.0,0.4125,9493.675,71760103.25,755.0
15093,1001.0,21.0,1.0,100.0,80.0,,14.0,1.025,9494.7,71769597.95,755.0
15094,1001.0,21.0,1.0,100.0,80.0,,15.0,0.5,9495.2,71779093.15,755.0
15095,1001.0,21.0,1.0,100.0,80.0,,16.0,0.9625,9496.1625,71788589.3125,755.0
15096,1001.0,21.0,1.0,100.0,80.0,,17.0,0.8,9496.9625,71798086.275,755.0
15097,1001.0,21.0,1.0,100.0,80.0,,18.0,1.2125,9498.175,71807584.45,755.0
15098,1001.0,21.0,1.0,100.0,80.0,,19.0,1.0125,9499.1875,71817083.6375,755.0
15099,1001.0,21.0,1.0,100.0,80.0,,20.0,0.6875,9499.875,71826583.5125,755.0
15100,1001.0,21.0,1.0,100.0,80.0,,1.0,1.1125,9500.9875,71836084.5,756.0
15101,1001.0,21.0,1.0,100.0,80.0,,2.0,1.0,9501.9875,71845586.4875,756.0
15102,1001.0,21.0,1.0,100.0,80.0,,3.0,0.9875,9502.975,71855089.4625,756.0
15103,1001.0,21.0,1.0,100.0,80.0,,4.0,0.0625,9503.0375,71864592.5,756.0
15104,1001.0,21.0,1.0,100.0,80.0,,5.0,0.475,9503.5125,71874096.0125,756.0
15105,1001.0,21.0,1.0,100.0,80.0,,6.0,0.1625,9503.675,71883599.6875,756.0
15106,1001.0,21.0,1.0,100.0,80.0,,7.0,0.6375,9504.3125,71893104.0,756.0
15107,1001.0,21.0,1.0,100.0,80.0,,8.0,0.0875,9504.4,71902608.4,756.0
15108,1001.0,21.0,1.0,100.0,80.0,,9.0,0.375,9504.775,71912113.175,756.0
15109,1001.0,21.0,1.0,100.0,80.0,,10.0,0.7875,9505.5625,71921618.7375,756.0
15110,1001.0,21.0,1.0,100.0,80.0,,11.0,0.6,9506.1625,71931124.9,756.0
15111,1001.0,21.0,1.0,100.0,80.0,,12.0,0.375,9506.5375,71940631.4375,756.0
15112,1001.0,21.0,1.0,100.0,80.0,,13.0,0.575,9507.1125,71950138.55,756.0
15113,1001.0,21.0,1.0,100.0,80.0,,14.0,0.6625,9507.775,71959646.325,756.0
15114,1001.0,21.0,1.0,100.0,80.0,,15.0,1.1,9508.875,71969155.2,756.0
15115,1001.0,21.0,1.0,100.0,80.0,,16.0,0.625,9509.5,71978664.7,756.0
15116,1001.0,21.0,1.0,100.0,80.0,,17.0,0.5875,9510.0875,71988174.7875,756.0
15117,1001.0,21.0,1.0,100.0,80.0,,18.0,0.15,9510.2375,71997685.025,756.0
15118,1001.0,21.0,1.0,100.0,80.0,,19.0,0.375,9510.6125,72007195.6375,756.0
15119,1001.0,21.0,1.0,100.0,80.0,,20.0,0.6375,9511.25,72016706.8875,756.0
15120,1001.0,21.0,1.0,100.0,80.0,,1.0,0.2125,9511.4625,72026218.35,757.0
15121,1001.0,21.0,1.0,100.0,80.0,,2.0,0.85,9512.3125,72035730.6625,757.0
15122,1001.0,21.0,1.0,100.0,80.0,,3.0,0.725,9513.0375,72045243.7,757.0
15123,1001.0,21.0,1.0,100.0,80.0,,4.0,0.8,9513.8375,72054757.5375,757.0
15124,1001.0,21.0,1.0,100.0,80.0,,5.0,0.4,9514.2375,72064271.775,757.0
15125,1001.0,21.0,1.0,100.0,80.0,,6.0,0.25,9514.4875,72073786.2625,757.0
15126,1001.0,21.0,1.0,100.0,80.0,,7.0,0.4875,9514.975,72083301.2375,757.0
15127,1001.0,21.0,1.0,100.0,80.0,,8.0,0.6,9515.575,72092816.8125,757.0
15128,1001.0,21.0,1.0,100.0,80.0,,9.0,0.2125,9515.7875,72102332.6,757.0
15129,1001.0,21.0,1.0,100.0,80.0,,10.0,0.0375,9515.825,72111848.425,757.0
15130,1001.0,21.0,1.0,100.0,80.0,,11.0,0.825,9516.65,72121365.075,757.0
15131,1001.0,21.0,1.0,100.0,80.0,,12.0,0.1875,9516.8375,72130881.9125,757.0
15132,1001.0,21.0,1.0,100.0,80.0,,13.0,0.4625,9517.3,72140399.2125,757.0
15133,1001.0,21.0,1.0,100.0,80.0,,14.0,0.5125,9517.8125,72149917.025,757.0
15134,1001.0,21.0,1.0,100.0,80.0,,15.0,0.3,9518.1125,72159435.1375,757.0
15135,1001.0,21.0,1.0,100.0,80.0,,16.0,1.0875,9519.2,72168954.3375,757.0
15136,1001.0,21.0,1.0,100.0,80.0,,17.0,0.3625,9519.5625,72178473.9,757.0
15137,1001.0,21.0,1.0,100.0,80.0,,18.0,0.25,9519.8125,72187993.7125,757.0
15138,1001.0,21.0,1.0,100.0,80.0,,19.0,0.1625,9519.975,72197513.6875,757.0
15139,1001.0,21.0,1.0,100.0,80.0,,20.0,0.9625,9520.9375,72207034.625,757.0
15140,1001.0,21.0,1.0,100.0,80.0,,1.0,0.7875,9521.725,72216556.35,758.0
15141,1001.0,21.0,1.0,100.0,80.0,,2.0,0.4875,9522.2125,72226078.5625,758.0
15142,1001.0,21.0,1.0,100.0,80.0,,3.0,1.05,9523.2625,72235601.825,758.0
15143,1001.0,21.0,1.0,100.0,80.0,,4.0,0.9625,9524.225,72245126.05,758.0
15144,1001.0,21.0,1.0,100.0,80.0,,5.0,0.2125,9524.4375,72254650.4875,758.0
15145,1001.0,21.0,1.0,100.0,80.0,,6.0,0.2875,9524.725,72264175.2125,758.0
15146,1001.0,21.0,1.0,100.0,80.0,,7.0,0.775,9525.5,72273700.7125,758.0
15147,1001.0,21.0,1.0,100.0,80.0,,8.0,0.9125,9526.4125,72283227.125,758.0
15148,1001.0,21.0,1.0,100.0,80.0,,9.0,0.5125,9526.925,72292754.05,758.0
15149,1001.0,21.0,1.0,100.0,80.0,,10.0,0.1,9527.025,72302281.075,758.0
15150,1001.0,21.0,1.0,100.0,80.0,,11.0,0.9125,9527.9375,72311809.0125,758.0
15151,1001.0,21.0,1.0,100.0,80.0,,12.0,0.375,9528.3125,72321337.325,758.0
15152,1001.0,21.0,1.0,100.0,80.0,,13.0,1.025,9529.3375,72330866.6625,758.0
15153,1001.0,21.0,1.0,100.0,80.0,,14.0,0.9375,9530.275,72340396.9375,758.0
15154,1001.0,21.0,1.0,100.0,80.0,,15.0,1.2,9531.475,72349928.4125,758.0
15155,1001.0,21.0,1.0,100.0,80.0,,16.0,0.525,9532.0,72359460.4125,758.0
15156,1001.0,21.0,1.0,100.0,80.0,,17.0,0.9875,9532.9875,72368993.4,758.0
15157,1001.0,21.0,1.0,100.0,80.0,,18.0,0.125,9533.1125,72378526.5125,758.0
15158,1001.0,21.0,1.0,100.0,80.0,,19.0,0.5375,9533.65,72388060.1625,758.0
15159,1001.0,21.0,1.0,100.0,80.0,,20.0,0.3,9533.95,72397594.1125,758.0
15160,1001.0,21.0,1.0,100.0,80.0,,1.0,0.825,9534.775,72407128.8875,759.0
15161,1001.0,21.0,1.0,100.0,80.0,,2.0,0.725,9535.5,72416664.3875,759.0
15162,1001.0,21.0,1.0,100.0,80.0,,3.0,1.225,9536.725,72426201.1125,759.0
15163,1001.0,21.0,1.0,100.0,80.0,,4.0,0.225,9536.95,72435738.0625,759.0
15164,1001.0,21.0,1.0,100.0,80.0,,5.0,0.6125,9537.5625,72445275.625,759.0
15165,1001.0,21.0,1.0,100.0,80.0,,6.0,0.6625,9538.225,72454813.85,759.0
15166,1001.0,21.0,1.0,100.0,80.0,,7.0,0.1375,9538.3625,72464352.2125,759.0
15167,1001.0,21.0,1.0,100.0,80.0,,8.0,0.7,9539.0625,72473891.275,759.0
15168,1001.0,21.0,1.0,100.0,80.0,,9.0,0.9875,9540.05,72483431.325,759.0
15169,1001.0,21.0,1.0,100.0,80.0,,10.0,0.8125,9540.8625,72492972.1875,759.0
15170,1001.0,21.0,1.0,100.0,80.0,,11.0,1.075,9541.9375,72502514.125,759.0
15171,1001.0,21.0,1.0,100.0,80.0,,12.0,0.6625,9542.6,72512056.725,759.0
15172,1001.0,21.0,1.0,100.0,80.0,,13.0,1.225,9543.825,72521600.55,759.0
15173,1001.0,21.0,1.0,100.0,80.0,,14.0,0.35,9544.175,72531144.725,759.0
15174,1001.0,21.0,1.0,100.0,80.0,,15.0,0.225,9544.4,72540689.125,759.0
15175,1001.0,21.0,1.0,100.0,80.0,,16.0,0.4375,9544.8375,72550233.9625,759.0
15176,1001.0,21.0,1.0,100.0,80.0,,17.0,0.0375,9544.875,72559778.8375,759.0
15177,1001.0,21.0,1.0,100.0,80.0,,18.0,0.7875,9545.6625,72569324.5,759.0
15178,1001.0,21.0,1.0,100.0,80.0,,19.0,1.175,9546.8375,72578871.3375,759.0
15179,1001.0,21.0,1.0,100.0,80.0,,20.0,0.25,9547.0875,72588418.425,759.0
15180,1001.0,21.0,1.0,100.0,80.0,,1.0,0.1375,9547.225,72597965.65,760.0
15181,1001.0,21.0,1.0,100.0,80.0,,2.0,0.375,9547.6,72607513.25,760.0
15182,1001.0,21.0,1.0,100.0,80.0,,3.0,0.4,9548.0,72617061.25,760.0
15183,1001.0,21.0,1.0,100.0,80.0,,4.0,0.8625,9548.8625,72626610.1125,760.0
15184,1001.0,21.0,1.0,100.0,80.0,,5.0,1.0,9549.8625,72636159.975,760.0
15185,1001.0,21.0,1.0,100.0,80.0,,6.0,0.6,9550.4625,72645710.4375,760.0
15186,1001.0,21.0,1.0,100.0,80.0,,7.0,0.8375,9551.3,72655261.7375,760.0
15187,1001.0,21.0,1.0,100.0,80.0,,8.0,0.9875,9552.2875,72664814.025,760.0
15188,1001.0,21.0,1.0,100.0,80.0,,9.0,1.1375,9553.425,72674367.45,760.0
15189,1001.0,21.0,1.0,100.0,80.0,,10.0,1.1,9554.525,72683921.975,760.0
15190,1001.0,21.0,1.0,100.0,80.0,,11.0,0.4625,9554.9875,72693476.9625,760.0
15191,1001.0,21.0,1.0,100.0,80.0,,12.0,0.45,9555.4375,72703032.4,760.0
15192,1001.0,21.0,1.0,100.0,80.0,,13.0,0.75,9556.1875,72712588.5875,760.0
15193,1001.0,21.0,1.0,100.0,80.0,,14.0,0.3625,9556.55,72722145.1375,760.0
15194,1001.0,21.0,1.0,100.0,80.0,,15.0,0.0375,9556.5875,72731701.725,760.0
15195,1001.0,21.0,1.0,100.0,80.0,,16.0,0.9375,9557.525,72741259.25,760.0
15196,1001.0,21.0,1.0,100.0,80.0,,17.0,0.7125,9558.2375,72750817.4875,760.0
15197,1001.0,21.0,1.0,100.0,80.0,,18.0,0.35,9558.5875,72760376.075,760.0
15198,1001.0,21.0,1.0,100.0,80.0,,19.0,0.1,9558.6875,72769934.7625,760.0
15199,1001.0,21.0,1.0,100.0,80.0,,20.0,0.9375,9559.625,72779494.3875,760.0
15200,1001.0,21.0,1.0,100.0,80.0,,1.0,0.2875,9559.9125,72789054.3,761.0
15201,1001.0,21.0,1.0,100.0,80.0,,2.0,0.2375,9560.15,72798614.45,761.0
15202,1001.0,21.0,1.0,100.0,80.0,,3.0,0.05,9560.2,72808174.65,761.0
15203,1001.0,21.0,1.0,100.0,80.0,,4.0,0.35,9560.55,72817735.2,761.0
15204,1001.0,21.0,1.0,100.0,80.0,,5.0,1.0125,9561.5625,72827296.7625,761.0
15205,1001.0,21.0,1.0,100.0,80.0,,6.0,0.85,9562.4125,72836859.175,761.0
15206,1001.0,21.0,1.0,100.0,80.0,,7.0,0.225,9562.6375,72846421.8125,761.0
15207,1001.0,21.0,1.0,100.0,80.0,,8.0,0.45,9563.0875,72855984.9,761.0
15208,1001.0,21.0,1.0,100.0,80.0,,9.0,0.25,9563.3375,72865548.2375,761.0
15209,1001.0,21.0,1.0,100.0,80.0,,10.0,0.3875,9563.725,72875111.9625,761.0
15210,1001.0,21.0,1.0,100.0,80.0,,11.0,0.8,9564.525,72884676.4875,761.0
15211,1001.0,21.0,1.0,100.0,80.0,,12.0,0.5625,9565.0875,72894241.575,761.0
15212,1001.0,21.0,1.0,100.0,80.0,,13.0,0.675,9565.7625,72903807.3375,761.0
15213,1001.0,21.0,1.0,100.0,80.0,,14.0,1.175,9566.9375,72913374.275,761.0
15214,1001.0,21.0,1.0,100.0,80.0,,15.0,0.1125,9567.05,72922941.325,761.0
15215,1001.0,21.0,1.0,100.0,80.0,,16.0,1.2,9568.25,72932509.575,761.0
15216,1001.0,21.0,1.0,100.0,80.0,,17.0,0.8875,9569.1375,72942078.7125,761.0
15217,1001.0,21.0,1.0,100.0,80.0,,18.0,1.1875,9570.325,72951649.0375,761.0
15218,1001.0,21.0,1.0,100.0,80.0,,19.0,0.9375,9571.2625,72961220.3,761.0
15219,1001.0,21.0,1.0,100.0,80.0,,20.0,0.925,9572.1875,72970792.4875,761.0
15220,1001.0,21.0,1.0,100.0,80.0,,1.0,0.0375,9572.225,72980364.7125,762.0
15221,1001.0,21.0,1.0,100.0,80.0,,2.0,0.525,9572.75,72989937.4625,762.0
15222,1001.0,21.0,1.0,100.0,80.0,,3.0,1.2125,9573.9625,72999511.425,762.0
15223,1001.0,21.0,1.0,100.0,80.0,,4.0,1.0875,9575.05,73009086.475,762.0
15224,1001.0,21.0,1.0,100.0,80.0,,5.0,0.5125,9575.5625,73018662.0375,762.0
15225,1001.0,21.0,1.0,100.0,80.0,,6.0,0.625,9576.1875,73028238.225,762.0
15226,1001.0,21.0,1.0,100.0,80.0,,7.0,0.575,9576.7625,73037814.9875,762.0
15227,1001.0,21.0,1.0,100.0,80.0,,8.0,0.125,9576.8875,73047391.875,762.0
15228,1001.0,21.0,1.0,100.0,80.0,,9.0,1.2,9578.0875,73056969.9625,762.0
15229,1001.0,21.0,1.0,100.0,80.0,,10.0,0.9625,9579.05,73066549.0125,762.0
15230,1001.0,21.0,1.0,100.0,80.0,,11.0,1.225,9580.275,73076129.2875,762.0
15231,1001.0,21.0,1.0,100.0,80.0,,12.0,0.4,9580.675,73085709.9625,762.0
15232,1001.0,21.0,1.0,100.0,80.0,,13.0,0.4125,9581.0875,73095291.05,762.0
15233,1001.0,21.0,1.0,100.0,80.0,,14.0,0.05,9581.1375,73104872.1875,762.0
15234,1001.0,21.0,1.0,100.0,80.0,,15.0,1.0,9582.1375,73114454.325,762.0
15235,1001.0,21.0,1.0,100.0,80.0,,16.0,0.6375,9582.775,73124037.1,762.0
15236,1001.0,21.0,1.0,100.0,80.0,,17.0,0.7875,9583.5625,73133620.6625,762.0
15237,1001.0,21.0,1.0,100.0,80.0,,18.0,0.6125,9584.175,73143204.8375,762.0
15238,1001.0,21.0,1.0,100.0,80.0,,19.0,0.6625,9584.8375,73152789.675,762.0
15239,1001.0,21.0,1.0,100.0,80.0,,20.0,0.2875,9585.125,73162374.8,762.0
15240,1001.0,21.0,1.0,100.0,80.0,,1.0,0.4,9585.525,73171960.325,763.0
15241,1001.0,21.0,1.0,100.0,80.0,,2.0,0.7625,9586.2875,73181546.6125,763.0
15242,1001.0,21.0,1.0,100.0,80.0,,3.0,0.425,9586.7125,73191133.325,763.0
15243,1001.0,21.0,1.0,100.0,80.0,,4.0,0.2625,9586.975,73200720.3,763.0
15244,1001.0,21.0,1.0,100.0,80.0,,5.0,0.375,9587.35,73210307.65,763.0
15245,1001.0,21.0,1.0,100.0,80.0,,6.0,0.9625,9588.3125,73219895.9625,763.0
15246,1001.0,21.0,1.0,100.0,80.0,,7.0,0.8,9589.1125,73229485.075,763.0
15247,1001.0,21.0,1.0,100.0,80.0,,8.0,0.9375,9590.05,73239075.125,763.0
15248,1001.0,21.0,1.0,100.0,80.0,,9.0,0.3,9590.35,73248665.475,763.0
15249,1001.0,21.0,1.0,100.0,80.0,,10.0,0.9125,9591.2625,73258256.7375,763.0
15250,1001.0,21.0,1.0,100.0,80.0,,11.0,0.3375,9591.6,73267848.3375,763.0
15251,1001.0,21.0,1.0,100.0,80.0,,12.0,0.7375,9592.3375,73277440.675,763.0
15252,1001.0,21.0,1.0,100.0,80.0,,13.0,0.975,9593.3125,73287033.9875,763.0
15253,1001.0,21.0,1.0,100.0,80.0,,14.0,0.7875,9594.1,73296628.0875,763.0
15254,1001.0,21.0,1.0,100.0,80.0,,15.0,0.975,9595.075,73306223.1625,763.0
15255,1001.0,21.0,1.0,100.0,80.0,,16.0,0.2875,9595.3625,73315818.525,763.0
15256,1001.0,21.0,1.0,100.0,80.0,,17.0,0.075,9595.4375,73325413.9625,763.0
15257,1001.0,21.0,1.0,100.0,80.0,,18.0,0.7125,9596.15,73335010.1125,763.0
15258,1001.0,21.0,1.0,100.0,80.0,,19.0,1.1,9597.25,73344607.3625,763.0
15259,1001.0,21.0,1.0,100.0,80.0,,20.0,0.2625,9597.5125,73354204.875,763.0
15260,1001.0,21.0,1.0,100.0,80.0,,1.0,1.0,9598.5125,73363803.3875,764.0
15261,1001.0,21.0,1.0,100.0,80.0,,2.0,0.375,9598.8875,73373402.275,764.0
15262,1001.0,21.0,1.0,100.0,80.0,,3.0,0.675,9599.5625,73383001.8375,764.0
15263,1001.0,21.0,1.0,100.0,80.0,,4.0,1.025,9600.5875,73392602.425,764.0
15264,1001.0,21.0,1.0,100.0,80.0,,5.0,0.15,9600.7375,73402203.1625,764.0
15265,1001.0,21.0,1.0,100.0,80.0,,6.0,0.3,9601.0375,73411804.2,764.0
15266,1001.0,21.0,1.0,100.0,80.0,,7.0,0.4125,9601.45,73421405.65,764.0
15267,1001.0,21.0,1.0,100.0,80.0,,8.0,0.4,9601.85,73431007.5,764.0
15268,1001.0,21.0,1.0,100.0,80.0,,9.0,0.5625,9602.4125,73440609.9125,764.0
15269,1001.0,21.0,1.0,100.0,80.0,,10.0,0.925,9603.3375,73450213.25,764.0
15270,1001.0,21.0,1.0,100.0,80.0,,11.0,0.4625,9603.8,73459817.05,764.0
15271,1001.0,21.0,1.0,100.0,80.0,,12.0,0.475,9604.275,73469421.325,764.0
15272,1001.0,21.0,1.0,100.0,80.0,,13.0,0.1375,9604.4125,73479025.7375,764.0
15273,1001.0,21.0,1.0,100.0,80.0,,14.0,1.175,9605.5875,73488631.325,764.0
15274,1001.0,21.0,1.0,100.0,80.0,,15.0,0.125,9605.7125,73498237.0375,764.0
15275,1001.0,21.0,1.0,100.0,80.0,,16.0,0.775,9606.4875,73507843.525,764.0
15276,1001.0,21.0,1.0,100.0,80.0,,17.0,0.2375,9606.725,73517450.25,764.0
15277,1001.0,21.0,1.0,100.0,80.0,,18.0,0.2625,9606.9875,73527057.2375,764.0
15278,1001.0,21.0,1.0,100.0,80.0,,19.0,0.7625,9607.75,73536664.9875,764.0
15279,1001.0,21.0,1.0,100.0,80.0,,20.0,0.2625,9608.0125,73546273.0,764.0
15280,1001.0,21.0,1.0,100.0,80.0,,1.0,0.925,9608.9375,73555881.9375,765.0
15281,1001.0,21.0,1.0,100.0,80.0,,2.0,1.1625,9610.1,73565492.0375,765.0
15282,1001.0,21.0,1.0,100.0,80.0,,3.0,0.7625,9610.8625,73575102.9,765.0
15283,1001.0,21.0,1.0,100.0,80.0,,4.0,0.675,9611.5375,73584714.4375,765.0
15284,1001.0,21.0,1.0,100.0,80.0,,5.0,0.025,9611.5625,73594326.0,765.0
15285,1001.0,21.0,1.0,100.0,80.0,,6.0,0.3125,9611.875,73603937.875,765.0
15286,1001.0,21.0,1.0,100.0,80.0,,7.0,0.925,9612.8,73613550.675,765.0
15287,1001.0,21.0,1.0,100.0,80.0,,8.0,1.1875,9613.9875,73623164.6625,765.0
15288,1001.0,21.0,1.0,100.0,80.0,,9.0,0.375,9614.3625,73632779.025,765.0
15289,1001.0,21.0,1.0,100.0,80.0,,10.0,0.4125,9614.775,73642393.8,765.0
15290,1001.0,21.0,1.0,100.0,80.0,,11.0,0.25,9615.025,73652008.825,765.0
15291,1001.0,21.0,1.0,100.0,80.0,,12.0,0.5125,9615.5375,73661624.3625,765.0
15292,1001.0,21.0,1.0,100.0,80.0,,13.0,0.2,9615.7375,73671240.1,765.0
15293,1001.0,21.0,1.0,100.0,80.0,,14.0,0.5,9616.2375,73680856.3375,765.0
15294,1001.0,21.0,1.0,100.0,80.0,,15.0,1.2125,9617.45,73690473.7875,765.0
15295,1001.0,21.0,1.0,100.0,80.0,,16.0,1.1875,9618.6375,73700092.425,765.0
15296,1001.0,21.0,1.0,100.0,80.0,,17.0,1.0375,9619.675,73709712.1,765.0
15297,1001.0,21.0,1.0,100.0,80.0,,18.0,0.5875,9620.2625,73719332.3625,765.0
15298,1001.0,21.0,1.0,100.0,80.0,,19.0,0.8125,9621.075,73728953.4375,765.0
15299,1001.0,21.0,1.0,100.0,80.0,,20.0,0.7375,9621.8125,73738575.25,765.0
15300,1001.0,21.0,1.0,100.0,80.0,,1.0,0.475,9622.2875,73748197.5375,766.0
15301,1001.0,21.0,1.0,100.0,80.0,,2.0,0.85,9623.1375,73757820.675,766.0
15302,1001.0,21.0,1.0,100.0,80.0,,3.0,0.7,9623.8375,73767444.5125,766.0
15303,1001.0,21.0,1.0,100.0,80.0,,4.0,0.4375,9624.275,73777068.7875,766.0
15304,1001.0,21.0,1.0,100.0,80.0,,5.0,0.5875,9624.8625,73786693.65,766.0
15305,1001.0,21.0,1.0,100.0,80.0,,6.0,0.875,9625.7375,73796319.3875,766.0
15306,1001.0,21.0,1.0,100.0,80.0,,7.0,0.5875,9626.325,73805945.7125,766.0
15307,1001.0,21.0,1.0,100.0,80.0,,8.0,0.1875,9626.5125,73815572.225,766.0
15308,1001.0,21.0,1.0,100.0,80.0,,9.0,0.3375,9626.85,73825199.075,766.0
15309,1001.0,21.0,1.0,100.0,80.0,,10.0,0.0375,9626.8875,73834825.9625,766.0
15310,1001.0,21.0,1.0,100.0,80.0,,11.0,0.6875,9627.575,73844453.5375,766.0
15311,1001.0,21.0,1.0,100.0,80.0,,12.0,0.8,9628.375,73854081.9125,766.0
15312,1001.0,21.0,1.0,100.0,80.0,,13.0,0.5625,9628.9375,73863710.85,766.0
15313,1001.0,21.0,1.0,100.0,80.0,,14.0,0.975,9629.9125,73873340.7625,766.0
15314,1001.0,21.0,1.0,100.0,80.0,,15.0,0.025,9629.9375,73882970.7,766.0
15315,1001.0,21.0,1.0,100.0,80.0,,16.0,1.1875,9631.125,73892601.825,766.0
15316,1001.0,21.0,1.0,100.0,80.0,,17.0,1.0875,9632.2125,73902234.0375,766.0
15317,1001.0,21.0,1.0,100.0,80.0,,18.0,1.0,9633.2125,73911867.25,766.0
15318,1001.0,21.0,1.0,100.0,80.0,,19.0,1.0875,9634.3,73921501.55,766.0
15319,1001.0,21.0,1.0,100.0,80.0,,20.0,0.8625,9635.1625,73931136.7125,766.0
15320,1001.0,21.0,1.0,100.0,80.0,,1.0,0.275,9635.4375,73940772.15,767.0
15321,1001.0,21.0,1.0,100.0,80.0,,2.0,0.2375,9635.675,73950407.825,767.0
15322,1001.0,21.0,1.0,100.0,80.0,,3.0,0.6125,9636.2875,73960044.1125,767.0
15323,1001.0,21.0,1.0,100.0,80.0,,4.0,1.2375,9637.525,73969681.6375,767.0
15324,1001.0,21.0,1.0,100.0,80.0,,5.0,0.75,9638.275,73979319.9125,767.0
15325,1001.0,21.0,1.0,100.0,80.0,,6.0,0.45,9638.725,73988958.6375,767.0
15326,1001.0,21.0,1.0,100.0,80.0,,7.0,0.1,9638.825,73998597.4625,767.0
15327,1001.0,21.0,1.0,100.0,80.0,,8.0,1.1875,9640.0125,74008237.475,767.0
15328,1001.0,21.0,1.0,100.0,80.0,,9.0,0.3125,9640.325,74017877.8,767.0
15329,1001.0,21.0,1.0,100.0,80.0,,10.0,0.0875,9640.4125,74027518.2125,767.0
15330,1001.0,21.0,1.0,100.0,80.0,,11.0,0.5,9640.9125,74037159.125,767.0
15331,1001.0,21.0,1.0,100.0,80.0,,12.0,1.0375,9641.95,74046801.075,767.0
15332,1001.0,21.0,1.0,100.0,80.0,,13.0,0.85,9642.8,74056443.875,767.0
15333,1001.0,21.0,1.0,100.0,80.0,,14.0,0.4875,9643.2875,74066087.1625,767.0
15334,1001.0,21.0,1.0,100.0,80.0,,15.0,0.6625,9643.95,74075731.1125,767.0
15335,1001.0,21.0,1.0,100.0,80.0,,16.0,0.45,9644.4,74085375.5125,767.0
15336,1001.0,21.0,1.0,100.0,80.0,,17.0,0.5,9644.9,74095020.4125,767.0
15337,1001.0,21.0,1.0,100.0,80.0,,18.0,0.525,9645.425,74104665.8375,767.0
15338,1001.0,21.0,1.0,100.0,80.0,,19.0,0.8375,9646.2625,74114312.1,767.0
15339,1001.0,21.0,1.0,100.0,80.0,,20.0,0.075,9646.3375,74123958.4375,767.0
15340,1001.0,21.0,1.0,100.0,80.0,,1.0,1.175,9647.5125,74133605.95,768.0
15341,1001.0,21.0,1.0,100.0,80.0,,2.0,0.475,9647.9875,74143253.9375,768.0
15342,1001.0,21.0,1.0,100.0,80.0,,3.0,1.15,9649.1375,74152903.075,768.0
15343,1001.0,21.0,1.0,100.0,80.0,,4.0,0.0625,9649.2,74162552.275,768.0
15344,1001.0,21.0,1.0,100.0,80.0,,5.0,0.8375,9650.0375,74172202.3125,768.0
15345,1001.0,21.0,1.0,100.0,80.0,,6.0,0.1625,9650.2,74181852.5125,768.0
15346,1001.0,21.0,1.0,100.0,80.0,,7.0,0.175,9650.375,74191502.8875,768.0
15347,1001.0,21.0,1.0,100.0,80.0,,8.0,0.1625,9650.5375,74201153.425,768.0
15348,1001.0,21.0,1.0,100.0,80.0,,9.0,0.525,9651.0625,74210804.4875,768.0
15349,1001.0,21.0,1.0,100.0,80.0,,10.0,0.2875,9651.35,74220455.8375,768.0
15350,1001.0,21.0,1.0,100.0,80.0,,11.0,0.2375,9651.5875,74230107.425,768.0
15351,1001.0,21.0,1.0,100.0,80.0,,12.0,0.9,9652.4875,74239759.9125,768.0
15352,1001.0,21.0,1.0,100.0,80.0,,13.0,0.2,9652.6875,74249412.6,768.0
15353,1001.0,21.0,1.0,100.0,80.0,,14.0,1.225,9653.9125,74259066.5125,768.0
15354,1001.0,21.0,1.0,100.0,80.0,,15.0,1.1125,9655.025,74268721.5375,768.0
15355,1001.0,21.0,1.0,100.0,80.0,,16.0,0.6625,9655.6875,74278377.225,768.0
15356,1001.0,21.0,1.0,100.0,80.0,,17.0,0.2625,9655.95,74288033.175,768.0
15357,1001.0,21.0,1.0,100.0,80.0,,18.0,0.2,9656.15,74297689.325,768.0
15358,1001.0,21.0,1.0,100.0,80.0,,19.0,0.55,9656.7,74307346.025,768.0
15359,1001.0,21.0,1.0,100.0,80.0,,20.0,0.5875,9657.2875,74317003.3125,768.0
15360,1001.0,21.0,1.0,100.0,80.0,,1.0,0.9125,9658.2,74326661.5125,769.0
15361,1001.0,21.0,1.0,100.0,80.0,,2.0,0.5375,9658.7375,74336320.25,769.0
15362,1001.0,21.0,1.0,100.0,80.0,,3.0,1.075,9659.8125,74345980.0625,769.0
15363,1001.0,21.0,1.0,100.0,80.0,,4.0,1.2,9661.0125,74355641.075,769.0
15364,1001.0,21.0,1.0,100.0,80.0,,5.0,1.125,9662.1375,74365303.2125,769.0
15365,1001.0,21.0,1.0,100.0,80.0,,6.0,0.05,9662.1875,74374965.4,769.0
15366,1001.0,21.0,1.0,100.0,80.0,,7.0,0.6875,9662.875,74384628.275,769.0
15367,1001.0,21.0,1.0,100.0,80.0,,8.0,0.2625,9663.1375,74394291.4125,769.0
15368,1001.0,21.0,1.0,100.0,80.0,,9.0,0.6625,9663.8,74403955.2125,769.0
15369,1001.0,21.0,1.0,100.0,80.0,,10.0,0.95,9664.75,74413619.9625,769.0
15370,1001.0,21.0,1.0,100.0,80.0,,11.0,0.95,9665.7,74423285.6625,769.0
15371,1001.0,21.0,1.0,100.0,80.0,,12.0,1.1375,9666.8375,74432952.5,769.0
15372,1001.0,21.0,1.0,100.0,80.0,,13.0,0.8375,9667.675,74442620.175,769.0
15373,1001.0,21.0,1.0,100.0,80.0,,14.0,0.8875,9668.5625,74452288.7375,769.0
15374,1001.0,21.0,1.0,100.0,80.0,,15.0,0.6625,9669.225,74461957.9625,769.0
15375,1001.0,21.0,1.0,100.0,80.0,,16.0,0.2625,9669.4875,74471627.45,769.0
15376,1001.0,21.0,1.0,100.0,80.0,,17.0,0.5,9669.9875,74481297.4375,769.0
15377,1001.0,21.0,1.0,100.0,80.0,,18.0,0.4,9670.3875,74490967.825,769.0
15378,1001.0,21.0,1.0,100.0,80.0,,19.0,0.75,9671.1375,74500638.9625,769.0
15379,1001.0,21.0,1.0,100.0,80.0,,20.0,1.1875,9672.325,74510311.2875,769.0
15380,1001.0,21.0,1.0,100.0,80.0,,1.0,0.625,9672.95,74519984.2375,770.0
15381,1001.0,21.0,1.0,100.0,80.0,,2.0,1.1875,9674.1375,74529658.375,770.0
15382,1001.0,21.0,1.0,100.0,80.0,,3.0,0.775,9674.9125,74539333.2875,770.0
15383,1001.0,21.0,1.0,100.0,80.0,,4.0,0.0125,9674.925,74549008.2125,770.0
15384,1001.0,21.0,1.0,100.0,80.0,,5.0,0.8625,9675.7875,74558684.0,770.0
15385,1001.0,21.0,1.0,100.0,80.0,,6.0,0.9125,9676.7,74568360.7,770.0
15386,1001.0,21.0,1.0,100.0,80.0,,7.0,0.65,9677.35,74578038.05,770.0
15387,1001.0,21.0,1.0,100.0,80.0,,8.0,0.725,9678.075,74587716.125,770.0
15388,1001.0,21.0,1.0,100.0,80.0,,9.0,1.075,9679.15,74597395.275,770.0
15389,1001.0,21.0,1.0,100.0,80.0,,10.0,1.225,9680.375,74607075.65,770.0
15390,1001.0,21.0,1.0,100.0,80.0,,11.0,0.3625,9680.7375,74616756.3875,770.0
15391,1001.0,21.0,1.0,100.0,80.0,,12.0,0.9375,9681.675,74626438.0625,770.0
15392,1001.0,21.0,1.0,100.0,80.0,,13.0,0.2625,9681.9375,74636120.0,770.0
15393,1001.0,21.0,1.0,100.0,80.0,,14.0,0.5625,9682.5,74645802.5,770.0
15394,1001.0,21.0,1.0,100.0,80.0,,15.0,0.8875,9683.3875,74655485.8875,770.0
15395,1001.0,21.0,1.0,100.0,80.0,,16.0,0.7125,9684.1,74665169.9875,770.0
15396,1001.0,21.0,1.0,100.0,80.0,,17.0,1.05,9685.15,74674855.1375,770.0
15397,1001.0,21.0,1.0,100.0,80.0,,18.0,0.8,9685.95,74684541.0875,770.0
15398,1001.0,21.0,1.0,100.0,80.0,,19.0,0.6375,9686.5875,74694227.675,770.0
15399,1001.0,21.0,1.0,100.0,80.0,,20.0,0.05,9686.6375,74703914.3125,770.0
15400,1001.0,21.0,1.0,100.0,80.0,,1.0,0.1125,9686.75,74713601.0625,771.0
15401,1001.0,21.0,1.0,100.0,80.0,,2.0,0.1125,9686.8625,74723287.925,771.0
15402,1001.0,21.0,1.0,100.0,80.0,,3.0,1.025,9687.8875,74732975.8125,771.0
15403,1001.0,21.0,1.0,100.0,80.0,,4.0,0.5625,9688.45,74742664.2625,771.0
15404,1001.0,21.0,1.0,100.0,80.0,,5.0,0.9625,9689.4125,74752353.675,771.0
15405,1001.0,21.0,1.0,100.0,80.0,,6.0,1.2125,9690.625,74762044.3,771.0
15406,1001.0,21.0,1.0,100.0,80.0,,7.0,1.025,9691.65,74771735.95,771.0
15407,1001.0,21.0,1.0,100.0,80.0,,8.0,1.1375,9692.7875,74781428.7375,771.0
15408,1001.0,21.0,1.0,100.0,80.0,,9.0,0.575,9693.3625,74791122.1,771.0
15409,1001.0,21.0,1.0,100.0,80.0,,10.0,0.3375,9693.7,74800815.8,771.0
15410,1001.0,21.0,1.0,100.0,80.0,,11.0,0.1,9693.8,74810509.6,771.0
15411,1001.0,21.0,1.0,100.0,80.0,,12.0,1.1,9694.9,74820204.5,771.0
15412,1001.0,21.0,1.0,100.0,80.0,,13.0,0.8125,9695.7125,74829900.2125,771.0
15413,1001.0,21.0,1.0,100.0,80.0,,14.0,0.6,9696.3125,74839596.525,771.0
15414,1001.0,21.0,1.0,100.0,80.0,,15.0,0.5875,9696.9,74849293.425,771.0
15415,1001.0,21.0,1.0,100.0,80.0,,16.0,0.6875,9697.5875,74858991.0125,771.0
15416,1001.0,21.0,1.0,100.0,80.0,,17.0,0.475,9698.0625,74868689.075,771.0
15417,1001.0,21.0,1.0,100.0,80.0,,18.0,0.15,9698.2125,74878387.2875,771.0
15418,1001.0,21.0,1.0,100.0,80.0,,19.0,0.2875,9698.5,74888085.7875,771.0
15419,1001.0,21.0,1.0,100.0,80.0,,20.0,0.5,9699.0,74897784.7875,771.0
15420,1001.0,21.0,1.0,100.0,80.0,,1.0,0.7,9699.7,74907484.4875,772.0
15421,1001.0,21.0,1.0,100.0,80.0,,2.0,0.075,9699.775,74917184.2625,772.0
15422,1001.0,21.0,1.0,100.0,80.0,,3.0,1.0,9700.775,74926885.0375,772.0
15423,1001.0,21.0,1.0,100.0,80.0,,4.0,0.4625,9701.2375,74936586.275,772.0
15424,1001.0,21.0,1.0,100.0,80.0,,5.0,0.325,9701.5625,74946287.8375,772.0
15425,1001.0,21.0,1.0,100.0,80.0,,6.0,0.5625,9702.125,74955989.9625,772.0
15426,1001.0,21.0,1.0,100.0,80.0,,7.0,0.9125,9703.0375,74965693.0,772.0
15427,1001.0,21.0,1.0,100.0,80.0,,8.0,0.675,9703.7125,74975396.7125,772.0
15428,1001.0,21.0,1.0,100.0,80.0,,9.0,0.15,9703.8625,74985100.575,772.0
15429,1001.0,21.0,1.0,100.0,80.0,,10.0,1.0375,9704.9,74994805.475,772.0
15430,1001.0,21.0,1.0,100.0,80.0,,11.0,0.0125,9704.9125,75004510.3875,772.0
15431,1001.0,21.0,1.0,100.0,80.0,,12.0,0.1125,9705.025,75014215.4125,772.0
15432,1001.0,21.0,1.0,100.0,80.0,,13.0,1.0625,9706.0875,75023921.5,772.0
15433,1001.0,21.0,1.0,100.0,80.0,,14.0,1.2375,9707.325,75033628.825,772.0
15434,1001.0,21.0,1.0,100.0,80.0,,15.0,1.0875,9708.4125,75043337.2375,772.0
15435,1001.0,21.0,1.0,100.0,80.0,,16.0,0.5,9708.9125,75053046.15,772.0
15436,1001.0,21.0,1.0,100.0,80.0,,17.0,1.1125,9710.025,75062756.175,772.0
15437,1001.0,21.0,1.0,100.0,80.0,,18.0,1.2125,9711.2375,75072467.4125,772.0
15438,1001.0,21.0,1.0,100.0,80.0,,19.0,0.425,9711.6625,75082179.075,772.0
15439,1001.0,21.0,1.0,100.0,80.0,,20.0,0.575,9712.2375,75091891.3125,772.0
15440,1001.0,21.0,1.0,100.0,80.0,,1.0,0.175,9712.4125,75101603.725,773.0
15441,1001.0,21.0,1.0,100.0,80.0,,2.0,0.3,9712.7125,75111316.4375,773.0
15442,1001.0,21.0,1.0,100.0,80.0,,3.0,1.1875,9713.9,75121030.3375,773.0
15443,1001.0,21.0,1.0,100.0,80.0,,4.0,1.0125,9714.9125,75130745.25,773.0
15444,1001.0,21.0,1.0,100.0,80.0,,5.0,0.2375,9715.15,75140460.4,773.0
15445,1001.0,21.0,1.0,100.0,80.0,,6.0,0.075,9715.225,75150175.625,773.0
15446,1001.0,21.0,1.0,100.0,80.0,,7.0,1.125,9716.35,75159891.975,773.0
15447,1001.0,21.0,1.0,100.0,80.0,,8.0,1.175,9717.525,75169609.5,773.0
15448,1001.0,21.0,1.0,100.0,80.0,,9.0,0.425,9717.95,75179327.45,773.0
15449,1001.0,21.0,1.0,100.0,80.0,,10.0,1.1,9719.05,75189046.5,773.0
15450,1001.0,21.0,1.0,100.0,80.0,,11.0,0.2125,9719.2625,75198765.7625,773.0
15451,1001.0,21.0,1.0,100.0,80.0,,12.0,0.1625,9719.425,75208485.1875,773.0
15452,1001.0,21.0,1.0,100.0,80.0,,13.0,0.7625,9720.1875,75218205.375,773.0
15453,1001.0,21.0,1.0,100.0,80.0,,14.0,0.825,9721.0125,75227926.3875,773.0
15454,1001.0,21.0,1.0,100.0,80.0,,15.0,0.425,9721.4375,75237647.825,773.0
15455,1001.0,21.0,1.0,100.0,80.0,,16.0,0.6375,9722.075,75247369.9,773.0
15456,1001.0,21.0,1.0,100.0,80.0,,17.0,0.3125,9722.3875,75257092.2875,773.0
15457,1001.0,21.0,1.0,100.0,80.0,,18.0,0.6875,9723.075,75266815.3625,773.0
15458,1001.0,21.0,1.0,100.0,80.0,,19.0,0.4,9723.475,75276538.8375,773.0
15459,1001.0,21.0,1.0,100.0,80.0,,20.0,0.2875,9723.7625,75286262.6,773.0
15460,1001.0,21.0,1.0,100.0,80.0,,1.0,0.025,9723.7875,75295986.3875,774.0
15461,1001.0,21.0,1.0,100.0,80.0,,2.0,0.1625,9723.95,75305710.3375,774.0
15462,1001.0,21.0,1.0,100.0,80.0,,3.0,0.95,9724.9,75315435.2375,774.0
15463,1001.0,21.0,1.0,100.0,80.0,,4.0,0.5625,9725.4625,75325160.7,774.0
15464,1001.0,21.0,1.0,100.0,80.0,,5.0,0.6,9726.0625,75334886.7625,774.0
15465,1001.0,21.0,1.0,100.0,80.0,,6.0,0.3625,9726.425,75344613.1875,774.0
15466,1001.0,21.0,1.0,100.0,80.0,,7.0,0.2375,9726.6625,75354339.85,774.0
15467,1001.0,21.0,1.0,100.0,80.0,,8.0,1.1375,9727.8,75364067.65,774.0
15468,1001.0,21.0,1.0,100.0,80.0,,9.0,0.7625,9728.5625,75373796.2125,774.0
15469,1001.0,21.0,1.0,100.0,80.0,,10.0,0.95,9729.5125,75383525.725,774.0
15470,1001.0,21.0,1.0,100.0,80.0,,11.0,1.2125,9730.725,75393256.45,774.0
15471,1001.0,21.0,1.0,100.0,80.0,,12.0,1.2,9731.925,75402988.375,774.0
15472,1001.0,21.0,1.0,100.0,80.0,,13.0,1.1125,9733.0375,75412721.4125,774.0
15473,1001.0,21.0,1.0,100.0,80.0,,14.0,0.7125,9733.75,75422455.1625,774.0
15474,1001.0,21.0,1.0,100.0,80.0,,15.0,0.7125,9734.4625,75432189.625,774.0
15475,1001.0,21.0,1.0,100.0,80.0,,16.0,0.725,9735.1875,75441924.8125,774.0
15476,1001.0,21.0,1.0,100.0,80.0,,17.0,1.0,9736.1875,75451661.0,774.0
15477,1001.0,21.0,1.0,100.0,80.0,,18.0,0.95,9737.1375,75461398.1375,774.0
15478,1001.0,21.0,1.0,100.0,80.0,,19.0,0.2375,9737.375,75471135.5125,774.0
15479,1001.0,21.0,1.0,100.0,80.0,,20.0,0.125,9737.5,75480873.0125,774.0
15480,1001.0,21.0,1.0,100.0,80.0,,1.0,1.05,9738.55,75490611.5625,775.0
15481,1001.0,21.0,1.0,100.0,80.0,,2.0,0.375,9738.925,75500350.4875,775.0
15482,1001.0,21.0,1.0,100.0,80.0,,3.0,0.5125,9739.4375,75510089.925,775.0
15483,1001.0,21.0,1.0,100.0,80.0,,4.0,0.7875,9740.225,75519830.15,775.0
15484,1001.0,21.0,1.0,100.0,80.0,,5.0,0.8625,9741.0875,75529571.2375,775.0
15485,1001.0,21.0,1.0,100.0,80.0,,6.0,0.2125,9741.3,75539312.5375,775.0
15486,1001.0,21.0,1.0,100.0,80.0,,7.0,1.1875,9742.4875,75549055.025,775.0
15487,1001.0,21.0,1.0,100.0,80.0,,8.0,0.4375,9742.925,75558797.95,775.0
15488,1001.0,21.0,1.0,100.0,80.0,,9.0,1.1375,9744.0625,75568542.0125,775.0
15489,1001.0,21.0,1.0,100.0,80.0,,10.0,0.2875,9744.35,75578286.3625,775.0
15490,1001.0,21.0,1.0,100.0,80.0,,11.0,0.6875,9745.0375,75588031.4,775.0
15491,1001.0,21.0,1.0,100.0,80.0,,12.0,0.7375,9745.775,75597777.175,775.0
15492,1001.0,21.0,1.0,100.0,80.0,,13.0,0.6,9746.375,75607523.55,775.0
15493,1001.0,21.0,1.0,100.0,80.0,,14.0,0.4625,9746.8375,75617270.3875,775.0
15494,1001.0,21.0,1.0,100.0,80.0,,15.0,0.5625,9747.4,75627017.7875,775.0
15495,1001.0,21.0,1.0,100.0,80.0,,16.0,1.125,9748.525,75636766.3125,775.0
15496,1001.0,21.0,1.0,100.0,80.0,,17.0,0.2125,9748.7375,75646515.05,775.0
15497,1001.0,21.0,1.0,100.0,80.0,,18.0,1.0375,9749.775,75656264.825,775.0
15498,1001.0,21.0,1.0,100.0,80.0,,19.0,0.8375,9750.6125,75666015.4375,775.0
15499,1001.0,21.0,1.0,100.0,80.0,,20.0,0.775,9751.3875,75675766.825,775.0
15500,1001.0,21.0,1.0,100.0,80.0,,1.0,0.05,9751.4375,75685518.2625,776.0
15501,1001.0,21.0,1.0,100.0,80.0,,2.0,0.025,9751.4625,75695269.725,776.0
15502,1001.0,21.0,1.0,100.0,80.0,,3.0,0.675,9752.1375,75705021.8625,776.0
15503,1001.0,21.0,1.0,100.0,80.0,,4.0,0.1875,9752.325,75714774.1875,776.0
15504,1001.0,21.0,1.0,100.0,80.0,,5.0,1.2125,9753.5375,75724527.725,776.0
15505,1001.0,21.0,1.0,100.0,80.0,,6.0,1.1125,9754.65,75734282.375,776.0
15506,1001.0,21.0,1.0,100.0,80.0,,7.0,1.0875,9755.7375,75744038.1125,776.0
15507,1001.0,21.0,1.0,100.0,80.0,,8.0,0.075,9755.8125,75753793.925,776.0
15508,1001.0,21.0,1.0,100.0,80.0,,9.0,0.6,9756.4125,75763550.3375,776.0
15509,1001.0,21.0,1.0,100.0,80.0,,10.0,0.7875,9757.2,75773307.5375,776.0
15510,1001.0,21.0,1.0,100.0,80.0,,11.0,0.1625,9757.3625,75783064.9,776.0
15511,1001.0,21.0,1.0,100.0,80.0,,12.0,0.575,9757.9375,75792822.8375,776.0
15512,1001.0,21.0,1.0,100.0,80.0,,13.0,0.475,9758.4125,75802581.25,776.0
15513,1001.0,21.0,1.0,100.0,80.0,,14.0,1.2375,9759.65,75812340.9,776.0
15514,1001.0,21.0,1.0,100.0,80.0,,15.0,0.6,9760.25,75822101.15,776.0
15515,1001.0,21.0,1.0,100.0,80.0,,16.0,0.975,9761.225,75831862.375,776.0
15516,1001.0,21.0,1.0,100.0,80.0,,17.0,0.6625,9761.8875,75841624.2625,776.0
15517,1001.0,21.0,1.0,100.0,80.0,,18.0,0.475,9762.3625,75851386.625,776.0
15518,1001.0,21.0,1.0,100.0,80.0,,19.0,0.3,9762.6625,75861149.2875,776.0
15519,1001.0,21.0,1.0,100.0,80.0,,20.0,1.0375,9763.7,75870912.9875,776.0
15520,1001.0,21.0,1.0,100.0,80.0,,1.0,0.35,9764.05,75880677.0375,777.0
15521,1001.0,21.0,1.0,100.0,80.0,,2.0,0.2375,9764.2875,75890441.325,777.0
15522,1001.0,21.0,1.0,100.0,80.0,,3.0,0.25,9764.5375,75900205.8625,777.0
15523,1001.0,21.0,1.0,100.0,80.0,,4.0,0.4125,9764.95,75909970.8125,777.0
15524,1001.0,21.0,1.0,100.0,80.0,,5.0,1.175,9766.125,75919736.9375,777.0
15525,1001.0,21.0,1.0,100.0,80.0,,6.0,0.5625,9766.6875,75929503.625,777.0
15526,1001.0,21.0,1.0,100.0,80.0,,7.0,0.825,9767.5125,75939271.1375,777.0
15527,1001.0,21.0,1.0,100.0,80.0,,8.0,0.3,9767.8125,75949038.95,777.0
15528,1001.0,21.0,1.0,100.0,80.0,,9.0,0.05,9767.8625,75958806.8125,777.0
15529,1001.0,21.0,1.0,100.0,80.0,,10.0,1.2,9769.0625,75968575.875,777.0
15530,1001.0,21.0,1.0,100.0,80.0,,11.0,0.7875,9769.85,75978345.725,777.0
15531,1001.0,21.0,1.0,100.0,80.0,,12.0,0.5625,9770.4125,75988116.1375,777.0
15532,1001.0,21.0,1.0,100.0,80.0,,13.0,1.1625,9771.575,75997887.7125,777.0
15533,1001.0,21.0,1.0,100.0,80.0,,14.0,0.575,9772.15,76007659.8625,777.0
15534,1001.0,21.0,1.0,100.0,80.0,,15.0,1.2,9773.35,76017433.2125,777.0
15535,1001.0,21.0,1.0,100.0,80.0,,16.0,1.025,9774.375,76027207.5875,777.0
15536,1001.0,21.0,1.0,100.0,80.0,,17.0,0.85,9775.225,76036982.8125,777.0
15537,1001.0,21.0,1.0,100.0,80.0,,18.0,0.0625,9775.2875,76046758.1,777.0
15538,1001.0,21.0,1.0,100.0,80.0,,19.0,0.075,9775.3625,76056533.4625,777.0
15539,1001.0,21.0,1.0,100.0,80.0,,20.0,0.1375,9775.5,76066308.9625,777.0
15540,1001.0,21.0,1.0,100.0,80.0,,1.0,0.175,9775.675,76076084.6375,778.0
15541,1001.0,21.0,1.0,100.0,80.0,,2.0,0.7625,9776.4375,76085861.075,778.0
15542,1001.0,21.0,1.0,100.0,80.0,,3.0,1.0125,9777.45,76095638.525,778.0
15543,1001.0,21.0,1.0,100.0,80.0,,4.0,0.1125,9777.5625,76105416.0875,778.0
15544,1001.0,21.0,1.0,100.0,80.0,,5.0,0.25,9777.8125,76115193.9,778.0
15545,1001.0,21.0,1.0,100.0,80.0,,6.0,0.225,9778.0375,76124971.9375,778.0
15546,1001.0,21.0,1.0,100.0,80.0,,7.0,0.6375,9778.675,76134750.6125,778.0
15547,1001.0,21.0,1.0,100.0,80.0,,8.0,0.7,9779.375,76144529.9875,778.0
15548,1001.0,21.0,1.0,100.0,80.0,,9.0,1.1,9780.475,76154310.4625,778.0
15549,1001.0,21.0,1.0,100.0,80.0,,10.0,0.7125,9781.1875,76164091.65,778.0
15550,1001.0,21.0,1.0,100.0,80.0,,11.0,0.8625,9782.05,76173873.7,778.0
15551,1001.0,21.0,1.0,100.0,80.0,,12.0,0.8625,9782.9125,76183656.6125,778.0
15552,1001.0,21.0,1.0,100.0,80.0,,13.0,0.9,9783.8125,76193440.425,778.0
15553,1001.0,21.0,1.0,100.0,80.0,,14.0,0.9875,9784.8,76203225.225,778.0
15554,1001.0,21.0,1.0,100.0,80.0,,15.0,0.875,9785.675,76213010.9,778.0
15555,1001.0,21.0,1.0,100.0,80.0,,16.0,0.8,9786.475,76222797.375,778.0
15556,1001.0,21.0,1.0,100.0,80.0,,17.0,0.325,9786.8,76232584.175,778.0
15557,1001.0,21.0,1.0,100.0,80.0,,18.0,0.8625,9787.6625,76242371.8375,778.0
15558,1001.0,21.0,1.0,100.0,80.0,,19.0,0.125,9787.7875,76252159.625,778.0
15559,1001.0,21.0,1.0,100.0,80.0,,20.0,1.225,9789.0125,76261948.6375,778.0
15560,1001.0,21.0,1.0,100.0,80.0,,1.0,1.1125,9790.125,76271738.7625,779.0
15561,1001.0,21.0,1.0,100.0,80.0,,2.0,0.0375,9790.1625,76281528.925,779.0
15562,1001.0,21.0,1.0,100.0,80.0,,3.0,0.35,9790.5125,76291319.4375,779.0
15563,1001.0,21.0,1.0,100.0,80.0,,4.0,0.05,9790.5625,76301110.0,779.0
15564,1001.0,21.0,1.0,100.0,80.0,,5.0,0.9,9791.4625,76310901.4625,779.0
15565,1001.0,21.0,1.0,100.0,80.0,,6.0,0.575,9792.0375,76320693.5,779.0
15566,1001.0,21.0,1.0,100.0,80.0,,7.0,0.075,9792.1125,76330485.6125,779.0
15567,1001.0,21.0,1.0,100.0,80.0,,8.0,0.75,9792.8625,76340278.475,779.0
15568,1001.0,21.0,1.0,100.0,80.0,,9.0,0.325,9793.1875,76350071.6625,779.0
15569,1001.0,21.0,1.0,100.0,80.0,,10.0,0.4875,9793.675,76359865.3375,779.0
15570,1001.0,21.0,1.0,100.0,80.0,,11.0,0.75,9794.425,76369659.7625,779.0
15571,1001.0,21.0,1.0,100.0,80.0,,12.0,0.9125,9795.3375,76379455.1,779.0
15572,1001.0,21.0,1.0,100.0,80.0,,13.0,0.7875,9796.125,76389251.225,779.0
15573,1001.0,21.0,1.0,100.0,80.0,,14.0,0.325,9796.45,76399047.675,779.0
15574,1001.0,21.0,1.0,100.0,80.0,,15.0,1.05,9797.5,76408845.175,779.0
15575,1001.0,21.0,1.0,100.0,80.0,,16.0,1.175,9798.675,76418643.85,779.0
15576,1001.0,21.0,1.0,100.0,80.0,,17.0,1.175,9799.85,76428443.7,779.0
15577,1001.0,21.0,1.0,100.0,80.0,,18.0,1.1,9800.95,76438244.65,779.0
15578,1001.0,21.0,1.0,100.0,80.0,,19.0,0.075,9801.025,76448045.675,779.0
15579,1001.0,21.0,1.0,100.0,80.0,,20.0,0.4375,9801.4625,76457847.1375,779.0
15580,1001.0,21.0,1.0,100.0,80.0,,1.0,0.8125,9802.275,76467649.4125,780.0
15581,1001.0,21.0,1.0,100.0,80.0,,2.0,0.25,9802.525,76477451.9375,780.0
15582,1001.0,21.0,1.0,100.0,80.0,,3.0,0.8,9803.325,76487255.2625,780.0
15583,1001.0,21.0,1.0,100.0,80.0,,4.0,1.0375,9804.3625,76497059.625,780.0
15584,1001.0,21.0,1.0,100.0,80.0,,5.0,1.15,9805.5125,76506865.1375,780.0
15585,1001.0,21.0,1.0,100.0,80.0,,6.0,0.6875,9806.2,76516671.3375,780.0
15586,1001.0,21.0,1.0,100.0,80.0,,7.0,0.1125,9806.3125,76526477.65,780.0
15587,1001.0,21.0,1.0,100.0,80.0,,8.0,0.3,9806.6125,76536284.2625,780.0
15588,1001.0,21.0,1.0,100.0,80.0,,9.0,0.775,9807.3875,76546091.65,780.0
15589,1001.0,21.0,1.0,100.0,80.0,,10.0,0.3625,9807.75,76555899.4,780.0
15590,1001.0,21.0,1.0,100.0,80.0,,11.0,1.1625,9808.9125,76565708.3125,780.0
15591,1001.0,21.0,1.0,100.0,80.0,,12.0,0.475,9809.3875,76575517.7,780.0
15592,1001.0,21.0,1.0,100.0,80.0,,13.0,0.8625,9810.25,76585327.95,780.0
15593,1001.0,21.0,1.0,100.0,80.0,,14.0,0.3,9810.55,76595138.5,780.0
15594,1001.0,21.0,1.0,100.0,80.0,,15.0,0.4875,9811.0375,76604949.5375,780.0
15595,1001.0,21.0,1.0,100.0,80.0,,16.0,0.5875,9811.625,76614761.1625,780.0
15596,1001.0,21.0,1.0,100.0,80.0,,17.0,0.25,9811.875,76624573.0375,780.0
15597,1001.0,21.0,1.0,100.0,80.0,,18.0,0.2875,9812.1625,76634385.2,780.0
15598,1001.0,21.0,1.0,100.0,80.0,,19.0,0.5,9812.6625,76644197.8625,780.0
15599,1001.0,21.0,1.0,100.0,80.0,,20.0,0.5375,9813.2,76654011.0625,780.0
15600,1001.0,21.0,1.0,100.0,80.0,,1.0,1.05,9814.25,76663825.3125,781.0
15601,1001.0,21.0,1.0,100.0,80.0,,2.0,0.875,9815.125,76673640.4375,781.0
15602,1001.0,21.0,1.0,100.0,80.0,,3.0,0.3875,9815.5125,76683455.95,781.0
15603,1001.0,21.0,1.0,100.0,80.0,,4.0,0.2125,9815.725,76693271.675,781.0
15604,1001.0,21.0,1.0,100.0,80.0,,5.0,0.2,9815.925,76703087.6,781.0
15605,1001.0,21.0,1.0,100.0,80.0,,6.0,0.6625,9816.5875,76712904.1875,781.0
15606,1001.0,21.0,1.0,100.0,80.0,,7.0,0.275,9816.8625,76722721.05,781.0
15607,1001.0,21.0,1.0,100.0,80.0,,8.0,0.4,9817.2625,76732538.3125,781.0
15608,1001.0,21.0,1.0,100.0,80.0,,9.0,0.375,9817.6375,76742355.95,781.0
15609,1001.0,21.0,1.0,100.0,80.0,,10.0,1.125,9818.7625,76752174.7125,781.0
15610,1001.0,21.0,1.0,100.0,80.0,,11.0,1.0,9819.7625,76761994.475,781.0
15611,1001.0,21.0,1.0,100.0,80.0,,12.0,0.7,9820.4625,76771814.9375,781.0
15612,1001.0,21.0,1.0,100.0,80.0,,13.0,0.325,9820.7875,76781635.725,781.0
15613,1001.0,21.0,1.0,100.0,80.0,,14.0,0.6625,9821.45,76791457.175,781.0
15614,1001.0,21.0,1.0,100.0,80.0,,15.0,0.325,9821.775,76801278.95,781.0
15615,1001.0,21.0,1.0,100.0,80.0,,16.0,0.425,9822.2,76811101.15,781.0
15616,1001.0,21.0,1.0,100.0,80.0,,17.0,1.05,9823.25,76820924.4,781.0
15617,1001.0,21.0,1.0,100.0,80.0,,18.0,1.0125,9824.2625,76830748.6625,781.0
15618,1001.0,21.0,1.0,100.0,80.0,,19.0,1.05,9825.3125,76840573.975,781.0
15619,1001.0,21.0,1.0,100.0,80.0,,20.0,0.1625,9825.475,76850399.45,781.0
15620,1001.0,21.0,1.0,100.0,80.0,,1.0,1.0125,9826.4875,76860225.9375,782.0
15621,1001.0,21.0,1.0,100.0,80.0,,2.0,0.5625,9827.05,76870052.9875,782.0
15622,1001.0,21.0,1.0,100.0,80.0,,3.0,1.0875,9828.1375,76879881.125,782.0
15623,1001.0,21.0,1.0,100.0,80.0,,4.0,0.475,9828.6125,76889709.7375,782.0
15624,1001.0,21.0,1.0,100.0,80.0,,5.0,0.5125,9829.125,76899538.8625,782.0
15625,1001.0,21.0,1.0,100.0,80.0,,6.0,1.0,9830.125,76909368.9875,782.0
15626,1001.0,21.0,1.0,100.0,80.0,,7.0,1.05,9831.175,76919200.1625,782.0
15627,1001.0,21.0,1.0,100.0,80.0,,8.0,0.8125,9831.9875,76929032.15,782.0
15628,1001.0,21.0,1.0,100.0,80.0,,9.0,0.8125,9832.8,76938864.95,782.0
15629,1001.0,21.0,1.0,100.0,80.0,,10.0,0.65,9833.45,76948698.4,782.0
15630,1001.0,21.0,1.0,100.0,80.0,,11.0,0.575,9834.025,76958532.425,782.0
15631,1001.0,21.0,1.0,100.0,80.0,,12.0,1.075,9835.1,76968367.525,782.0
15632,1001.0,21.0,1.0,100.0,80.0,,13.0,0.4,9835.5,76978203.025,782.0
15633,1001.0,21.0,1.0,100.0,80.0,,14.0,1.0375,9836.5375,76988039.5625,782.0
15634,1001.0,21.0,1.0,100.0,80.0,,15.0,0.2,9836.7375,76997876.3,782.0
15635,1001.0,21.0,1.0,100.0,80.0,,16.0,1.1125,9837.85,77007714.15,782.0
15636,1001.0,21.0,1.0,100.0,80.0,,17.0,0.55,9838.4,77017552.55,782.0
15637,1001.0,21.0,1.0,100.0,80.0,,18.0,0.9875,9839.3875,77027391.9375,782.0
15638,1001.0,21.0,1.0,100.0,80.0,,19.0,0.925,9840.3125,77037232.25,782.0
15639,1001.0,21.0,1.0,100.0,80.0,,20.0,0.15,9840.4625,77047072.7125,782.0
15640,1001.0,21.0,1.0,100.0,80.0,,1.0,1.225,9841.6875,77056914.4,783.0
15641,1001.0,21.0,1.0,100.0,80.0,,2.0,0.675,9842.3625,77066756.7625,783.0
15642,1001.0,21.0,1.0,100.0,80.0,,3.0,0.3125,9842.675,77076599.4375,783.0
15643,1001.0,21.0,1.0,100.0,80.0,,4.0,0.5,9843.175,77086442.6125,783.0
15644,1001.0,21.0,1.0,100.0,80.0,,5.0,0.1625,9843.3375,77096285.95,783.0
15645,1001.0,21.0,1.0,100.0,80.0,,6.0,0.35,9843.6875,77106129.6375,783.0
15646,1001.0,21.0,1.0,100.0,80.0,,7.0,0.4625,9844.15,77115973.7875,783.0
15647,1001.0,21.0,1.0,100.0,80.0,,8.0,0.6875,9844.8375,77125818.625,783.0
15648,1001.0,21.0,1.0,100.0,80.0,,9.0,1.1125,9845.95,77135664.575,783.0
15649,1001.0,21.0,1.0,100.0,80.0,,10.0,0.8,9846.75,77145511.325,783.0
15650,1001.0,21.0,1.0,100.0,80.0,,11.0,1.15,9847.9,77155359.225,783.0
15651,1001.0,21.0,1.0,100.0,80.0,,12.0,0.6125,9848.5125,77165207.7375,783.0
15652,1001.0,21.0,1.0,100.0,80.0,,13.0,0.8625,9849.375,77175057.1125,783.0
15653,1001.0,21.0,1.0,100.0,80.0,,14.0,0.9125,9850.2875,77184907.4,783.0
15654,1001.0,21.0,1.0,100.0,80.0,,15.0,0.7125,9851.0,77194758.4,783.0
15655,1001.0,21.0,1.0,100.0,80.0,,16.0,0.75,9851.75,77204610.15,783.0
15656,1001.0,21.0,1.0,100.0,80.0,,17.0,0.8375,9852.5875,77214462.7375,783.0
15657,1001.0,21.0,1.0,100.0,80.0,,18.0,0.425,9853.0125,77224315.75,783.0
15658,1001.0,21.0,1.0,100.0,80.0,,19.0,0.95,9853.9625,77234169.7125,783.0
15659,1001.0,21.0,1.0,100.0,80.0,,20.0,0.425,9854.3875,77244024.1,783.0
15660,1001.0,21.0,1.0,100.0,80.0,,1.0,0.575,9854.9625,77253879.0625,784.0
15661,1001.0,21.0,1.0,100.0,80.0,,2.0,0.6875,9855.65,77263734.7125,784.0
15662,1001.0,21.0,1.0,100.0,80.0,,3.0,0.3,9855.95,77273590.6625,784.0
15663,1001.0,21.0,1.0,100.0,80.0,,4.0,1.2125,9857.1625,77283447.825,784.0
15664,1001.0,21.0,1.0,100.0,80.0,,5.0,1.025,9858.1875,77293306.0125,784.0
15665,1001.0,21.0,1.0,100.0,80.0,,6.0,0.8375,9859.025,77303165.0375,784.0
15666,1001.0,21.0,1.0,100.0,80.0,,7.0,0.7,9859.725,77313024.7625,784.0
15667,1001.0,21.0,1.0,100.0,80.0,,8.0,0.5375,9860.2625,77322885.025,784.0
15668,1001.0,21.0,1.0,100.0,80.0,,9.0,0.775,9861.0375,77332746.0625,784.0
15669,1001.0,21.0,1.0,100.0,80.0,,10.0,0.0875,9861.125,77342607.1875,784.0
15670,1001.0,21.0,1.0,100.0,80.0,,11.0,0.325,9861.45,77352468.6375,784.0
15671,1001.0,21.0,1.0,100.0,80.0,,12.0,0.275,9861.725,77362330.3625,784.0
15672,1001.0,21.0,1.0,100.0,80.0,,13.0,1.125,9862.85,77372193.2125,784.0
15673,1001.0,21.0,1.0,100.0,80.0,,14.0,0.5125,9863.3625,77382056.575,784.0
15674,1001.0,21.0,1.0,100.0,80.0,,15.0,0.9625,9864.325,77391920.9,784.0
15675,1001.0,21.0,1.0,100.0,80.0,,16.0,0.6875,9865.0125,77401785.9125,784.0
15676,1001.0,21.0,1.0,100.0,80.0,,17.0,0.8375,9865.85,77411651.7625,784.0
15677,1001.0,21.0,1.0,100.0,80.0,,18.0,0.5125,9866.3625,77421518.125,784.0
15678,1001.0,21.0,1.0,100.0,80.0,,19.0,0.45,9866.8125,77431384.9375,784.0
15679,1001.0,21.0,1.0,100.0,80.0,,20.0,0.925,9867.7375,77441252.675,784.0
15680,1001.0,21.0,1.0,100.0,80.0,,1.0,0.1,9867.8375,77451120.5125,785.0
15681,1001.0,21.0,1.0,100.0,80.0,,2.0,0.925,9868.7625,77460989.275,785.0
15682,1001.0,21.0,1.0,100.0,80.0,,3.0,0.075,9868.8375,77470858.1125,785.0
15683,1001.0,21.0,1.0,100.0,80.0,,4.0,0.15,9868.9875,77480727.1,785.0
15684,1001.0,21.0,1.0,100.0,80.0,,5.0,0.4625,9869.45,77490596.55,785.0
15685,1001.0,21.0,1.0,100.0,80.0,,6.0,0.3375,9869.7875,77500466.3375,785.0
15686,1001.0,21.0,1.0,100.0,80.0,,7.0,1.025,9870.8125,77510337.15,785.0
15687,1001.0,21.0,1.0,100.0,80.0,,8.0,1.2,9872.0125,77520209.1625,785.0
15688,1001.0,21.0,1.0,100.0,80.0,,9.0,0.4125,9872.425,77530081.5875,785.0
15689,1001.0,21.0,1.0,100.0,80.0,,10.0,0.2125,9872.6375,77539954.225,785.0
15690,1001.0,21.0,1.0,100.0,80.0,,11.0,1.2125,9873.85,77549828.075,785.0
15691,1001.0,21.0,1.0,100.0,80.0,,12.0,0.8375,9874.6875,77559702.7625,785.0
15692,1001.0,21.0,1.0,100.0,80.0,,13.0,0.425,9875.1125,77569577.875,785.0
15693,1001.0,21.0,1.0,100.0,80.0,,14.0,0.375,9875.4875,77579453.3625,785.0
15694,1001.0,21.0,1.0,100.0,80.0,,15.0,0.4875,9875.975,77589329.3375,785.0
15695,1001.0,21.0,1.0,100.0,80.0,,16.0,1.0625,9877.0375,77599206.375,785.0
15696,1001.0,21.0,1.0,100.0,80.0,,17.0,0.925,9877.9625,77609084.3375,785.0
15697,1001.0,21.0,1.0,100.0,80.0,,18.0,0.1625,9878.125,77618962.4625,785.0
15698,1001.0,21.0,1.0,100.0,80.0,,19.0,1.025,9879.15,77628841.6125,785.0
15699,1001.0,21.0,1.0,100.0,80.0,,20.0,0.675,9879.825,77638721.4375,785.0
15700,1001.0,21.0,1.0,100.0,80.0,,1.0,0.1625,9879.9875,77648601.425,786.0
15701,1001.0,21.0,1.0,100.0,80.0,,2.0,0.3875,9880.375,77658481.8,786.0
15702,1001.0,21.0,1.0,100.0,80.0,,3.0,0.0625,9880.4375,77668362.2375,786.0
15703,1001.0,21.0,1.0,100.0,80.0,,4.0,0.9875,9881.425,77678243.6625,786.0
15704,1001.0,21.0,1.0,100.0,80.0,,5.0,1.05,9882.475,77688126.1375,786.0
15705,1001.0,21.0,1.0,100.0,80.0,,6.0,1.0125,9883.4875,77698009.625,786.0
15706,1001.0,21.0,1.0,100.0,80.0,,7.0,1.175,9884.6625,77707894.2875,786.0
15707,1001.0,21.0,1.0,100.0,80.0,,8.0,0.2875,9884.95,77717779.2375,786.0
15708,1001.0,21.0,1.0,100.0,80.0,,9.0,1.075,9886.025,77727665.2625,786.0
15709,1001.0,21.0,1.0,100.0,80.0,,10.0,0.2125,9886.2375,77737551.5,786.0
15710,1001.0,21.0,1.0,100.0,80.0,,11.0,1.15,9887.3875,77747438.8875,786.0
15711,1001.0,21.0,1.0,100.0,80.0,,12.0,1.1,9888.4875,77757327.375,786.0
15712,1001.0,21.0,1.0,100.0,80.0,,13.0,1.2,9889.6875,77767217.0625,786.0
15713,1001.0,21.0,1.0,100.0,80.0,,14.0,0.975,9890.6625,77777107.725,786.0
15714,1001.0,21.0,1.0,100.0,80.0,,15.0,0.15,9890.8125,77786998.5375,786.0
15715,1001.0,21.0,1.0,100.0,80.0,,16.0,0.7625,9891.575,77796890.1125,786.0
15716,1001.0,21.0,1.0,100.0,80.0,,17.0,1.15,9892.725,77806782.8375,786.0
15717,1001.0,21.0,1.0,100.0,80.0,,18.0,0.65,9893.375,77816676.2125,786.0
15718,1001.0,21.0,1.0,100.0,80.0,,19.0,1.025,9894.4,77826570.6125,786.0
15719,1001.0,21.0,1.0,100.0,80.0,,20.0,0.6125,9895.0125,77836465.625,786.0
15720,1001.0,21.0,1.0,100.0,80.0,,1.0,0.1125,9895.125,77846360.75,787.0
15721,1001.0,21.0,1.0,100.0,80.0,,2.0,0.25,9895.375,77856256.125,787.0
15722,1001.0,21.0,1.0,100.0,80.0,,3.0,0.575,9895.95,77866152.075,787.0
15723,1001.0,21.0,1.0,100.0,80.0,,4.0,0.75,9896.7,77876048.775,787.0
15724,1001.0,21.0,1.0,100.0,80.0,,5.0,0.5875,9897.2875,77885946.0625,787.0
15725,1001.0,21.0,1.0,100.0,80.0,,6.0,0.1875,9897.475,77895843.5375,787.0
15726,1001.0,21.0,1.0,100.0,80.0,,7.0,0.85,9898.325,77905741.8625,787.0
15727,1001.0,21.0,1.0,100.0,80.0,,8.0,0.7125,9899.0375,77915640.9,787.0
15728,1001.0,21.0,1.0,100.0,80.0,,9.0,0.5875,9899.625,77925540.525,787.0
15729,1001.0,21.0,1.0,100.0,80.0,,10.0,0.0625,9899.6875,77935440.2125,787.0
15730,1001.0,21.0,1.0,100.0,80.0,,11.0,0.05,9899.7375,77945339.95,787.0
15731,1001.0,21.0,1.0,100.0,80.0,,12.0,0.8875,9900.625,77955240.575,787.0
15732,1001.0,21.0,1.0,100.0,80.0,,13.0,1.175,9901.8,77965142.375,787.0
15733,1001.0,21.0,1.0,100.0,80.0,,14.0,0.525,9902.325,77975044.7,787.0
15734,1001.0,21.0,1.0,100.0,80.0,,15.0,1.175,9903.5,77984948.2,787.0
15735,1001.0,21.0,1.0,100.0,80.0,,16.0,0.0625,9903.5625,77994851.7625,787.0
15736,1001.0,21.0,1.0,100.0,80.0,,17.0,0.7875,9904.35,78004756.1125,787.0
15737,1001.0,21.0,1.0,100.0,80.0,,18.0,1.15,9905.5,78014661.6125,787.0
15738,1001.0,21.0,1.0,100.0,80.0,,19.0,0.3875,9905.8875,78024567.5,787.0
15739,1001.0,21.0,1.0,100.0,80.0,,20.0,0.675,9906.5625,78034474.0625,787.0
15740,1001.0,21.0,1.0,100.0,80.0,,1.0,0.875,9907.4375,78044381.5,788.0
15741,1001.0,21.0,1.0,100.0,80.0,,2.0,0.825,9908.2625,78054289.7625,788.0
15742,1001.0,21.0,1.0,100.0,80.0,,3.0,0.05,9908.3125,78064198.075,788.0
15743,1001.0,21.0,1.0,100.0,80.0,,4.0,0.35,9908.6625,78074106.7375,788.0
15744,1001.0,21.0,1.0,100.0,80.0,,5.0,0.15,9908.8125,78084015.55,788.0
15745,1001.0,21.0,1.0,100.0,80.0,,6.0,0.85,9909.6625,78093925.2125,788.0
15746,1001.0,21.0,1.0,100.0,80.0,,7.0,0.8625,9910.525,78103835.7375,788.0
15747,1001.0,21.0,1.0,100.0,80.0,,8.0,0.3875,9910.9125,78113746.65,788.0
15748,1001.0,21.0,1.0,100.0,80.0,,9.0,0.9125,9911.825,78123658.475,788.0
15749,1001.0,21.0,1.0,100.0,80.0,,10.0,0.5625,9912.3875,78133570.8625,788.0
15750,1001.0,21.0,1.0,100.0,80.0,,11.0,0.4,9912.7875,78143483.65,788.0
15751,1001.0,21.0,1.0,100.0,80.0,,12.0,0.2875,9913.075,78153396.725,788.0
15752,1001.0,21.0,1.0,100.0,80.0,,13.0,1.2375,9914.3125,78163311.0375,788.0
15753,1001.0,21.0,1.0,100.0,80.0,,14.0,0.9625,9915.275,78173226.3125,788.0
15754,1001.0,21.0,1.0,100.0,80.0,,15.0,0.725,9916.0,78183142.3125,788.0
15755,1001.0,21.0,1.0,100.0,80.0,,16.0,0.15,9916.15,78193058.4625,788.0
15756,1001.0,21.0,1.0,100.0,80.0,,17.0,0.25,9916.4,78202974.8625,788.0
15757,1001.0,21.0,1.0,100.0,80.0,,18.0,1.2375,9917.6375,78212892.5,788.0
15758,1001.0,21.0,1.0,100.0,80.0,,19.0,0.775,9918.4125,78222810.9125,788.0
15759,1001.0,21.0,1.0,100.0,80.0,,20.0,1.075,9919.4875,78232730.4,788.0
15760,1001.0,21.0,1.0,100.0,80.0,,1.0,1.1625,9920.65,78242651.05,789.0
15761,1001.0,21.0,1.0,100.0,80.0,,2.0,0.075,9920.725,78252571.775,789.0
15762,1001.0,21.0,1.0,100.0,80.0,,3.0,0.425,9921.15,78262492.925,789.0
15763,1001.0,21.0,1.0,100.0,80.0,,4.0,0.75,9921.9,78272414.825,789.0
15764,1001.0,21.0,1.0,100.0,80.0,,5.0,0.8125,9922.7125,78282337.5375,789.0
15765,1001.0,21.0,1.0,100.0,80.0,,6.0,0.3625,9923.075,78292260.6125,789.0
15766,1001.0,21.0,1.0,100.0,80.0,,7.0,0.5875,9923.6625,78302184.275,789.0
15767,1001.0,21.0,1.0,100.0,80.0,,8.0,0.675,9924.3375,78312108.6125,789.0
15768,1001.0,21.0,1.0,100.0,80.0,,9.0,0.725,9925.0625,78322033.675,789.0
15769,1001.0,21.0,1.0,100.0,80.0,,10.0,0.8375,9925.9,78331959.575,789.0
15770,1001.0,21.0,1.0,100.0,80.0,,11.0,0.2875,9926.1875,78341885.7625,789.0
15771,1001.0,21.0,1.0,100.0,80.0,,12.0,0.05,9926.2375,78351812.0,789.0
15772,1001.0,21.0,1.0,100.0,80.0,,13.0,0.0875,9926.325,78361738.325,789.0
15773,1001.0,21.0,1.0,100.0,80.0,,14.0,0.55,9926.875,78371665.2,789.0
15774,1001.0,21.0,1.0,100.0,80.0,,15.0,0.125,9927.0,78381592.2,789.0
15775,1001.0,21.0,1.0,100.0,80.0,,16.0,0.9,9927.9,78391520.1,789.0
15776,1001.0,21.0,1.0,100.0,80.0,,17.0,0.6,9928.5,78401448.6,789.0
15777,1001.0,21.0,1.0,100.0,80.0,,18.0,0.85,9929.35,78411377.95,789.0
15778,1001.0,21.0,1.0,100.0,80.0,,19.0,0.6625,9930.0125,78421307.9625,789.0
15779,1001.0,21.0,1.0,100.0,80.0,,20.0,0.0625,9930.075,78431238.0375,789.0
15780,1001.0,21.0,1.0,100.0,80.0,,1.0,1.1375,9931.2125,78441169.25,790.0
15781,1001.0,21.0,1.0,100.0,80.0,,2.0,1.125,9932.3375,78451101.5875,790.0
15782,1001.0,21.0,1.0,100.0,80.0,,3.0,1.0,9933.3375,78461034.925,790.0
15783,1001.0,21.0,1.0,100.0,80.0,,4.0,0.7625,9934.1,78470969.025,790.0
15784,1001.0,21.0,1.0,100.0,80.0,,5.0,0.775,9934.875,78480903.9,790.0
15785,1001.0,21.0,1.0,100.0,80.0,,6.0,1.0625,9935.9375,78490839.8375,790.0
15786,1001.0,21.0,1.0,100.0,80.0,,7.0,0.0875,9936.025,78500775.8625,790.0
15787,1001.0,21.0,1.0,100.0,80.0,,8.0,1.0625,9937.0875,78510712.95,790.0
15788,1001.0,21.0,1.0,100.0,80.0,,9.0,1.1625,9938.25,78520651.2,790.0
15789,1001.0,21.0,1.0,100.0,80.0,,10.0,1.1875,9939.4375,78530590.6375,790.0
15790,1001.0,21.0,1.0,100.0,80.0,,11.0,0.4,9939.8375,78540530.475,790.0
15791,1001.0,21.0,1.0,100.0,80.0,,12.0,0.5,9940.3375,78550470.8125,790.0
15792,1001.0,21.0,1.0,100.0,80.0,,13.0,0.275,9940.6125,78560411.425,790.0
15793,1001.0,21.0,1.0,100.0,80.0,,14.0,0.175,9940.7875,78570352.2125,790.0
15794,1001.0,21.0,1.0,100.0,80.0,,15.0,0.2125,9941.0,78580293.2125,790.0
15795,1001.0,21.0,1.0,100.0,80.0,,16.0,1.0875,9942.0875,78590235.3,790.0
15796,1001.0,21.0,1.0,100.0,80.0,,17.0,0.9375,9943.025,78600178.325,790.0
15797,1001.0,21.0,1.0,100.0,80.0,,18.0,0.6125,9943.6375,78610121.9625,790.0
15798,1001.0,21.0,1.0,100.0,80.0,,19.0,0.875,9944.5125,78620066.475,790.0
15799,1001.0,21.0,1.0,100.0,80.0,,20.0,1.2375,9945.75,78630012.225,790.0
15800,1001.0,21.0,1.0,100.0,80.0,,1.0,0.775,9946.525,78639958.75,791.0
15801,1001.0,21.0,1.0,100.0,80.0,,2.0,0.7,9947.225,78649905.975,791.0
15802,1001.0,21.0,1.0,100.0,80.0,,3.0,1.0875,9948.3125,78659854.2875,791.0
15803,1001.0,21.0,1.0,100.0,80.0,,4.0,1.075,9949.3875,78669803.675,791.0
15804,1001.0,21.0,1.0,100.0,80.0,,5.0,0.7875,9950.175,78679753.85,791.0
15805,1001.0,21.0,1.0,100.0,80.0,,6.0,0.9625,9951.1375,78689704.9875,791.0
15806,1001.0,21.0,1.0,100.0,80.0,,7.0,0.9875,9952.125,78699657.1125,791.0
15807,1001.0,21.0,1.0,100.0,80.0,,8.0,0.35,9952.475,78709609.5875,791.0
15808,1001.0,21.0,1.0,100.0,80.0,,9.0,0.3625,9952.8375,78719562.425,791.0
15809,1001.0,21.0,1.0,100.0,80.0,,10.0,0.15,9952.9875,78729515.4125,791.0
15810,1001.0,21.0,1.0,100.0,80.0,,11.0,0.175,9953.1625,78739468.575,791.0
15811,1001.0,21.0,1.0,100.0,80.0,,12.0,0.2375,9953.4,78749421.975,791.0
15812,1001.0,21.0,1.0,100.0,80.0,,13.0,1.125,9954.525,78759376.5,791.0
15813,1001.0,21.0,1.0,100.0,80.0,,14.0,1.1375,9955.6625,78769332.1625,791.0
15814,1001.0,21.0,1.0,100.0,80.0,,15.0,0.3375,9956.0,78779288.1625,791.0
15815,1001.0,21.0,1.0,100.0,80.0,,16.0,0.65,9956.65,78789244.8125,791.0
15816,1001.0,21.0,1.0,100.0,80.0,,17.0,0.2,9956.85,78799201.6625,791.0
15817,1001.0,21.0,1.0,100.0,80.0,,18.0,0.475,9957.325,78809158.9875,791.0
15818,1001.0,21.0,1.0,100.0,80.0,,19.0,1.225,9958.55,78819117.5375,791.0
15819,1001.0,21.0,1.0,100.0,80.0,,20.0,1.1625,9959.7125,78829077.25,791.0
15820,1001.0,21.0,1.0,100.0,80.0,,1.0,0.875,9960.5875,78839037.8375,792.0
15821,1001.0,21.0,1.0,100.0,80.0,,2.0,1.125,9961.7125,78848999.55,792.0
15822,1001.0,21.0,1.0,100.0,80.0,,3.0,1.0,9962.7125,78858962.2625,792.0
15823,1001.0,21.0,1.0,100.0,80.0,,4.0,1.0875,9963.8,78868926.0625,792.0
15824,1001.0,21.0,1.0,100.0,80.0,,5.0,0.3375,9964.1375,78878890.2,792.0
15825,1001.0,21.0,1.0,100.0,80.0,,6.0,0.975,9965.1125,78888855.3125,792.0
15826,1001.0,21.0,1.0,100.0,80.0,,7.0,0.9375,9966.05,78898821.3625,792.0
15827,1001.0,21.0,1.0,100.0,80.0,,8.0,0.5125,9966.5625,78908787.925,792.0
15828,1001.0,21.0,1.0,100.0,80.0,,9.0,0.1125,9966.675,78918754.6,792.0
15829,1001.0,21.0,1.0,100.0,80.0,,10.0,0.5375,9967.2125,78928721.8125,792.0
15830,1001.0,21.0,1.0,100.0,80.0,,11.0,0.1375,9967.35,78938689.1625,792.0
15831,1001.0,21.0,1.0,100.0,80.0,,12.0,0.225,9967.575,78948656.7375,792.0
15832,1001.0,21.0,1.0,100.0,80.0,,13.0,0.3,9967.875,78958624.6125,792.0
15833,1001.0,21.0,1.0,100.0,80.0,,14.0,0.1125,9967.9875,78968592.6,792.0
15834,1001.0,21.0,1.0,100.0,80.0,,15.0,0.325,9968.3125,78978560.9125,792.0
15835,1001.0,21.0,1.0,100.0,80.0,,16.0,0.6375,9968.95,78988529.8625,792.0
15836,1001.0,21.0,1.0,100.0,80.0,,17.0,1.0,9969.95,78998499.8125,792.0
15837,1001.0,21.0,1.0,100.0,80.0,,18.0,0.1875,9970.1375,79008469.95,792.0
15838,1001.0,21.0,1.0,100.0,80.0,,19.0,0.1125,9970.25,79018440.2,792.0
15839,1001.0,21.0,1.0,100.0,80.0,,20.0,0.4625,9970.7125,79028410.9125,792.0
15840,1001.0,21.0,1.0,100.0,80.0,,1.0,0.45,9971.1625,79038382.075,793.0
15841,1001.0,21.0,1.0,100.0,80.0,,2.0,0.5375,9971.7,79048353.775,793.0
15842,1001.0,21.0,1.0,100.0,80.0,,3.0,0.95,9972.65,79058326.425,793.0
15843,1001.0,21.0,1.0,100.0,80.0,,4.0,0.9,9973.55,79068299.975,793.0
15844,1001.0,21.0,1.0,100.0,80.0,,5.0,0.2125,9973.7625,79078273.7375,793.0
15845,1001.0,21.0,1.0,100.0,80.0,,6.0,0.7,9974.4625,79088248.2,793.0
15846,1001.0,21.0,1.0,100.0,80.0,,7.0,0.45,9974.9125,79098223.1125,793.0
15847,1001.0,21.0,1.0,100.0,80.0,,8.0,0.5375,9975.45,79108198.5625,793.0
15848,1001.0,21.0,1.0,100.0,80.0,,9.0,1.1125,9976.5625,79118175.125,793.0
15849,1001.0,21.0,1.0,100.0,80.0,,10.0,0.4125,9976.975,79128152.1,793.0
15850,1001.0,21.0,1.0,100.0,80.0,,11.0,0.5875,9977.5625,79138129.6625,793.0
15851,1001.0,21.0,1.0,100.0,80.0,,12.0,0.175,9977.7375,79148107.4,793.0
15852,1001.0,21.0,1.0,100.0,80.0,,13.0,1.1375,9978.875,79158086.275,793.0
15853,1001.0,21.0,1.0,100.0,80.0,,14.0,0.1375,9979.0125,79168065.2875,793.0
15854,1001.0,21.0,1.0,100.0,80.0,,15.0,0.8375,9979.85,79178045.1375,793.0
15855,1001.0,21.0,1.0,100.0,80.0,,16.0,0.6875,9980.5375,79188025.675,793.0
15856,1001.0,21.0,1.0,100.0,80.0,,17.0,1.0625,9981.6,79198007.275,793.0
15857,1001.0,21.0,1.0,100.0,80.0,,18.0,1.1375,9982.7375,79207990.0125,793.0
15858,1001.0,21.0,1.0,100.0,80.0,,19.0,1.15,9983.8875,79217973.9,793.0
15859,1001.0,21.0,1.0,100.0,80.0,,20.0,0.8625,9984.75,79227958.65,793.0
15860,1001.0,21.0,1.0,100.0,80.0,,1.0,1.225,9985.975,79237944.625,794.0
15861,1001.0,21.0,1.0,100.0,80.0,,2.0,0.325,9986.3,79247930.925,794.0
15862,1001.0,21.0,1.0,100.0,80.0,,3.0,1.1125,9987.4125,79257918.3375,794.0
15863,1001.0,21.0,1.0,100.0,80.0,,4.0,1.0375,9988.45,79267906.7875,794.0
15864,1001.0,21.0,1.0,100.0,80.0,,5.0,0.4875,9988.9375,79277895.725,794.0
15865,1001.0,21.0,1.0,100.0,80.0,,6.0,0.3875,9989.325,79287885.05,794.0
15866,1001.0,21.0,1.0,100.0,80.0,,7.0,0.5,9989.825,79297874.875,794.0
15867,1001.0,21.0,1.0,100.0,80.0,,8.0,0.3625,9990.1875,79307865.0625,794.0
15868,1001.0,21.0,1.0,100.0,80.0,,9.0,1.125,9991.3125,79317856.375,794.0
15869,1001.0,21.0,1.0,100.0,80.0,,10.0,0.75,9992.0625,79327848.4375,794.0
15870,1001.0,21.0,1.0,100.0,80.0,,11.0,0.4125,9992.475,79337840.9125,794.0
15871,1001.0,21.0,1.0,100.0,80.0,,12.0,0.825,9993.3,79347834.2125,794.0
15872,1001.0,21.0,1.0,100.0,80.0,,13.0,0.9625,9994.2625,79357828.475,794.0
15873,1001.0,21.0,1.0,100.0,80.0,,14.0,0.975,9995.2375,79367823.7125,794.0
15874,1001.0,21.0,1.0,100.0,80.0,,15.0,1.0,9996.2375,79377819.95,794.0
15875,1001.0,21.0,1.0,100.0,80.0,,16.0,0.3125,9996.55,79387816.5,794.0
15876,1001.0,21.0,1.0,100.0,80.0,,17.0,0.725,9997.275,79397813.775,794.0
15877,1001.0,21.0,1.0,100.0,80.0,,18.0,1.175,9998.45,79407812.225,794.0
15878,1001.0,21.0,1.0,100.0,80.0,,19.0,0.225,9998.675,79417810.9,794.0
15879,1001.0,21.0,1.0,100.0,80.0,,20.0,0.225,9998.9,79427809.8,794.0
15880,1001.0,21.0,1.0,100.0,80.0,,1.0,0.35,9999.25,79437809.05,795.0
15881,1001.0,21.0,1.0,100.0,80.0,,2.0,1.025,10000.275,79447809.325,795.0
15882,1001.0,21.0,1.0,100.0,80.0,,3.0,1.2125,10001.4875,79457810.8125,795.0
15883,1001.0,21.0,1.0,100.0,80.0,,4.0,1.0125,10002.5,79467813.3125,795.0
15884,1001.0,21.0,1.0,100.0,80.0,,5.0,1.075,10003.575,79477816.8875,795.0
15885,1001.0,21.0,1.0,100.0,80.0,,6.0,0.05,10003.625,79487820.5125,795.0
15886,1001.0,21.0,1.0,100.0,80.0,,7.0,0.9125,10004.5375,79497825.05,795.0
15887,1001.0,21.0,1.0,100.0,80.0,,8.0,0.375,10004.9125,79507829.9625,795.0
15888,1001.0,21.0,1.0,100.0,80.0,,9.0,0.95,10005.8625,79517835.825,795.0
15889,1001.0,21.0,1.0,100.0,80.0,,10.0,0.325,10006.1875,79527842.0125,795.0
15890,1001.0,21.0,1.0,100.0,80.0,,11.0,1.225,10007.4125,79537849.425,795.0
15891,1001.0,21.0,1.0,100.0,80.0,,12.0,0.7375,10008.15,79547857.575,795.0
15892,1001.0,21.0,1.0,100.0,80.0,,13.0,0.4625,10008.6125,79557866.1875,795.0
15893,1001.0,21.0,1.0,100.0,80.0,,14.0,0.4625,10009.075,79567875.2625,795.0
15894,1001.0,21.0,1.0,100.0,80.0,,15.0,0.1,10009.175,79577884.4375,795.0
15895,1001.0,21.0,1.0,100.0,80.0,,16.0,0.0375,10009.2125,79587893.65,795.0
15896,1001.0,21.0,1.0,100.0,80.0,,17.0,0.6125,10009.825,79597903.475,795.0
15897,1001.0,21.0,1.0,100.0,80.0,,18.0,0.75,10010.575,79607914.05,795.0
15898,1001.0,21.0,1.0,100.0,80.0,,19.0,0.1625,10010.7375,79617924.7875,795.0
15899,1001.0,21.0,1.0,100.0,80.0,,20.0,0.7625,10011.5,79627936.2875,795.0
15900,1001.0,21.0,1.0,100.0,80.0,,1.0,0.225,10011.725,79637948.0125,796.0
15901,1001.0,21.0,1.0,100.0,80.0,,2.0,0.6375,10012.3625,79647960.375,796.0
15902,1001.0,21.0,1.0,100.0,80.0,,3.0,1.1625,10013.525,79657973.9,796.0
15903,1001.0,21.0,1.0,100.0,80.0,,4.0,0.4875,10014.0125,79667987.9125,796.0
15904,1001.0,21.0,1.0,100.0,80.0,,5.0,0.175,10014.1875,79678002.1,796.0
15905,1001.0,21.0,1.0,100.0,80.0,,6.0,0.4,10014.5875,79688016.6875,796.0
15906,1001.0,21.0,1.0,100.0,80.0,,7.0,0.15,10014.7375,79698031.425,796.0
15907,1001.0,21.0,1.0,100.0,80.0,,8.0,0.7,10015.4375,79708046.8625,796.0
15908,1001.0,21.0,1.0,100.0,80.0,,9.0,0.725,10016.1625,79718063.025,796.0
15909,1001.0,21.0,1.0,100.0,80.0,,10.0,0.325,10016.4875,79728079.5125,796.0
15910,1001.0,21.0,1.0,100.0,80.0,,11.0,0.4375,10016.925,79738096.4375,796.0
15911,1001.0,21.0,1.0,100.0,80.0,,12.0,0.7,10017.625,79748114.0625,796.0
15912,1001.0,21.0,1.0,100.0,80.0,,13.0,0.0625,10017.6875,79758131.75,796.0
15913,1001.0,21.0,1.0,100.0,80.0,,14.0,0.325,10018.0125,79768149.7625,796.0
15914,1001.0,21.0,1.0,100.0,80.0,,15.0,0.0375,10018.05,79778167.8125,796.0
15915,1001.0,21.0,1.0,100.0,80.0,,16.0,0.6375,10018.6875,79788186.5,796.0
15916,1001.0,21.0,1.0,100.0,80.0,,17.0,0.4625,10019.15,79798205.65,796.0
15917,1001.0,21.0,1.0,100.0,80.0,,18.0,1.1,10020.25,79808225.9,796.0
15918,1001.0,21.0,1.0,100.0,80.0,,19.0,0.3875,10020.6375,79818246.5375,796.0
15919,1001.0,21.0,1.0,100.0,80.0,,20.0,0.8875,10021.525,79828268.0625,796.0
15920,1001.0,21.0,1.0,100.0,80.0,,1.0,0.45,10021.975,79838290.0375,797.0
15921,1001.0,21.0,1.0,100.0,80.0,,2.0,0.8375,10022.8125,79848312.85,797.0
15922,1001.0,21.0,1.0,100.0,80.0,,3.0,0.0375,10022.85,79858335.7,797.0
15923,1001.0,21.0,1.0,100.0,80.0,,4.0,0.3875,10023.2375,79868358.9375,797.0
15924,1001.0,21.0,1.0,100.0,80.0,,5.0,1.075,10024.3125,79878383.25,797.0
15925,1001.0,21.0,1.0,100.0,80.0,,6.0,0.7625,10025.075,79888408.325,797.0
15926,1001.0,21.0,1.0,100.0,80.0,,7.0,0.0125,10025.0875,79898433.4125,797.0
15927,1001.0,21.0,1.0,100.0,80.0,,8.0,0.2,10025.2875,79908458.7,797.0
15928,1001.0,21.0,1.0,100.0,80.0,,9.0,0.15,10025.4375,79918484.1375,797.0
15929,1001.0,21.0,1.0,100.0,80.0,,10.0,0.75,10026.1875,79928510.325,797.0
15930,1001.0,21.0,1.0,100.0,80.0,,11.0,0.4,10026.5875,79938536.9125,797.0
15931,1001.0,21.0,1.0,100.0,80.0,,12.0,0.625,10027.2125,79948564.125,797.0
15932,1001.0,21.0,1.0,100.0,80.0,,13.0,0.2,10027.4125,79958591.5375,797.0
15933,1001.0,21.0,1.0,100.0,80.0,,14.0,1.0625,10028.475,79968620.0125,797.0
15934,1001.0,21.0,1.0,100.0,80.0,,15.0,0.9875,10029.4625,79978649.475,797.0
15935,1001.0,21.0,1.0,100.0,80.0,,16.0,1.0,10030.4625,79988679.9375,797.0
15936,1001.0,21.0,1.0,100.0,80.0,,17.0,1.2,10031.6625,79998711.6,797.0
15937,1001.0,21.0,1.0,100.0,80.0,,18.0,0.7125,10032.375,80008743.975,797.0
15938,1001.0,21.0,1.0,100.0,80.0,,19.0,0.825,10033.2,80018777.175,797.0
15939,1001.0,21.0,1.0,100.0,80.0,,20.0,0.4375,10033.6375,80028810.8125,797.0
15940,1001.0,21.0,1.0,100.0,80.0,,1.0,0.2,10033.8375,80038844.65,798.0
15941,1001.0,21.0,1.0,100.0,80.0,,2.0,0.525,10034.3625,80048879.0125,798.0
15942,1001.0,21.0,1.0,100.0,80.0,,3.0,0.05,10034.4125,80058913.425,798.0
15943,1001.0,21.0,1.0,100.0,80.0,,4.0,0.7625,10035.175,80068948.6,798.0
15944,1001.0,21.0,1.0,100.0,80.0,,5.0,0.475,10035.65,80078984.25,798.0
15945,1001.0,21.0,1.0,100.0,80.0,,6.0,0.25,10035.9,80089020.15,798.0
15946,1001.0,21.0,1.0,100.0,80.0,,7.0,0.4,10036.3,80099056.45,798.0
15947,1001.0,21.0,1.0,100.0,80.0,,8.0,0.2375,10036.5375,80109092.9875,798.0
15948,1001.0,21.0,1.0,100.0,80.0,,9.0,0.4625,10037.0,80119129.9875,798.0
15949,1001.0,21.0,1.0,100.0,80.0,,10.0,0.35,10037.35,80129167.3375,798.0
15950,1001.0,21.0,1.0,100.0,80.0,,11.0,1.1125,10038.4625,80139205.8,798.0
15951,1001.0,21.0,1.0,100.0,80.0,,12.0,1.1875,10039.65,80149245.45,798.0
15952,1001.0,21.0,1.0,100.0,80.0,,13.0,0.675,10040.325,80159285.775,798.0
15953,1001.0,21.0,1.0,100.0,80.0,,14.0,0.15,10040.475,80169326.25,798.0
15954,1001.0,21.0,1.0,100.0,80.0,,15.0,0.425,10040.9,80179367.15,798.0
15955,1001.0,21.0,1.0,100.0,80.0,,16.0,0.4125,10041.3125,80189408.4625,798.0
15956,1001.0,21.0,1.0,100.0,80.0,,17.0,0.875,10042.1875,80199450.65,798.0
15957,1001.0,21.0,1.0,100.0,80.0,,18.0,0.2625,10042.45,80209493.1,798.0
15958,1001.0,21.0,1.0,100.0,80.0,,19.0,0.4375,10042.8875,80219535.9875,798.0
15959,1001.0,21.0,1.0,100.0,80.0,,20.0,0.675,10043.5625,80229579.55,798.0
15960,1001.0,21.0,1.0,100.0,80.0,,1.0,0.0875,10043.65,80239623.2,799.0
15961,1001.0,21.0,1.0,100.0,80.0,,2.0,0.3625,10044.0125,80249667.2125,799.0
15962,1001.0,21.0,1.0,100.0,80.0,,3.0,0.2125,10044.225,80259711.4375,799.0
15963,1001.0,21.0,1.0,100.0,80.0,,4.0,0.375,10044.6,80269756.0375,799.0
15964,1001.0,21.0,1.0,100.0,80.0,,5.0,0.95,10045.55,80279801.5875,799.0
15965,1001.0,21.0,1.0,100.0,80.0,,6.0,0.7125,10046.2625,80289847.85,799.0
15966,1001.0,21.0,1.0,100.0,80.0,,7.0,1.2,10047.4625,80299895.3125,799.0
15967,1001.0,21.0,1.0,100.0,80.0,,8.0,1.225,10048.6875,80309944.0,799.0
15968,1001.0,21.0,1.0,100.0,80.0,,9.0,1.1375,10049.825,80319993.825,799.0
15969,1001.0,21.0,1.0,100.0,80.0,,10.0,0.675,10050.5,80330044.325,799.0
15970,1001.0,21.0,1.0,100.0,80.0,,11.0,0.4875,10050.9875,80340095.3125,799.0
15971,1001.0,21.0,1.0,100.0,80.0,,12.0,0.8625,10051.85,80350147.1625,799.0
15972,1001.0,21.0,1.0,100.0,80.0,,13.0,0.95,10052.8,80360199.9625,799.0
15973,1001.0,21.0,1.0,100.0,80.0,,14.0,0.2625,10053.0625,80370253.025,799.0
15974,1001.0,21.0,1.0,100.0,80.0,,15.0,0.7125,10053.775,80380306.8,799.0
15975,1001.0,21.0,1.0,100.0,80.0,,16.0,0.1875,10053.9625,80390360.7625,799.0
15976,1001.0,21.0,1.0,100.0,80.0,,17.0,0.5,10054.4625,80400415.225,799.0
15977,1001.0,21.0,1.0,100.0,80.0,,18.0,1.0,10055.4625,80410470.6875,799.0
15978,1001.0,21.0,1.0,100.0,80.0,,19.0,0.3625,10055.825,80420526.5125,799.0
15979,1001.0,21.0,1.0,100.0,80.0,,20.0,0.0875,10055.9125,80430582.425,799.0
15980,1001.0,21.0,1.0,100.0,80.0,,1.0,1.2,10057.1125,80440639.5375,800.0
15981,1001.0,21.0,1.0,100.0,80.0,,2.0,0.8375,10057.95,80450697.4875,800.0
15982,1001.0,21.0,1.0,100.0,80.0,,3.0,0.725,10058.675,80460756.1625,800.0
15983,1001.0,21.0,1.0,100.0,80.0,,4.0,1.0625,10059.7375,80470815.9,800.0
15984,1001.0,21.0,1.0,100.0,80.0,,5.0,0.7375,10060.475,80480876.375,800.0
15985,1001.0,21.0,1.0,100.0,80.0,,6.0,0.6,10061.075,80490937.45,800.0
15986,1001.0,21.0,1.0,100.0,80.0,,7.0,0.175,10061.25,80500998.7,800.0
15987,1001.0,21.0,1.0,100.0,80.0,,8.0,0.1625,10061.4125,80511060.1125,800.0
15988,1001.0,21.0,1.0,100.0,80.0,,9.0,0.6125,10062.025,80521122.1375,800.0
15989,1001.0,21.0,1.0,100.0,80.0,,10.0,0.5,10062.525,80531184.6625,800.0
15990,1001.0,21.0,1.0,100.0,80.0,,11.0,0.2,10062.725,80541247.3875,800.0
15991,1001.0,21.0,1.0,100.0,80.0,,12.0,0.775,10063.5,80551310.8875,800.0
15992,1001.0,21.0,1.0,100.0,80.0,,13.0,1.1875,10064.6875,80561375.575,800.0
15993,1001.0,21.0,1.0,100.0,80.0,,14.0,0.3875,10065.075,80571440.65,800.0
15994,1001.0,21.0,1.0,100.0,80.0,,15.0,0.6625,10065.7375,80581506.3875,800.0
15995,1001.0,21.0,1.0,100.0,80.0,,16.0,0.525,10066.2625,80591572.65,800.0
15996,1001.0,21.0,1.0,100.0,80.0,,17.0,0.675,10066.9375,80601639.5875,800.0
15997,1001.0,21.0,1.0,100.0,80.0,,18.0,0.275,10067.2125,80611706.8,800.0
15998,1001.0,21.0,1.0,100.0,80.0,,19.0,0.5,10067.7125,80621774.5125,800.0
15999,1001.0,21.0,1.0,100.0,80.0,,20.0,1.0125,10068.725,80631843.2375,800.0
16000,1001.0,21.0,1.0,100.0,80.0,,1.0,1.225,10069.95,80641913.1875,801.0
16001,1001.0,21.0,1.0,100.0,80.0,,2.0,0.6,10070.55,80651983.7375,801.0
16002,1001.0,21.0,1.0,100.0,80.0,,3.0,0.9125,10071.4625,80662055.2,801.0
16003,1001.0,21.0,1.0,100.0,80.0,,4.0,0.375,10071.8375,80672127.0375,801.0
16004,1001.0,21.0,1.0,100.0,80.0,,5.0,0.0875,10071.925,80682198.9625,801.0
16005,1001.0,21.0,1.0,100.0,80.0,,6.0,0.425,10072.35,80692271.3125,801.0
16006,1001.0,21.0,1.0,100.0,80.0,,7.0,1.025,10073.375,80702344.6875,801.0
16007,1001.0,21.0,1.0,100.0,80.0,,8.0,0.35,10073.725,80712418.4125,801.0
16008,1001.0,21.0,1.0,100.0,80.0,,9.0,0.475,10074.2,80722492.6125,801.0
16009,1001.0,21.0,1.0,100.0,80.0,,10.0,0.9375,10075.1375,80732567.75,801.0
16010,1001.0,21.0,1.0,100.0,80.0,,11.0,0.675,10075.8125,80742643.5625,801.0
16011,1001.0,21.0,1.0,100.0,80.0,,12.0,0.0375,10075.85,80752719.4125,801.0
16012,1001.0,21.0,1.0,100.0,80.0,,13.0,0.35,10076.2,80762795.6125,801.0
16013,1001.0,21.0,1.0,100.0,80.0,,14.0,0.9125,10077.1125,80772872.725,801.0
16014,1001.0,21.0,1.0,100.0,80.0,,15.0,0.65,10077.7625,80782950.4875,801.0
16015,1001.0,21.0,1.0,100.0,80.0,,16.0,0.9125,10078.675,80793029.1625,801.0
16016,1001.0,21.0,1.0,100.0,80.0,,17.0,0.2375,10078.9125,80803108.075,801.0
16017,1001.0,21.0,1.0,100.0,80.0,,18.0,0.225,10079.1375,80813187.2125,801.0
16018,1001.0,21.0,1.0,100.0,80.0,,19.0,0.825,10079.9625,80823267.175,801.0
16019,1001.0,21.0,1.0,100.0,80.0,,20.0,1.1875,10081.15,80833348.325,801.0
16020,1001.0,21.0,1.0,100.0,80.0,,1.0,1.1125,10082.2625,80843430.5875,802.0
16021,1001.0,21.0,1.0,100.0,80.0,,2.0,0.5,10082.7625,80853513.35,802.0
16022,1001.0,21.0,1.0,100.0,80.0,,3.0,0.325,10083.0875,80863596.4375,802.0
16023,1001.0,21.0,1.0,100.0,80.0,,4.0,0.725,10083.8125,80873680.25,802.0
16024,1001.0,21.0,1.0,100.0,80.0,,5.0,0.6875,10084.5,80883764.75,802.0
16025,1001.0,21.0,1.0,100.0,80.0,,6.0,0.5125,10085.0125,80893849.7625,802.0
16026,1001.0,21.0,1.0,100.0,80.0,,7.0,0.25,10085.2625,80903935.025,802.0
16027,1001.0,21.0,1.0,100.0,80.0,,8.0,0.175,10085.4375,80914020.4625,802.0
16028,1001.0,21.0,1.0,100.0,80.0,,9.0,0.375,10085.8125,80924106.275,802.0
16029,1001.0,21.0,1.0,100.0,80.0,,10.0,1.125,10086.9375,80934193.2125,802.0
16030,1001.0,21.0,1.0,100.0,80.0,,11.0,0.4875,10087.425,80944280.6375,802.0
16031,1001.0,21.0,1.0,100.0,80.0,,12.0,0.6875,10088.1125,80954368.75,802.0
16032,1001.0,21.0,1.0,100.0,80.0,,13.0,1.2125,10089.325,80964458.075,802.0
16033,1001.0,21.0,1.0,100.0,80.0,,14.0,1.225,10090.55,80974548.625,802.0
16034,1001.0,21.0,1.0,100.0,80.0,,15.0,0.525,10091.075,80984639.7,802.0
16035,1001.0,21.0,1.0,100.0,80.0,,16.0,0.4375,10091.5125,80994731.2125,802.0
16036,1001.0,21.0,1.0,100.0,80.0,,17.0,0.9375,10092.45,81004823.6625,802.0
16037,1001.0,21.0,1.0,100.0,80.0,,18.0,0.45,10092.9,81014916.5625,802.0
16038,1001.0,21.0,1.0,100.0,80.0,,19.0,1.0,10093.9,81025010.4625,802.0
16039,1001.0,21.0,1.0,100.0,80.0,,20.0,0.0125,10093.9125,81035104.375,802.0
16040,1001.0,21.0,1.0,100.0,80.0,,1.0,0.8875,10094.8,81045199.175,803.0
16041,1001.0,21.0,1.0,100.0,80.0,,2.0,1.1875,10095.9875,81055295.1625,803.0
16042,1001.0,21.0,1.0,100.0,80.0,,3.0,0.8875,10096.875,81065392.0375,803.0
16043,1001.0,21.0,1.0,100.0,80.0,,4.0,0.7375,10097.6125,81075489.65,803.0
16044,1001.0,21.0,1.0,100.0,80.0,,5.0,0.1125,10097.725,81085587.375,803.0
16045,1001.0,21.0,1.0,100.0,80.0,,6.0,0.775,10098.5,81095685.875,803.0
16046,1001.0,21.0,1.0,100.0,80.0,,7.0,0.8,10099.3,81105785.175,803.0
16047,1001.0,21.0,1.0,100.0,80.0,,8.0,0.65,10099.95,81115885.125,803.0
16048,1001.0,21.0,1.0,100.0,80.0,,9.0,0.1125,10100.0625,81125985.1875,803.0
16049,1001.0,21.0,1.0,100.0,80.0,,10.0,0.9875,10101.05,81136086.2375,803.0
16050,1001.0,21.0,1.0,100.0,80.0,,11.0,0.475,10101.525,81146187.7625,803.0
16051,1001.0,21.0,1.0,100.0,80.0,,12.0,0.9375,10102.4625,81156290.225,803.0
16052,1001.0,21.0,1.0,100.0,80.0,,13.0,1.175,10103.6375,81166393.8625,803.0
16053,1001.0,21.0,1.0,100.0,80.0,,14.0,0.4,10104.0375,81176497.9,803.0
16054,1001.0,21.0,1.0,100.0,80.0,,15.0,0.0125,10104.05,81186601.95,803.0
16055,1001.0,21.0,1.0,100.0,80.0,,16.0,1.2125,10105.2625,81196707.2125,803.0
16056,1001.0,21.0,1.0,100.0,80.0,,17.0,0.675,10105.9375,81206813.15,803.0
16057,1001.0,21.0,1.0,100.0,80.0,,18.0,1.05,10106.9875,81216920.1375,803.0
16058,1001.0,21.0,1.0,100.0,80.0,,19.0,0.3375,10107.325,81227027.4625,803.0
16059,1001.0,21.0,1.0,100.0,80.0,,20.0,0.2375,10107.5625,81237135.025,803.0
16060,1001.0,21.0,1.0,100.0,80.0,,1.0,0.875,10108.4375,81247243.4625,804.0
16061,1001.0,21.0,1.0,100.0,80.0,,2.0,0.725,10109.1625,81257352.625,804.0
16062,1001.0,21.0,1.0,100.0,80.0,,3.0,1.075,10110.2375,81267462.8625,804.0
16063,1001.0,21.0,1.0,100.0,80.0,,4.0,0.1125,10110.35,81277573.2125,804.0
16064,1001.0,21.0,1.0,100.0,80.0,,5.0,0.7625,10111.1125,81287684.325,804.0
16065,1001.0,21.0,1.0,100.0,80.0,,6.0,0.55,10111.6625,81297795.9875,804.0
16066,1001.0,21.0,1.0,100.0,80.0,,7.0,0.05,10111.7125,81307907.7,804.0
16067,1001.0,21.0,1.0,100.0,80.0,,8.0,0.6625,10112.375,81318020.075,804.0
16068,1001.0,21.0,1.0,100.0,80.0,,9.0,0.6125,10112.9875,81328133.0625,804.0
16069,1001.0,21.0,1.0,100.0,80.0,,10.0,0.8375,10113.825,81338246.8875,804.0
16070,1001.0,21.0,1.0,100.0,80.0,,11.0,1.125,10114.95,81348361.8375,804.0
16071,1001.0,21.0,1.0,100.0,80.0,,12.0,0.675,10115.625,81358477.4625,804.0
16072,1001.0,21.0,1.0,100.0,80.0,,13.0,0.525,10116.15,81368593.6125,804.0
16073,1001.0,21.0,1.0,100.0,80.0,,14.0,1.2125,10117.3625,81378710.975,804.0
16074,1001.0,21.0,1.0,100.0,80.0,,15.0,0.7875,10118.15,81388829.125,804.0
16075,1001.0,21.0,1.0,100.0,80.0,,16.0,0.5375,10118.6875,81398947.8125,804.0
16076,1001.0,21.0,1.0,100.0,80.0,,17.0,0.6625,10119.35,81409067.1625,804.0
16077,1001.0,21.0,1.0,100.0,80.0,,18.0,0.2,10119.55,81419186.7125,804.0
16078,1001.0,21.0,1.0,100.0,80.0,,19.0,1.15,10120.7,81429307.4125,804.0
16079,1001.0,21.0,1.0,100.0,80.0,,20.0,0.2625,10120.9625,81439428.375,804.0
16080,1001.0,21.0,1.0,100.0,80.0,,1.0,0.425,10121.3875,81449549.7625,805.0
16081,1001.0,21.0,1.0,100.0,80.0,,2.0,0.3375,10121.725,81459671.4875,805.0
16082,1001.0,21.0,1.0,100.0,80.0,,3.0,0.2125,10121.9375,81469793.425,805.0
16083,1001.0,21.0,1.0,100.0,80.0,,4.0,1.225,10123.1625,81479916.5875,805.0
16084,1001.0,21.0,1.0,100.0,80.0,,5.0,0.0625,10123.225,81490039.8125,805.0
16085,1001.0,21.0,1.0,100.0,80.0,,6.0,0.9625,10124.1875,81500164.0,805.0
16086,1001.0,21.0,1.0,100.0,80.0,,7.0,0.25,10124.4375,81510288.4375,805.0
16087,1001.0,21.0,1.0,100.0,80.0,,8.0,0.85,10125.2875,81520413.725,805.0
16088,1001.0,21.0,1.0,100.0,80.0,,9.0,0.55,10125.8375,81530539.5625,805.0
16089,1001.0,21.0,1.0,100.0,80.0,,10.0,0.375,10126.2125,81540665.775,805.0
16090,1001.0,21.0,1.0,100.0,80.0,,11.0,0.8125,10127.025,81550792.8,805.0
16091,1001.0,21.0,1.0,100.0,80.0,,12.0,0.625,10127.65,81560920.45,805.0
16092,1001.0,21.0,1.0,100.0,80.0,,13.0,0.325,10127.975,81571048.425,805.0
16093,1001.0,21.0,1.0,100.0,80.0,,14.0,0.9875,10128.9625,81581177.3875,805.0
16094,1001.0,21.0,1.0,100.0,80.0,,15.0,0.4375,10129.4,81591306.7875,805.0
16095,1001.0,21.0,1.0,100.0,80.0,,16.0,0.125,10129.525,81601436.3125,805.0
16096,1001.0,21.0,1.0,100.0,80.0,,17.0,0.4375,10129.9625,81611566.275,805.0
16097,1001.0,21.0,1.0,100.0,80.0,,18.0,1.1,10131.0625,81621697.3375,805.0
16098,1001.0,21.0,1.0,100.0,80.0,,19.0,1.2,10132.2625,81631829.6,805.0
16099,1001.0,21.0,1.0,100.0,80.0,,20.0,0.2375,10132.5,81641962.1,805.0
16100,1001.0,21.0,1.0,100.0,80.0,,1.0,0.3625,10132.8625,81652094.9625,806.0
16101,1001.0,21.0,1.0,100.0,80.0,,2.0,0.1875,10133.05,81662228.0125,806.0
16102,1001.0,21.0,1.0,100.0,80.0,,3.0,0.85,10133.9,81672361.9125,806.0
16103,1001.0,21.0,1.0,100.0,80.0,,4.0,0.0125,10133.9125,81682495.825,806.0
16104,1001.0,21.0,1.0,100.0,80.0,,5.0,0.65,10134.5625,81692630.3875,806.0
16105,1001.0,21.0,1.0,100.0,80.0,,6.0,0.825,10135.3875,81702765.775,806.0
16106,1001.0,21.0,1.0,100.0,80.0,,7.0,1.0,10136.3875,81712902.1625,806.0
16107,1001.0,21.0,1.0,100.0,80.0,,8.0,0.2,10136.5875,81723038.75,806.0
16108,1001.0,21.0,1.0,100.0,80.0,,9.0,0.7375,10137.325,81733176.075,806.0
16109,1001.0,21.0,1.0,100.0,80.0,,10.0,0.65,10137.975,81743314.05,806.0
16110,1001.0,21.0,1.0,100.0,80.0,,11.0,0.15,10138.125,81753452.175,806.0
16111,1001.0,21.0,1.0,100.0,80.0,,12.0,0.4625,10138.5875,81763590.7625,806.0
16112,1001.0,21.0,1.0,100.0,80.0,,13.0,0.025,10138.6125,81773729.375,806.0
16113,1001.0,21.0,1.0,100.0,80.0,,14.0,0.4875,10139.1,81783868.475,806.0
16114,1001.0,21.0,1.0,100.0,80.0,,15.0,1.0875,10140.1875,81794008.6625,806.0
16115,1001.0,21.0,1.0,100.0,80.0,,16.0,0.6625,10140.85,81804149.5125,806.0
16116,1001.0,21.0,1.0,100.0,80.0,,17.0,0.5875,10141.4375,81814290.95,806.0
16117,1001.0,21.0,1.0,100.0,80.0,,18.0,0.925,10142.3625,81824433.3125,806.0
16118,1001.0,21.0,1.0,100.0,80.0,,19.0,0.0625,10142.425,81834575.7375,806.0
16119,1001.0,21.0,1.0,100.0,80.0,,20.0,0.7,10143.125,81844718.8625,806.0
16120,1001.0,21.0,1.0,100.0,80.0,,1.0,0.35,10143.475,81854862.3375,807.0
16121,1001.0,21.0,1.0,100.0,80.0,,2.0,0.9125,10144.3875,81865006.725,807.0
16122,1001.0,21.0,1.0,100.0,80.0,,3.0,0.425,10144.8125,81875151.5375,807.0
16123,1001.0,21.0,1.0,100.0,80.0,,4.0,1.125,10145.9375,81885297.475,807.0
16124,1001.0,21.0,1.0,100.0,80.0,,5.0,0.4375,10146.375,81895443.85,807.0
16125,1001.0,21.0,1.0,100.0,80.0,,6.0,0.1,10146.475,81905590.325,807.0
16126,1001.0,21.0,1.0,100.0,80.0,,7.0,0.7875,10147.2625,81915737.5875,807.0
16127,1001.0,21.0,1.0,100.0,80.0,,8.0,0.675,10147.9375,81925885.525,807.0
16128,1001.0,21.0,1.0,100.0,80.0,,9.0,0.9875,10148.925,81936034.45,807.0
16129,1001.0,21.0,1.0,100.0,80.0,,10.0,1.1375,10150.0625,81946184.5125,807.0
16130,1001.0,21.0,1.0,100.0,80.0,,11.0,0.45,10150.5125,81956335.025,807.0
16131,1001.0,21.0,1.0,100.0,80.0,,12.0,0.575,10151.0875,81966486.1125,807.0
16132,1001.0,21.0,1.0,100.0,80.0,,13.0,0.025,10151.1125,81976637.225,807.0
16133,1001.0,21.0,1.0,100.0,80.0,,14.0,0.7625,10151.875,81986789.1,807.0
16134,1001.0,21.0,1.0,100.0,80.0,,15.0,0.75,10152.625,81996941.725,807.0
16135,1001.0,21.0,1.0,100.0,80.0,,16.0,0.6875,10153.3125,82007095.0375,807.0
16136,1001.0,21.0,1.0,100.0,80.0,,17.0,0.0625,10153.375,82017248.4125,807.0
16137,1001.0,21.0,1.0,100.0,80.0,,18.0,0.3,10153.675,82027402.0875,807.0
16138,1001.0,21.0,1.0,100.0,80.0,,19.0,1.2,10154.875,82037556.9625,807.0
16139,1001.0,21.0,1.0,100.0,80.0,,20.0,0.4,10155.275,82047712.2375,807.0
16140,1001.0,21.0,1.0,100.0,80.0,,1.0,0.05,10155.325,82057867.5625,808.0
16141,1001.0,21.0,1.0,100.0,80.0,,2.0,0.8125,10156.1375,82068023.7,808.0
16142,1001.0,21.0,1.0,100.0,80.0,,3.0,0.95,10157.0875,82078180.7875,808.0
16143,1001.0,21.0,1.0,100.0,80.0,,4.0,0.0875,10157.175,82088337.9625,808.0
16144,1001.0,21.0,1.0,100.0,80.0,,5.0,0.625,10157.8,82098495.7625,808.0
16145,1001.0,21.0,1.0,100.0,80.0,,6.0,0.1,10157.9,82108653.6625,808.0
16146,1001.0,21.0,1.0,100.0,80.0,,7.0,0.325,10158.225,82118811.8875,808.0
16147,1001.0,21.0,1.0,100.0,80.0,,8.0,1.15,10159.375,82128971.2625,808.0
16148,1001.0,21.0,1.0,100.0,80.0,,9.0,0.025,10159.4,82139130.6625,808.0
16149,1001.0,21.0,1.0,100.0,80.0,,10.0,0.7625,10160.1625,82149290.825,808.0
16150,1001.0,21.0,1.0,100.0,80.0,,11.0,0.05,10160.2125,82159451.0375,808.0
16151,1001.0,21.0,1.0,100.0,80.0,,12.0,0.15,10160.3625,82169611.4,808.0
16152,1001.0,21.0,1.0,100.0,80.0,,13.0,0.6625,10161.025,82179772.425,808.0
16153,1001.0,21.0,1.0,100.0,80.0,,14.0,0.3,10161.325,82189933.75,808.0
16154,1001.0,21.0,1.0,100.0,80.0,,15.0,0.2375,10161.5625,82200095.3125,808.0
16155,1001.0,21.0,1.0,100.0,80.0,,16.0,0.4625,10162.025,82210257.3375,808.0
16156,1001.0,21.0,1.0,100.0,80.0,,17.0,1.2125,10163.2375,82220420.575,808.0
16157,1001.0,21.0,1.0,100.0,80.0,,18.0,1.2375,10164.475,82230585.05,808.0
16158,1001.0,21.0,1.0,100.0,80.0,,19.0,1.225,10165.7,82240750.75,808.0
16159,1001.0,21.0,1.0,100.0,80.0,,20.0,0.6,10166.3,82250917.05,808.0
16160,1001.0,21.0,1.0,100.0,80.0,,1.0,0.1125,10166.4125,82261083.4625,809.0
16161,1001.0,21.0,1.0,100.0,80.0,,2.0,0.2875,10166.7,82271250.1625,809.0
16162,1001.0,21.0,1.0,100.0,80.0,,3.0,0.1125,10166.8125,82281416.975,809.0
16163,1001.0,21.0,1.0,100.0,80.0,,4.0,0.5875,10167.4,82291584.375,809.0
16164,1001.0,21.0,1.0,100.0,80.0,,5.0,0.5625,10167.9625,82301752.3375,809.0
16165,1001.0,21.0,1.0,100.0,80.0,,6.0,0.525,10168.4875,82311920.825,809.0
16166,1001.0,21.0,1.0,100.0,80.0,,7.0,0.9625,10169.45,82322090.275,809.0
16167,1001.0,21.0,1.0,100.0,80.0,,8.0,0.2875,10169.7375,82332260.0125,809.0
16168,1001.0,21.0,1.0,100.0,80.0,,9.0,1.2375,10170.975,82342430.9875,809.0
16169,1001.0,21.0,1.0,100.0,80.0,,10.0,0.8625,10171.8375,82352602.825,809.0
16170,1001.0,21.0,1.0,100.0,80.0,,11.0,0.3875,10172.225,82362775.05,809.0
16171,1001.0,21.0,1.0,100.0,80.0,,12.0,0.7875,10173.0125,82372948.0625,809.0
16172,1001.0,21.0,1.0,100.0,80.0,,13.0,1.1125,10174.125,82383122.1875,809.0
16173,1001.0,21.0,1.0,100.0,80.0,,14.0,0.05,10174.175,82393296.3625,809.0
16174,1001.0,21.0,1.0,100.0,80.0,,15.0,0.875,10175.05,82403471.4125,809.0
16175,1001.0,21.0,1.0,100.0,80.0,,16.0,0.775,10175.825,82413647.2375,809.0
16176,1001.0,21.0,1.0,100.0,80.0,,17.0,0.0375,10175.8625,82423823.1,809.0
16177,1001.0,21.0,1.0,100.0,80.0,,18.0,0.3375,10176.2,82433999.3,809.0
16178,1001.0,21.0,1.0,100.0,80.0,,19.0,1.05,10177.25,82444176.55,809.0
16179,1001.0,21.0,1.0,100.0,80.0,,20.0,1.0375,10178.2875,82454354.8375,809.0
16180,1001.0,21.0,1.0,100.0,80.0,,1.0,1.0125,10179.3,82464534.1375,810.0
16181,1001.0,21.0,1.0,100.0,80.0,,2.0,0.225,10179.525,82474713.6625,810.0
16182,1001.0,21.0,1.0,100.0,80.0,,3.0,0.325,10179.85,82484893.5125,810.0
16183,1001.0,21.0,1.0,100.0,80.0,,4.0,0.1375,10179.9875,82495073.5,810.0
16184,1001.0,21.0,1.0,100.0,80.0,,5.0,0.1125,10180.1,82505253.6,810.0
16185,1001.0,21.0,1.0,100.0,80.0,,6.0,0.45,10180.55,82515434.15,810.0
16186,1001.0,21.0,1.0,100.0,80.0,,7.0,0.825,10181.375,82525615.525,810.0
16187,1001.0,21.0,1.0,100.0,80.0,,8.0,0.525,10181.9,82535797.425,810.0
16188,1001.0,21.0,1.0,100.0,80.0,,9.0,0.125,10182.025,82545979.45,810.0
16189,1001.0,21.0,1.0,100.0,80.0,,10.0,0.4625,10182.4875,82556161.9375,810.0
16190,1001.0,21.0,1.0,100.0,80.0,,11.0,0.5875,10183.075,82566345.0125,810.0
16191,1001.0,21.0,1.0,100.0,80.0,,12.0,0.9,10183.975,82576528.9875,810.0
16192,1001.0,21.0,1.0,100.0,80.0,,13.0,0.4625,10184.4375,82586713.425,810.0
16193,1001.0,21.0,1.0,100.0,80.0,,14.0,1.075,10185.5125,82596898.9375,810.0
16194,1001.0,21.0,1.0,100.0,80.0,,15.0,0.7625,10186.275,82607085.2125,810.0
16195,1001.0,21.0,1.0,100.0,80.0,,16.0,0.9625,10187.2375,82617272.45,810.0
16196,1001.0,21.0,1.0,100.0,80.0,,17.0,1.025,10188.2625,82627460.7125,810.0
16197,1001.0,21.0,1.0,100.0,80.0,,18.0,0.925,10189.1875,82637649.9,810.0
16198,1001.0,21.0,1.0,100.0,80.0,,19.0,0.175,10189.3625,82647839.2625,810.0
16199,1001.0,21.0,1.0,100.0,80.0,,20.0,0.425,10189.7875,82658029.05,810.0
16200,1001.0,21.0,1.0,100.0,80.0,,1.0,0.4,10190.1875,82668219.2375,811.0
16201,1001.0,21.0,1.0,100.0,80.0,,2.0,1.075,10191.2625,82678410.5,811.0
16202,1001.0,21.0,1.0,100.0,80.0,,3.0,0.975,10192.2375,82688602.7375,811.0
16203,1001.0,21.0,1.0,100.0,80.0,,4.0,0.775,10193.0125,82698795.75,811.0
16204,1001.0,21.0,1.0,100.0,80.0,,5.0,0.6375,10193.65,82708989.4,811.0
16205,1001.0,21.0,1.0,100.0,80.0,,6.0,0.925,10194.575,82719183.975,811.0
16206,1001.0,21.0,1.0,100.0,80.0,,7.0,0.9375,10195.5125,82729379.4875,811.0
16207,1001.0,21.0,1.0,100.0,80.0,,8.0,0.4625,10195.975,82739575.4625,811.0
16208,1001.0,21.0,1.0,100.0,80.0,,9.0,0.75,10196.725,82749772.1875,811.0
16209,1001.0,21.0,1.0,100.0,80.0,,10.0,0.175,10196.9,82759969.0875,811.0
16210,1001.0,21.0,1.0,100.0,80.0,,11.0,1.05,10197.95,82770167.0375,811.0
16211,1001.0,21.0,1.0,100.0,80.0,,12.0,0.15,10198.1,82780365.1375,811.0
16212,1001.0,21.0,1.0,100.0,80.0,,13.0,0.3,10198.4,82790563.5375,811.0
16213,1001.0,21.0,1.0,100.0,80.0,,14.0,0.5875,10198.9875,82800762.525,811.0
16214,1001.0,21.0,1.0,100.0,80.0,,15.0,0.3125,10199.3,82810961.825,811.0
16215,1001.0,21.0,1.0,100.0,80.0,,16.0,0.175,10199.475,82821161.3,811.0
16216,1001.0,21.0,1.0,100.0,80.0,,17.0,0.7625,10200.2375,82831361.5375,811.0
16217,1001.0,21.0,1.0,100.0,80.0,,18.0,0.5875,10200.825,82841562.3625,811.0
16218,1001.0,21.0,1.0,100.0,80.0,,19.0,0.3,10201.125,82851763.4875,811.0
16219,1001.0,21.0,1.0,100.0,80.0,,20.0,0.7125,10201.8375,82861965.325,811.0
16220,1001.0,21.0,1.0,100.0,80.0,,1.0,1.1625,10203.0,82872168.325,812.0
16221,1001.0,21.0,1.0,100.0,80.0,,2.0,0.3125,10203.3125,82882371.6375,812.0
16222,1001.0,21.0,1.0,100.0,80.0,,3.0,0.0125,10203.325,82892574.9625,812.0
16223,1001.0,21.0,1.0,100.0,80.0,,4.0,1.0875,10204.4125,82902779.375,812.0
16224,1001.0,21.0,1.0,100.0,80.0,,5.0,0.6625,10205.075,82912984.45,812.0
16225,1001.0,21.0,1.0,100.0,80.0,,6.0,0.2,10205.275,82923189.725,812.0
16226,1001.0,21.0,1.0,100.0,80.0,,7.0,0.1375,10205.4125,82933395.1375,812.0
16227,1001.0,21.0,1.0,100.0,80.0,,8.0,0.1375,10205.55,82943600.6875,812.0
16228,1001.0,21.0,1.0,100.0,80.0,,9.0,0.1625,10205.7125,82953806.4,812.0
16229,1001.0,21.0,1.0,100.0,80.0,,10.0,0.3125,10206.025,82964012.425,812.0
16230,1001.0,21.0,1.0,100.0,80.0,,11.0,0.2125,10206.2375,82974218.6625,812.0
16231,1001.0,21.0,1.0,100.0,80.0,,12.0,0.0375,10206.275,82984424.9375,812.0
16232,1001.0,21.0,1.0,100.0,80.0,,13.0,0.9125,10207.1875,82994632.125,812.0
16233,1001.0,21.0,1.0,100.0,80.0,,14.0,0.6875,10207.875,83004840.0,812.0
16234,1001.0,21.0,1.0,100.0,80.0,,15.0,0.8375,10208.7125,83015048.7125,812.0
16235,1001.0,21.0,1.0,100.0,80.0,,16.0,1.2375,10209.95,83025258.6625,812.0
16236,1001.0,21.0,1.0,100.0,80.0,,17.0,0.2,10210.15,83035468.8125,812.0
16237,1001.0,21.0,1.0,100.0,80.0,,18.0,0.0875,10210.2375,83045679.05,812.0
16238,1001.0,21.0,1.0,100.0,80.0,,19.0,0.25,10210.4875,83055889.5375,812.0
16239,1001.0,21.0,1.0,100.0,80.0,,20.0,0.9,10211.3875,83066100.925,812.0
16240,1001.0,21.0,1.0,100.0,80.0,,1.0,0.5125,10211.9,83076312.825,813.0
16241,1001.0,21.0,1.0,100.0,80.0,,2.0,0.35,10212.25,83086525.075,813.0
16242,1001.0,21.0,1.0,100.0,80.0,,3.0,0.1875,10212.4375,83096737.5125,813.0
16243,1001.0,21.0,1.0,100.0,80.0,,4.0,0.5875,10213.025,83106950.5375,813.0
16244,1001.0,21.0,1.0,100.0,80.0,,5.0,0.7375,10213.7625,83117164.3,813.0
16245,1001.0,21.0,1.0,100.0,80.0,,6.0,0.45,10214.2125,83127378.5125,813.0
16246,1001.0,21.0,1.0,100.0,80.0,,7.0,0.85,10215.0625,83137593.575,813.0
16247,1001.0,21.0,1.0,100.0,80.0,,8.0,0.925,10215.9875,83147809.5625,813.0
16248,1001.0,21.0,1.0,100.0,80.0,,9.0,1.225,10217.2125,83158026.775,813.0
16249,1001.0,21.0,1.0,100.0,80.0,,10.0,0.0375,10217.25,83168244.025,813.0
16250,1001.0,21.0,1.0,100.0,80.0,,11.0,0.8,10218.05,83178462.075,813.0
16251,1001.0,21.0,1.0,100.0,80.0,,12.0,1.0375,10219.0875,83188681.1625,813.0
16252,1001.0,21.0,1.0,100.0,80.0,,13.0,0.3625,10219.45,83198900.6125,813.0
16253,1001.0,21.0,1.0,100.0,80.0,,14.0,0.8875,10220.3375,83209120.95,813.0
16254,1001.0,21.0,1.0,100.0,80.0,,15.0,1.025,10221.3625,83219342.3125,813.0
16255,1001.0,21.0,1.0,100.0,80.0,,16.0,1.1125,10222.475,83229564.7875,813.0
16256,1001.0,21.0,1.0,100.0,80.0,,17.0,0.85,10223.325,83239788.1125,813.0
16257,1001.0,21.0,1.0,100.0,80.0,,18.0,0.95,10224.275,83250012.3875,813.0
16258,1001.0,21.0,1.0,100.0,80.0,,19.0,0.875,10225.15,83260237.5375,813.0
16259,1001.0,21.0,1.0,100.0,80.0,,20.0,0.7375,10225.8875,83270463.425,813.0
16260,1001.0,21.0,1.0,100.0,80.0,,1.0,0.55,10226.4375,83280689.8625,814.0
16261,1001.0,21.0,1.0,100.0,80.0,,2.0,1.1625,10227.6,83290917.4625,814.0
16262,1001.0,21.0,1.0,100.0,80.0,,3.0,1.15,10228.75,83301146.2125,814.0
16263,1001.0,21.0,1.0,100.0,80.0,,4.0,1.1375,10229.8875,83311376.1,814.0
16264,1001.0,21.0,1.0,100.0,80.0,,5.0,0.0375,10229.925,83321606.025,814.0
16265,1001.0,21.0,1.0,100.0,80.0,,6.0,1.1375,10231.0625,83331837.0875,814.0
16266,1001.0,21.0,1.0,100.0,80.0,,7.0,1.025,10232.0875,83342069.175,814.0
16267,1001.0,21.0,1.0,100.0,80.0,,8.0,1.1375,10233.225,83352302.4,814.0
16268,1001.0,21.0,1.0,100.0,80.0,,9.0,0.825,10234.05,83362536.45,814.0
16269,1001.0,21.0,1.0,100.0,80.0,,10.0,0.625,10234.675,83372771.125,814.0
16270,1001.0,21.0,1.0,100.0,80.0,,11.0,0.6375,10235.3125,83383006.4375,814.0
16271,1001.0,21.0,1.0,100.0,80.0,,12.0,1.2,10236.5125,83393242.95,814.0
16272,1001.0,21.0,1.0,100.0,80.0,,13.0,0.9625,10237.475,83403480.425,814.0
16273,1001.0,21.0,1.0,100.0,80.0,,14.0,0.7875,10238.2625,83413718.6875,814.0
16274,1001.0,21.0,1.0,100.0,80.0,,15.0,0.3,10238.5625,83423957.25,814.0
16275,1001.0,21.0,1.0,100.0,80.0,,16.0,0.15,10238.7125,83434195.9625,814.0
16276,1001.0,21.0,1.0,100.0,80.0,,17.0,0.325,10239.0375,83444435.0,814.0
16277,1001.0,21.0,1.0,100.0,80.0,,18.0,1.1125,10240.15,83454675.15,814.0
16278,1001.0,21.0,1.0,100.0,80.0,,19.0,0.525,10240.675,83464915.825,814.0
16279,1001.0,21.0,1.0,100.0,80.0,,20.0,0.8125,10241.4875,83475157.3125,814.0
16280,1001.0,21.0,1.0,100.0,80.0,,1.0,0.05,10241.5375,83485398.85,815.0
16281,1001.0,21.0,1.0,100.0,80.0,,2.0,0.3,10241.8375,83495640.6875,815.0
16282,1001.0,21.0,1.0,100.0,80.0,,3.0,0.7,10242.5375,83505883.225,815.0
16283,1001.0,21.0,1.0,100.0,80.0,,4.0,0.075,10242.6125,83516125.8375,815.0
16284,1001.0,21.0,1.0,100.0,80.0,,5.0,0.05,10242.6625,83526368.5,815.0
16285,1001.0,21.0,1.0,100.0,80.0,,6.0,0.8875,10243.55,83536612.05,815.0
16286,1001.0,21.0,1.0,100.0,80.0,,7.0,0.7875,10244.3375,83546856.3875,815.0
16287,1001.0,21.0,1.0,100.0,80.0,,8.0,0.5875,10244.925,83557101.3125,815.0
16288,1001.0,21.0,1.0,100.0,80.0,,9.0,0.875,10245.8,83567347.1125,815.0
16289,1001.0,21.0,1.0,100.0,80.0,,10.0,0.975,10246.775,83577593.8875,815.0
16290,1001.0,21.0,1.0,100.0,80.0,,11.0,0.75,10247.525,83587841.4125,815.0
16291,1001.0,21.0,1.0,100.0,80.0,,12.0,1.1625,10248.6875,83598090.1,815.0
16292,1001.0,21.0,1.0,100.0,80.0,,13.0,0.9375,10249.625,83608339.725,815.0
16293,1001.0,21.0,1.0,100.0,80.0,,14.0,0.7125,10250.3375,83618590.0625,815.0
16294,1001.0,21.0,1.0,100.0,80.0,,15.0,0.0375,10250.375,83628840.4375,815.0
16295,1001.0,21.0,1.0,100.0,80.0,,16.0,0.7375,10251.1125,83639091.55,815.0
16296,1001.0,21.0,1.0,100.0,80.0,,17.0,0.425,10251.5375,83649343.0875,815.0
16297,1001.0,21.0,1.0,100.0,80.0,,18.0,0.4375,10251.975,83659595.0625,815.0
16298,1001.0,21.0,1.0,100.0,80.0,,19.0,0.9,10252.875,83669847.9375,815.0
16299,1001.0,21.0,1.0,100.0,80.0,,20.0,0.5125,10253.3875,83680101.325,815.0
16300,1001.0,21.0,1.0,100.0,80.0,,1.0,0.4125,10253.8,83690355.125,816.0
16301,1001.0,21.0,1.0,100.0,80.0,,2.0,0.0875,10253.8875,83700609.0125,816.0
16302,1001.0,21.0,1.0,100.0,80.0,,3.0,0.9625,10254.85,83710863.8625,816.0
16303,1001.0,21.0,1.0,100.0,80.0,,4.0,1.2125,10256.0625,83721119.925,816.0
16304,1001.0,21.0,1.0,100.0,80.0,,5.0,0.85,10256.9125,83731376.8375,816.0
16305,1001.0,21.0,1.0,100.0,80.0,,6.0,0.5125,10257.425,83741634.2625,816.0
16306,1001.0,21.0,1.0,100.0,80.0,,7.0,0.925,10258.35,83751892.6125,816.0
16307,1001.0,21.0,1.0,100.0,80.0,,8.0,0.8375,10259.1875,83762151.8,816.0
16308,1001.0,21.0,1.0,100.0,80.0,,9.0,1.1,10260.2875,83772412.0875,816.0
16309,1001.0,21.0,1.0,100.0,80.0,,10.0,0.1375,10260.425,83782672.5125,816.0
16310,1001.0,21.0,1.0,100.0,80.0,,11.0,0.2875,10260.7125,83792933.225,816.0
16311,1001.0,21.0,1.0,100.0,80.0,,12.0,0.1625,10260.875,83803194.1,816.0
16312,1001.0,21.0,1.0,100.0,80.0,,13.0,0.0625,10260.9375,83813455.0375,816.0
16313,1001.0,21.0,1.0,100.0,80.0,,14.0,0.6,10261.5375,83823716.575,816.0
16314,1001.0,21.0,1.0,100.0,80.0,,15.0,1.2,10262.7375,83833979.3125,816.0
16315,1001.0,21.0,1.0,100.0,80.0,,16.0,0.1375,10262.875,83844242.1875,816.0
16316,1001.0,21.0,1.0,100.0,80.0,,17.0,0.9875,10263.8625,83854506.05,816.0
16317,1001.0,21.0,1.0,100.0,80.0,,18.0,0.5375,10264.4,83864770.45,816.0
16318,1001.0,21.0,1.0,100.0,80.0,,19.0,0.8125,10265.2125,83875035.6625,816.0
16319,1001.0,21.0,1.0,100.0,80.0,,20.0,1.125,10266.3375,83885302.0,816.0
16320,1001.0,21.0,1.0,100.0,80.0,,1.0,1.15,10267.4875,83895569.4875,817.0
16321,1001.0,21.0,1.0,100.0,80.0,,2.0,1.0375,10268.525,83905838.0125,817.0
16322,1001.0,21.0,1.0,100.0,80.0,,3.0,0.2,10268.725,83916106.7375,817.0
16323,1001.0,21.0,1.0,100.0,80.0,,4.0,1.1125,10269.8375,83926376.575,817.0
16324,1001.0,21.0,1.0,100.0,80.0,,5.0,0.5,10270.3375,83936646.9125,817.0
16325,1001.0,21.0,1.0,100.0,80.0,,6.0,1.0125,10271.35,83946918.2625,817.0
16326,1001.0,21.0,1.0,100.0,80.0,,7.0,0.3875,10271.7375,83957190.0,817.0
16327,1001.0,21.0,1.0,100.0,80.0,,8.0,0.9125,10272.65,83967462.65,817.0
16328,1001.0,21.0,1.0,100.0,80.0,,9.0,0.675,10273.325,83977735.975,817.0
16329,1001.0,21.0,1.0,100.0,80.0,,10.0,0.6,10273.925,83988009.9,817.0
16330,1001.0,21.0,1.0,100.0,80.0,,11.0,1.0375,10274.9625,83998284.8625,817.0
16331,1001.0,21.0,1.0,100.0,80.0,,12.0,0.375,10275.3375,84008560.2,817.0
16332,1001.0,21.0,1.0,100.0,80.0,,13.0,0.6375,10275.975,84018836.175,817.0
16333,1001.0,21.0,1.0,100.0,80.0,,14.0,0.125,10276.1,84029112.275,817.0
16334,1001.0,21.0,1.0,100.0,80.0,,15.0,0.425,10276.525,84039388.8,817.0
16335,1001.0,21.0,1.0,100.0,80.0,,16.0,0.3,10276.825,84049665.625,817.0
16336,1001.0,21.0,1.0,100.0,80.0,,17.0,0.3375,10277.1625,84059942.7875,817.0
16337,1001.0,21.0,1.0,100.0,80.0,,18.0,0.7625,10277.925,84070220.7125,817.0
16338,1001.0,21.0,1.0,100.0,80.0,,19.0,0.2625,10278.1875,84080498.9,817.0
16339,1001.0,21.0,1.0,100.0,80.0,,20.0,0.2875,10278.475,84090777.375,817.0
16340,1001.0,21.0,1.0,100.0,80.0,,1.0,1.1125,10279.5875,84101056.9625,818.0
16341,1001.0,21.0,1.0,100.0,80.0,,2.0,0.8,10280.3875,84111337.35,818.0
16342,1001.0,21.0,1.0,100.0,80.0,,3.0,1.0875,10281.475,84121618.825,818.0
16343,1001.0,21.0,1.0,100.0,80.0,,4.0,1.125,10282.6,84131901.425,818.0
16344,1001.0,21.0,1.0,100.0,80.0,,5.0,0.95,10283.55,84142184.975,818.0
16345,1001.0,21.0,1.0,100.0,80.0,,6.0,0.525,10284.075,84152469.05,818.0
16346,1001.0,21.0,1.0,100.0,80.0,,7.0,0.275,10284.35,84162753.4,818.0
16347,1001.0,21.0,1.0,100.0,80.0,,8.0,1.0625,10285.4125,84173038.8125,818.0
16348,1001.0,21.0,1.0,100.0,80.0,,9.0,1.0875,10286.5,84183325.3125,818.0
16349,1001.0,21.0,1.0,100.0,80.0,,10.0,1.2125,10287.7125,84193613.025,818.0
16350,1001.0,21.0,1.0,100.0,80.0,,11.0,0.825,10288.5375,84203901.5625,818.0
16351,1001.0,21.0,1.0,100.0,80.0,,12.0,0.6625,10289.2,84214190.7625,818.0
16352,1001.0,21.0,1.0,100.0,80.0,,13.0,1.225,10290.425,84224481.1875,818.0
16353,1001.0,21.0,1.0,100.0,80.0,,14.0,0.075,10290.5,84234771.6875,818.0
16354,1001.0,21.0,1.0,100.0,80.0,,15.0,0.825,10291.325,84245063.0125,818.0
16355,1001.0,21.0,1.0,100.0,80.0,,16.0,0.375,10291.7,84255354.7125,818.0
16356,1001.0,21.0,1.0,100.0,80.0,,17.0,1.15,10292.85,84265647.5625,818.0
16357,1001.0,21.0,1.0,100.0,80.0,,18.0,1.075,10293.925,84275941.4875,818.0
16358,1001.0,21.0,1.0,100.0,80.0,,19.0,0.25,10294.175,84286235.6625,818.0
16359,1001.0,21.0,1.0,100.0,80.0,,20.0,0.5,10294.675,84296530.3375,818.0
16360,1001.0,21.0,1.0,100.0,80.0,,1.0,0.025,10294.7,84306825.0375,819.0
16361,1001.0,21.0,1.0,100.0,80.0,,2.0,1.1125,10295.8125,84317120.85,819.0
16362,1001.0,21.0,1.0,100.0,80.0,,3.0,0.7875,10296.6,84327417.45,819.0
16363,1001.0,21.0,1.0,100.0,80.0,,4.0,0.2875,10296.8875,84337714.3375,819.0
16364,1001.0,21.0,1.0,100.0,80.0,,5.0,0.2375,10297.125,84348011.4625,819.0
16365,1001.0,21.0,1.0,100.0,80.0,,6.0,0.4125,10297.5375,84358309.0,819.0
16366,1001.0,21.0,1.0,100.0,80.0,,7.0,0.35,10297.8875,84368606.8875,819.0
16367,1001.0,21.0,1.0,100.0,80.0,,8.0,0.45,10298.3375,84378905.225,819.0
16368,1001.0,21.0,1.0,100.0,80.0,,9.0,0.05,10298.3875,84389203.6125,819.0
16369,1001.0,21.0,1.0,100.0,80.0,,10.0,0.0125,10298.4,84399502.0125,819.0
16370,1001.0,21.0,1.0,100.0,80.0,,11.0,0.1625,10298.5625,84409800.575,819.0
16371,1001.0,21.0,1.0,100.0,80.0,,12.0,0.925,10299.4875,84420100.0625,819.0
16372,1001.0,21.0,1.0,100.0,80.0,,13.0,0.3125,10299.8,84430399.8625,819.0
16373,1001.0,21.0,1.0,100.0,80.0,,14.0,0.1875,10299.9875,84440699.85,819.0
16374,1001.0,21.0,1.0,100.0,80.0,,15.0,0.1375,10300.125,84450999.975,819.0
16375,1001.0,21.0,1.0,100.0,80.0,,16.0,1.2375,10301.3625,84461301.3375,819.0
16376,1001.0,21.0,1.0,100.0,80.0,,17.0,0.4875,10301.85,84471603.1875,819.0
16377,1001.0,21.0,1.0,100.0,80.0,,18.0,0.225,10302.075,84481905.2625,819.0
16378,1001.0,21.0,1.0,100.0,80.0,,19.0,0.625,10302.7,84492207.9625,819.0
16379,1001.0,21.0,1.0,100.0,80.0,,20.0,0.5875,10303.2875,84502511.25,819.0
16380,1001.0,21.0,1.0,100.0,80.0,,1.0,0.0375,10303.325,84512814.575,820.0
16381,1001.0,21.0,1.0,100.0,80.0,,2.0,0.3,10303.625,84523118.2,820.0
16382,1001.0,21.0,1.0,100.0,80.0,,3.0,0.6,10304.225,84533422.425,820.0
16383,1001.0,21.0,1.0,100.0,80.0,,4.0,0.1375,10304.3625,84543726.7875,820.0
16384,1001.0,21.0,1.0,100.0,80.0,,5.0,1.0375,10305.4,84554032.1875,820.0
16385,1001.0,21.0,1.0,100.0,80.0,,6.0,0.1625,10305.5625,84564337.75,820.0
16386,1001.0,21.0,1.0,100.0,80.0,,7.0,0.025,10305.5875,84574643.3375,820.0
16387,1001.0,21.0,1.0,100.0,80.0,,8.0,0.175,10305.7625,84584949.1,820.0
16388,1001.0,21.0,1.0,100.0,80.0,,9.0,0.775,10306.5375,84595255.6375,820.0
16389,1001.0,21.0,1.0,100.0,80.0,,10.0,0.2,10306.7375,84605562.375,820.0
16390,1001.0,21.0,1.0,100.0,80.0,,11.0,1.0625,10307.8,84615870.175,820.0
16391,1001.0,21.0,1.0,100.0,80.0,,12.0,0.7,10308.5,84626178.675,820.0
16392,1001.0,21.0,1.0,100.0,80.0,,13.0,0.4625,10308.9625,84636487.6375,820.0
16393,1001.0,21.0,1.0,100.0,80.0,,14.0,0.075,10309.0375,84646796.675,820.0
16394,1001.0,21.0,1.0,100.0,80.0,,15.0,0.5625,10309.6,84657106.275,820.0
16395,1001.0,21.0,1.0,100.0,80.0,,16.0,0.65,10310.25,84667416.525,820.0
16396,1001.0,21.0,1.0,100.0,80.0,,17.0,0.7625,10311.0125,84677727.5375,820.0
16397,1001.0,21.0,1.0,100.0,80.0,,18.0,0.6,10311.6125,84688039.15,820.0
16398,1001.0,21.0,1.0,100.0,80.0,,19.0,1.0625,10312.675,84698351.825,820.0
16399,1001.0,21.0,1.0,100.0,80.0,,20.0,0.2875,10312.9625,84708664.7875,820.0
16400,1001.0,21.0,1.0,100.0,80.0,,1.0,0.075,10313.0375,84718977.825,821.0
16401,1001.0,21.0,1.0,100.0,80.0,,2.0,0.925,10313.9625,84729291.7875,821.0
16402,1001.0,21.0,1.0,100.0,80.0,,3.0,0.3375,10314.3,84739606.0875,821.0
16403,1001.0,21.0,1.0,100.0,80.0,,4.0,0.65,10314.95,84749921.0375,821.0
16404,1001.0,21.0,1.0,100.0,80.0,,5.0,0.475,10315.425,84760236.4625,821.0
16405,1001.0,21.0,1.0,100.0,80.0,,6.0,0.2875,10315.7125,84770552.175,821.0
16406,1001.0,21.0,1.0,100.0,80.0,,7.0,0.225,10315.9375,84780868.1125,821.0
16407,1001.0,21.0,1.0,100.0,80.0,,8.0,1.1625,10317.1,84791185.2125,821.0
16408,1001.0,21.0,1.0,100.0,80.0,,9.0,0.7,10317.8,84801503.0125,821.0
16409,1001.0,21.0,1.0,100.0,80.0,,10.0,1.2,10319.0,84811822.0125,821.0
16410,1001.0,21.0,1.0,100.0,80.0,,11.0,0.5375,10319.5375,84822141.55,821.0
16411,1001.0,21.0,1.0,100.0,80.0,,12.0,1.025,10320.5625,84832462.1125,821.0
16412,1001.0,21.0,1.0,100.0,80.0,,13.0,0.5,10321.0625,84842783.175,821.0
16413,1001.0,21.0,1.0,100.0,80.0,,14.0,1.1625,10322.225,84853105.4,821.0
16414,1001.0,21.0,1.0,100.0,80.0,,15.0,0.8625,10323.0875,84863428.4875,821.0
16415,1001.0,21.0,1.0,100.0,80.0,,16.0,0.9,10323.9875,84873752.475,821.0
16416,1001.0,21.0,1.0,100.0,80.0,,17.0,0.85,10324.8375,84884077.3125,821.0
16417,1001.0,21.0,1.0,100.0,80.0,,18.0,0.6125,10325.45,84894402.7625,821.0
16418,1001.0,21.0,1.0,100.0,80.0,,19.0,1.0375,10326.4875,84904729.25,821.0
16419,1001.0,21.0,1.0,100.0,80.0,,20.0,1.2,10327.6875,84915056.9375,821.0
16420,1001.0,21.0,1.0,100.0,80.0,,1.0,0.825,10328.5125,84925385.45,822.0
16421,1001.0,21.0,1.0,100.0,80.0,,2.0,0.3875,10328.9,84935714.35,822.0
16422,1001.0,21.0,1.0,100.0,80.0,,3.0,0.025,10328.925,84946043.275,822.0
16423,1001.0,21.0,1.0,100.0,80.0,,4.0,0.7125,10329.6375,84956372.9125,822.0
16424,1001.0,21.0,1.0,100.0,80.0,,5.0,0.8,10330.4375,84966703.35,822.0
16425,1001.0,21.0,1.0,100.0,80.0,,6.0,0.575,10331.0125,84977034.3625,822.0
16426,1001.0,21.0,1.0,100.0,80.0,,7.0,0.1,10331.1125,84987365.475,822.0
16427,1001.0,21.0,1.0,100.0,80.0,,8.0,0.35,10331.4625,84997696.9375,822.0
16428,1001.0,21.0,1.0,100.0,80.0,,9.0,0.6375,10332.1,85008029.0375,822.0
16429,1001.0,21.0,1.0,100.0,80.0,,10.0,1.15,10333.25,85018362.2875,822.0
16430,1001.0,21.0,1.0,100.0,80.0,,11.0,0.4125,10333.6625,85028695.95,822.0
16431,1001.0,21.0,1.0,100.0,80.0,,12.0,0.7,10334.3625,85039030.3125,822.0
16432,1001.0,21.0,1.0,100.0,80.0,,13.0,0.075,10334.4375,85049364.75,822.0
16433,1001.0,21.0,1.0,100.0,80.0,,14.0,1.05,10335.4875,85059700.2375,822.0
16434,1001.0,21.0,1.0,100.0,80.0,,15.0,1.0,10336.4875,85070036.725,822.0
16435,1001.0,21.0,1.0,100.0,80.0,,16.0,0.45,10336.9375,85080373.6625,822.0
16436,1001.0,21.0,1.0,100.0,80.0,,17.0,0.5375,10337.475,85090711.1375,822.0
16437,1001.0,21.0,1.0,100.0,80.0,,18.0,1.2,10338.675,85101049.8125,822.0
16438,1001.0,21.0,1.0,100.0,80.0,,19.0,0.55,10339.225,85111389.0375,822.0
16439,1001.0,21.0,1.0,100.0,80.0,,20.0,0.8625,10340.0875,85121729.125,822.0
16440,1001.0,21.0,1.0,100.0,80.0,,1.0,1.1375,10341.225,85132070.35,823.0
16441,1001.0,21.0,1.0,100.0,80.0,,2.0,0.1375,10341.3625,85142411.7125,823.0
16442,1001.0,21.0,1.0,100.0,80.0,,3.0,0.15,10341.5125,85152753.225,823.0
16443,1001.0,21.0,1.0,100.0,80.0,,4.0,0.1625,10341.675,85163094.9,823.0
16444,1001.0,21.0,1.0,100.0,80.0,,5.0,0.725,10342.4,85173437.3,823.0
16445,1001.0,21.0,1.0,100.0,80.0,,6.0,1.125,10343.525,85183780.825,823.0
16446,1001.0,21.0,1.0,100.0,80.0,,7.0,0.3,10343.825,85194124.65,823.0
16447,1001.0,21.0,1.0,100.0,80.0,,8.0,0.9625,10344.7875,85204469.4375,823.0
16448,1001.0,21.0,1.0,100.0,80.0,,9.0,0.4125,10345.2,85214814.6375,823.0
16449,1001.0,21.0,1.0,100.0,80.0,,10.0,0.35,10345.55,85225160.1875,823.0
16450,1001.0,21.0,1.0,100.0,80.0,,11.0,1.1375,10346.6875,85235506.875,823.0
16451,1001.0,21.0,1.0,100.0,80.0,,12.0,0.575,10347.2625,85245854.1375,823.0
16452,1001.0,21.0,1.0,100.0,80.0,,13.0,0.8,10348.0625,85256202.2,823.0
16453,1001.0,21.0,1.0,100.0,80.0,,14.0,0.3125,10348.375,85266550.575,823.0
16454,1001.0,21.0,1.0,100.0,80.0,,15.0,0.3375,10348.7125,85276899.2875,823.0
16455,1001.0,21.0,1.0,100.0,80.0,,16.0,1.0625,10349.775,85287249.0625,823.0
16456,1001.0,21.0,1.0,100.0,80.0,,17.0,0.05,10349.825,85297598.8875,823.0
16457,1001.0,21.0,1.0,100.0,80.0,,18.0,0.8125,10350.6375,85307949.525,823.0
16458,1001.0,21.0,1.0,100.0,80.0,,19.0,1.225,10351.8625,85318301.3875,823.0
16459,1001.0,21.0,1.0,100.0,80.0,,20.0,0.8625,10352.725,85328654.1125,823.0
16460,1001.0,21.0,1.0,100.0,80.0,,1.0,0.1,10352.825,85339006.9375,824.0
16461,1001.0,21.0,1.0,100.0,80.0,,2.0,1.1875,10354.0125,85349360.95,824.0
16462,1001.0,21.0,1.0,100.0,80.0,,3.0,1.0625,10355.075,85359716.025,824.0
16463,1001.0,21.0,1.0,100.0,80.0,,4.0,1.0125,10356.0875,85370072.1125,824.0
16464,1001.0,21.0,1.0,100.0,80.0,,5.0,0.8,10356.8875,85380429.0,824.0
16465,1001.0,21.0,1.0,100.0,80.0,,6.0,0.275,10357.1625,85390786.1625,824.0
16466,1001.0,21.0,1.0,100.0,80.0,,7.0,0.3625,10357.525,85401143.6875,824.0
16467,1001.0,21.0,1.0,100.0,80.0,,8.0,0.3625,10357.8875,85411501.575,824.0
16468,1001.0,21.0,1.0,100.0,80.0,,9.0,0.6875,10358.575,85421860.15,824.0
16469,1001.0,21.0,1.0,100.0,80.0,,10.0,0.3625,10358.9375,85432219.0875,824.0
16470,1001.0,21.0,1.0,100.0,80.0,,11.0,0.5,10359.4375,85442578.525,824.0
16471,1001.0,21.0,1.0,100.0,80.0,,12.0,1.1,10360.5375,85452939.0625,824.0
16472,1001.0,21.0,1.0,100.0,80.0,,13.0,0.0875,10360.625,85463299.6875,824.0
16473,1001.0,21.0,1.0,100.0,80.0,,14.0,0.2875,10360.9125,85473660.6,824.0
16474,1001.0,21.0,1.0,100.0,80.0,,15.0,0.55,10361.4625,85484022.0625,824.0
16475,1001.0,21.0,1.0,100.0,80.0,,16.0,1.2375,10362.7,85494384.7625,824.0
16476,1001.0,21.0,1.0,100.0,80.0,,17.0,0.85,10363.55,85504748.3125,824.0
16477,1001.0,21.0,1.0,100.0,80.0,,18.0,0.95,10364.5,85515112.8125,824.0
16478,1001.0,21.0,1.0,100.0,80.0,,19.0,0.475,10364.975,85525477.7875,824.0
16479,1001.0,21.0,1.0,100.0,80.0,,20.0,0.6375,10365.6125,85535843.4,824.0
16480,1001.0,21.0,1.0,100.0,80.0,,1.0,0.325,10365.9375,85546209.3375,825.0
16481,1001.0,21.0,1.0,100.0,80.0,,2.0,0.225,10366.1625,85556575.5,825.0
16482,1001.0,21.0,1.0,100.0,80.0,,3.0,1.0875,10367.25,85566942.75,825.0
16483,1001.0,21.0,1.0,100.0,80.0,,4.0,1.1375,10368.3875,85577311.1375,825.0
16484,1001.0,21.0,1.0,100.0,80.0,,5.0,1.1,10369.4875,85587680.625,825.0
16485,1001.0,21.0,1.0,100.0,80.0,,6.0,0.4,10369.8875,85598050.5125,825.0
16486,1001.0,21.0,1.0,100.0,80.0,,7.0,0.2375,10370.125,85608420.6375,825.0
16487,1001.0,21.0,1.0,100.0,80.0,,8.0,0.325,10370.45,85618791.0875,825.0
16488,1001.0,21.0,1.0,100.0,80.0,,9.0,0.0875,10370.5375,85629161.625,825.0
16489,1001.0,21.0,1.0,100.0,80.0,,10.0,0.0625,10370.6,85639532.225,825.0
16490,1001.0,21.0,1.0,100.0,80.0,,11.0,1.15,10371.75,85649903.975,825.0
16491,1001.0,21.0,1.0,100.0,80.0,,12.0,0.55,10372.3,85660276.275,825.0
16492,1001.0,21.0,1.0,100.0,80.0,,13.0,0.0875,10372.3875,85670648.6625,825.0
16493,1001.0,21.0,1.0,100.0,80.0,,14.0,0.5625,10372.95,85681021.6125,825.0
16494,1001.0,21.0,1.0,100.0,80.0,,15.0,1.225,10374.175,85691395.7875,825.0
16495,1001.0,21.0,1.0,100.0,80.0,,16.0,0.4375,10374.6125,85701770.4,825.0
16496,1001.0,21.0,1.0,100.0,80.0,,17.0,0.1625,10374.775,85712145.175,825.0
16497,1001.0,21.0,1.0,100.0,80.0,,18.0,0.575,10375.35,85722520.525,825.0
16498,1001.0,21.0,1.0,100.0,80.0,,19.0,1.0125,10376.3625,85732896.8875,825.0
16499,1001.0,21.0,1.0,100.0,80.0,,20.0,0.5875,10376.95,85743273.8375,825.0
16500,1001.0,21.0,1.0,100.0,80.0,,1.0,0.2875,10377.2375,85753651.075,826.0
16501,1001.0,21.0,1.0,100.0,80.0,,2.0,0.075,10377.3125,85764028.3875,826.0
16502,1001.0,21.0,1.0,100.0,80.0,,3.0,0.775,10378.0875,85774406.475,826.0
16503,1001.0,21.0,1.0,100.0,80.0,,4.0,0.725,10378.8125,85784785.2875,826.0
16504,1001.0,21.0,1.0,100.0,80.0,,5.0,0.9,10379.7125,85795165.0,826.0
16505,1001.0,21.0,1.0,100.0,80.0,,6.0,0.225,10379.9375,85805544.9375,826.0
16506,1001.0,21.0,1.0,100.0,80.0,,7.0,0.5,10380.4375,85815925.375,826.0
16507,1001.0,21.0,1.0,100.0,80.0,,8.0,0.35,10380.7875,85826306.1625,826.0
16508,1001.0,21.0,1.0,100.0,80.0,,9.0,0.675,10381.4625,85836687.625,826.0
16509,1001.0,21.0,1.0,100.0,80.0,,10.0,0.225,10381.6875,85847069.3125,826.0
16510,1001.0,21.0,1.0,100.0,80.0,,11.0,1.125,10382.8125,85857452.125,826.0
16511,1001.0,21.0,1.0,100.0,80.0,,12.0,0.25,10383.0625,85867835.1875,826.0
16512,1001.0,21.0,1.0,100.0,80.0,,13.0,0.425,10383.4875,85878218.675,826.0
16513,1001.0,21.0,1.0,100.0,80.0,,14.0,0.7375,10384.225,85888602.9,826.0
16514,1001.0,21.0,1.0,100.0,80.0,,15.0,0.825,10385.05,85898987.95,826.0
16515,1001.0,21.0,1.0,100.0,80.0,,16.0,0.8625,10385.9125,85909373.8625,826.0
16516,1001.0,21.0,1.0,100.0,80.0,,17.0,0.425,10386.3375,85919760.2,826.0
16517,1001.0,21.0,1.0,100.0,80.0,,18.0,0.125,10386.4625,85930146.6625,826.0
16518,1001.0,21.0,1.0,100.0,80.0,,19.0,0.075,10386.5375,85940533.2,826.0
16519,1001.0,21.0,1.0,100.0,80.0,,20.0,1.075,10387.6125,85950920.8125,826.0
16520,1001.0,21.0,1.0,100.0,80.0,,1.0,0.575,10388.1875,85961309.0,827.0
16521,1001.0,21.0,1.0,100.0,80.0,,2.0,1.1125,10389.3,85971698.3,827.0
16522,1001.0,21.0,1.0,100.0,80.0,,3.0,0.775,10390.075,85982088.375,827.0
16523,1001.0,21.0,1.0,100.0,80.0,,4.0,1.125,10391.2,85992479.575,827.0
16524,1001.0,21.0,1.0,100.0,80.0,,5.0,0.8375,10392.0375,86002871.6125,827.0
16525,1001.0,21.0,1.0,100.0,80.0,,6.0,0.425,10392.4625,86013264.075,827.0
16526,1001.0,21.0,1.0,100.0,80.0,,7.0,0.0625,10392.525,86023656.6,827.0
16527,1001.0,21.0,1.0,100.0,80.0,,8.0,1.0,10393.525,86034050.125,827.0
16528,1001.0,21.0,1.0,100.0,80.0,,9.0,0.3,10393.825,86044443.95,827.0
16529,1001.0,21.0,1.0,100.0,80.0,,10.0,0.375,10394.2,86054838.15,827.0
16530,1001.0,21.0,1.0,100.0,80.0,,11.0,1.0,10395.2,86065233.35,827.0
16531,1001.0,21.0,1.0,100.0,80.0,,12.0,1.15,10396.35,86075629.7,827.0
16532,1001.0,21.0,1.0,100.0,80.0,,13.0,0.0875,10396.4375,86086026.1375,827.0
16533,1001.0,21.0,1.0,100.0,80.0,,14.0,0.0625,10396.5,86096422.6375,827.0
16534,1001.0,21.0,1.0,100.0,80.0,,15.0,0.7875,10397.2875,86106819.925,827.0
16535,1001.0,21.0,1.0,100.0,80.0,,16.0,0.0125,10397.3,86117217.225,827.0
16536,1001.0,21.0,1.0,100.0,80.0,,17.0,1.175,10398.475,86127615.7,827.0
16537,1001.0,21.0,1.0,100.0,80.0,,18.0,0.725,10399.2,86138014.9,827.0
16538,1001.0,21.0,1.0,100.0,80.0,,19.0,0.4875,10399.6875,86148414.5875,827.0
16539,1001.0,21.0,1.0,100.0,80.0,,20.0,0.7375,10400.425,86158815.0125,827.0
16540,1001.0,21.0,1.0,100.0,80.0,,1.0,0.825,10401.25,86169216.2625,828.0
16541,1001.0,21.0,1.0,100.0,80.0,,2.0,0.4625,10401.7125,86179617.975,828.0
16542,1001.0,21.0,1.0,100.0,80.0,,3.0,0.8875,10402.6,86190020.575,828.0
16543,1001.0,21.0,1.0,100.0,80.0,,4.0,1.075,10403.675,86200424.25,828.0
16544,1001.0,21.0,1.0,100.0,80.0,,5.0,0.825,10404.5,86210828.75,828.0
16545,1001.0,21.0,1.0,100.0,80.0,,6.0,0.5375,10405.0375,86221233.7875,828.0
16546,1001.0,21.0,1.0,100.0,80.0,,7.0,0.1875,10405.225,86231639.0125,828.0
16547,1001.0,21.0,1.0,100.0,80.0,,8.0,1.1875,10406.4125,86242045.425,828.0
16548,1001.0,21.0,1.0,100.0,80.0,,9.0,1.225,10407.6375,86252453.0625,828.0
16549,1001.0,21.0,1.0,100.0,80.0,,10.0,0.9625,10408.6,86262861.6625,828.0
16550,1001.0,21.0,1.0,100.0,80.0,,11.0,0.6625,10409.2625,86273270.925,828.0
16551,1001.0,21.0,1.0,100.0,80.0,,12.0,0.175,10409.4375,86283680.3625,828.0
16552,1001.0,21.0,1.0,100.0,80.0,,13.0,0.1375,10409.575,86294089.9375,828.0
16553,1001.0,21.0,1.0,100.0,80.0,,14.0,0.9625,10410.5375,86304500.475,828.0
16554,1001.0,21.0,1.0,100.0,80.0,,15.0,0.1375,10410.675,86314911.15,828.0
16555,1001.0,21.0,1.0,100.0,80.0,,16.0,0.875,10411.55,86325322.7,828.0
16556,1001.0,21.0,1.0,100.0,80.0,,17.0,0.825,10412.375,86335735.075,828.0
16557,1001.0,21.0,1.0,100.0,80.0,,18.0,0.5625,10412.9375,86346148.0125,828.0
16558,1001.0,21.0,1.0,100.0,80.0,,19.0,0.025,10412.9625,86356560.975,828.0
16559,1001.0,21.0,1.0,100.0,80.0,,20.0,0.425,10413.3875,86366974.3625,828.0
16560,1001.0,21.0,1.0,100.0,80.0,,1.0,0.85,10414.2375,86377388.6,829.0
16561,1001.0,21.0,1.0,100.0,80.0,,2.0,0.2625,10414.5,86387803.1,829.0
16562,1001.0,21.0,1.0,100.0,80.0,,3.0,1.2,10415.7,86398218.8,829.0
16563,1001.0,21.0,1.0,100.0,80.0,,4.0,0.5625,10416.2625,86408635.0625,829.0
16564,1001.0,21.0,1.0,100.0,80.0,,5.0,1.0375,10417.3,86419052.3625,829.0
16565,1001.0,21.0,1.0,100.0,80.0,,6.0,0.3625,10417.6625,86429470.025,829.0
16566,1001.0,21.0,1.0,100.0,80.0,,7.0,0.0375,10417.7,86439887.725,829.0
16567,1001.0,21.0,1.0,100.0,80.0,,8.0,0.3875,10418.0875,86450305.8125,829.0
16568,1001.0,21.0,1.0,100.0,80.0,,9.0,0.5625,10418.65,86460724.4625,829.0
16569,1001.0,21.0,1.0,100.0,80.0,,10.0,1.0625,10419.7125,86471144.175,829.0
16570,1001.0,21.0,1.0,100.0,80.0,,11.0,0.2375,10419.95,86481564.125,829.0
16571,1001.0,21.0,1.0,100.0,80.0,,12.0,1.075,10421.025,86491985.15,829.0
16572,1001.0,21.0,1.0,100.0,80.0,,13.0,0.2,10421.225,86502406.375,829.0
16573,1001.0,21.0,1.0,100.0,80.0,,14.0,0.6625,10421.8875,86512828.2625,829.0
16574,1001.0,21.0,1.0,100.0,80.0,,15.0,0.8875,10422.775,86523251.0375,829.0
16575,1001.0,21.0,1.0,100.0,80.0,,16.0,0.8,10423.575,86533674.6125,829.0
16576,1001.0,21.0,1.0,100.0,80.0,,17.0,1.0875,10424.6625,86544099.275,829.0
16577,1001.0,21.0,1.0,100.0,80.0,,18.0,0.1625,10424.825,86554524.1,829.0
16578,1001.0,21.0,1.0,100.0,80.0,,19.0,0.425,10425.25,86564949.35,829.0
16579,1001.0,21.0,1.0,100.0,80.0,,20.0,0.3375,10425.5875,86575374.9375,829.0
16580,1001.0,21.0,1.0,100.0,80.0,,1.0,0.05,10425.6375,86585800.575,830.0
16581,1001.0,21.0,1.0,100.0,80.0,,2.0,0.3625,10426.0,86596226.575,830.0
16582,1001.0,21.0,1.0,100.0,80.0,,3.0,0.4875,10426.4875,86606653.0625,830.0
16583,1001.0,21.0,1.0,100.0,80.0,,4.0,0.0125,10426.5,86617079.5625,830.0
16584,1001.0,21.0,1.0,100.0,80.0,,5.0,0.8125,10427.3125,86627506.875,830.0
16585,1001.0,21.0,1.0,100.0,80.0,,6.0,1.175,10428.4875,86637935.3625,830.0
16586,1001.0,21.0,1.0,100.0,80.0,,7.0,0.9,10429.3875,86648364.75,830.0
16587,1001.0,21.0,1.0,100.0,80.0,,8.0,0.2125,10429.6,86658794.35,830.0
16588,1001.0,21.0,1.0,100.0,80.0,,9.0,0.525,10430.125,86669224.475,830.0
16589,1001.0,21.0,1.0,100.0,80.0,,10.0,0.725,10430.85,86679655.325,830.0
16590,1001.0,21.0,1.0,100.0,80.0,,11.0,0.675,10431.525,86690086.85,830.0
16591,1001.0,21.0,1.0,100.0,80.0,,12.0,1.15,10432.675,86700519.525,830.0
16592,1001.0,21.0,1.0,100.0,80.0,,13.0,1.125,10433.8,86710953.325,830.0
16593,1001.0,21.0,1.0,100.0,80.0,,14.0,0.2625,10434.0625,86721387.3875,830.0
16594,1001.0,21.0,1.0,100.0,80.0,,15.0,0.7375,10434.8,86731822.1875,830.0
16595,1001.0,21.0,1.0,100.0,80.0,,16.0,1.15,10435.95,86742258.1375,830.0
16596,1001.0,21.0,1.0,100.0,80.0,,17.0,0.3625,10436.3125,86752694.45,830.0
16597,1001.0,21.0,1.0,100.0,80.0,,18.0,0.05,10436.3625,86763130.8125,830.0
16598,1001.0,21.0,1.0,100.0,80.0,,19.0,1.0375,10437.4,86773568.2125,830.0
16599,1001.0,21.0,1.0,100.0,80.0,,20.0,0.6375,10438.0375,86784006.25,830.0
16600,1001.0,21.0,1.0,100.0,80.0,,1.0,0.05,10438.0875,86794444.3375,831.0
16601,1001.0,21.0,1.0,100.0,80.0,,2.0,1.075,10439.1625,86804883.5,831.0
16602,1001.0,21.0,1.0,100.0,80.0,,3.0,0.25,10439.4125,86815322.9125,831.0
16603,1001.0,21.0,1.0,100.0,80.0,,4.0,0.875,10440.2875,86825763.2,831.0
16604,1001.0,21.0,1.0,100.0,80.0,,5.0,0.0125,10440.3,86836203.5,831.0
16605,1001.0,21.0,1.0,100.0,80.0,,6.0,0.075,10440.375,86846643.875,831.0
16606,1001.0,21.0,1.0,100.0,80.0,,7.0,0.15,10440.525,86857084.4,831.0
16607,1001.0,21.0,1.0,100.0,80.0,,8.0,1.05,10441.575,86867525.975,831.0
16608,1001.0,21.0,1.0,100.0,80.0,,9.0,0.5125,10442.0875,86877968.0625,831.0
16609,1001.0,21.0,1.0,100.0,80.0,,10.0,0.5875,10442.675,86888410.7375,831.0
16610,1001.0,21.0,1.0,100.0,80.0,,11.0,1.15,10443.825,86898854.5625,831.0
16611,1001.0,21.0,1.0,100.0,80.0,,12.0,0.5,10444.325,86909298.8875,831.0
16612,1001.0,21.0,1.0,100.0,80.0,,13.0,0.1375,10444.4625,86919743.35,831.0
16613,1001.0,21.0,1.0,100.0,80.0,,14.0,0.1,10444.5625,86930187.9125,831.0
16614,1001.0,21.0,1.0,100.0,80.0,,15.0,1.025,10445.5875,86940633.5,831.0
16615,1001.0,21.0,1.0,100.0,80.0,,16.0,0.9875,10446.575,86951080.075,831.0
16616,1001.0,21.0,1.0,100.0,80.0,,17.0,1.2,10447.775,86961527.85,831.0
16617,1001.0,21.0,1.0,100.0,80.0,,18.0,1.0375,10448.8125,86971976.6625,831.0
16618,1001.0,21.0,1.0,100.0,80.0,,19.0,0.8875,10449.7,86982426.3625,831.0
16619,1001.0,21.0,1.0,100.0,80.0,,20.0,1.025,10450.725,86992877.0875,831.0
16620,1001.0,21.0,1.0,100.0,80.0,,1.0,1.2125,10451.9375,87003329.025,832.0
16621,1001.0,21.0,1.0,100.0,80.0,,2.0,1.0,10452.9375,87013781.9625,832.0
16622,1001.0,21.0,1.0,100.0,80.0,,3.0,0.075,10453.0125,87024234.975,832.0
16623,1001.0,21.0,1.0,100.0,80.0,,4.0,0.5125,10453.525,87034688.5,832.0
16624,1001.0,21.0,1.0,100.0,80.0,,5.0,0.2125,10453.7375,87045142.2375,832.0
16625,1001.0,21.0,1.0,100.0,80.0,,6.0,0.5,10454.2375,87055596.475,832.0
16626,1001.0,21.0,1.0,100.0,80.0,,7.0,0.6,10454.8375,87066051.3125,832.0
16627,1001.0,21.0,1.0,100.0,80.0,,8.0,0.925,10455.7625,87076507.075,832.0
16628,1001.0,21.0,1.0,100.0,80.0,,9.0,1.125,10456.8875,87086963.9625,832.0
16629,1001.0,21.0,1.0,100.0,80.0,,10.0,0.925,10457.8125,87097421.775,832.0
16630,1001.0,21.0,1.0,100.0,80.0,,11.0,0.725,10458.5375,87107880.3125,832.0
16631,1001.0,21.0,1.0,100.0,80.0,,12.0,0.25,10458.7875,87118339.1,832.0
16632,1001.0,21.0,1.0,100.0,80.0,,13.0,0.075,10458.8625,87128797.9625,832.0
16633,1001.0,21.0,1.0,100.0,80.0,,14.0,0.3375,10459.2,87139257.1625,832.0
16634,1001.0,21.0,1.0,100.0,80.0,,15.0,1.2125,10460.4125,87149717.575,832.0
16635,1001.0,21.0,1.0,100.0,80.0,,16.0,0.3875,10460.8,87160178.375,832.0
16636,1001.0,21.0,1.0,100.0,80.0,,17.0,0.9625,10461.7625,87170640.1375,832.0
16637,1001.0,21.0,1.0,100.0,80.0,,18.0,1.05,10462.8125,87181102.95,832.0
16638,1001.0,21.0,1.0,100.0,80.0,,19.0,1.05,10463.8625,87191566.8125,832.0
16639,1001.0,21.0,1.0,100.0,80.0,,20.0,0.775,10464.6375,87202031.45,832.0
16640,1001.0,21.0,1.0,100.0,80.0,,1.0,1.1875,10465.825,87212497.275,833.0
16641,1001.0,21.0,1.0,100.0,80.0,,2.0,0.1625,10465.9875,87222963.2625,833.0
16642,1001.0,21.0,1.0,100.0,80.0,,3.0,0.475,10466.4625,87233429.725,833.0
16643,1001.0,21.0,1.0,100.0,80.0,,4.0,1.0625,10467.525,87243897.25,833.0
16644,1001.0,21.0,1.0,100.0,80.0,,5.0,1.1875,10468.7125,87254365.9625,833.0
16645,1001.0,21.0,1.0,100.0,80.0,,6.0,0.8,10469.5125,87264835.475,833.0
16646,1001.0,21.0,1.0,100.0,80.0,,7.0,0.7,10470.2125,87275305.6875,833.0
16647,1001.0,21.0,1.0,100.0,80.0,,8.0,1.15,10471.3625,87285777.05,833.0
16648,1001.0,21.0,1.0,100.0,80.0,,9.0,0.35,10471.7125,87296248.7625,833.0
16649,1001.0,21.0,1.0,100.0,80.0,,10.0,1.2375,10472.95,87306721.7125,833.0
16650,1001.0,21.0,1.0,100.0,80.0,,11.0,1.0125,10473.9625,87317195.675,833.0
16651,1001.0,21.0,1.0,100.0,80.0,,12.0,0.575,10474.5375,87327670.2125,833.0
16652,1001.0,21.0,1.0,100.0,80.0,,13.0,1.125,10475.6625,87338145.875,833.0
16653,1001.0,21.0,1.0,100.0,80.0,,14.0,0.65,10476.3125,87348622.1875,833.0
16654,1001.0,21.0,1.0,100.0,80.0,,15.0,1.15,10477.4625,87359099.65,833.0
16655,1001.0,21.0,1.0,100.0,80.0,,16.0,0.3375,10477.8,87369577.45,833.0
16656,1001.0,21.0,1.0,100.0,80.0,,17.0,1.0625,10478.8625,87380056.3125,833.0
16657,1001.0,21.0,1.0,100.0,80.0,,18.0,0.025,10478.8875,87390535.2,833.0
16658,1001.0,21.0,1.0,100.0,80.0,,19.0,0.45,10479.3375,87401014.5375,833.0
16659,1001.0,21.0,1.0,100.0,80.0,,20.0,0.9875,10480.325,87411494.8625,833.0
16660,1001.0,21.0,1.0,100.0,80.0,,1.0,1.2125,10481.5375,87421976.4,834.0
16661,1001.0,21.0,1.0,100.0,80.0,,2.0,0.7,10482.2375,87432458.6375,834.0
16662,1001.0,21.0,1.0,100.0,80.0,,3.0,0.4125,10482.65,87442941.2875,834.0
16663,1001.0,21.0,1.0,100.0,80.0,,4.0,0.55,10483.2,87453424.4875,834.0
16664,1001.0,21.0,1.0,100.0,80.0,,5.0,0.0625,10483.2625,87463907.75,834.0
16665,1001.0,21.0,1.0,100.0,80.0,,6.0,0.7625,10484.025,87474391.775,834.0
16666,1001.0,21.0,1.0,100.0,80.0,,7.0,0.2125,10484.2375,87484876.0125,834.0
16667,1001.0,21.0,1.0,100.0,80.0,,8.0,0.7,10484.9375,87495360.95,834.0
16668,1001.0,21.0,1.0,100.0,80.0,,9.0,0.4375,10485.375,87505846.325,834.0
16669,1001.0,21.0,1.0,100.0,80.0,,10.0,0.4125,10485.7875,87516332.1125,834.0
16670,1001.0,21.0,1.0,100.0,80.0,,11.0,0.2375,10486.025,87526818.1375,834.0
16671,1001.0,21.0,1.0,100.0,80.0,,12.0,0.05,10486.075,87537304.2125,834.0
16672,1001.0,21.0,1.0,100.0,80.0,,13.0,1.175,10487.25,87547791.4625,834.0
16673,1001.0,21.0,1.0,100.0,80.0,,14.0,0.35,10487.6,87558279.0625,834.0
16674,1001.0,21.0,1.0,100.0,80.0,,15.0,0.2125,10487.8125,87568766.875,834.0
16675,1001.0,21.0,1.0,100.0,80.0,,16.0,1.125,10488.9375,87579255.8125,834.0
16676,1001.0,21.0,1.0,100.0,80.0,,17.0,0.225,10489.1625,87589744.975,834.0
16677,1001.0,21.0,1.0,100.0,80.0,,18.0,0.975,10490.1375,87600235.1125,834.0
16678,1001.0,21.0,1.0,100.0,80.0,,19.0,0.1375,10490.275,87610725.3875,834.0
16679,1001.0,21.0,1.0,100.0,80.0,,20.0,0.925,10491.2,87621216.5875,834.0
16680,1001.0,21.0,1.0,100.0,80.0,,1.0,0.1875,10491.3875,87631707.975,835.0
16681,1001.0,21.0,1.0,100.0,80.0,,2.0,1.1,10492.4875,87642200.4625,835.0
16682,1001.0,21.0,1.0,100.0,80.0,,3.0,0.525,10493.0125,87652693.475,835.0
16683,1001.0,21.0,1.0,100.0,80.0,,4.0,0.8375,10493.85,87663187.325,835.0
16684,1001.0,21.0,1.0,100.0,80.0,,5.0,1.2,10495.05,87673682.375,835.0
16685,1001.0,21.0,1.0,100.0,80.0,,6.0,0.1875,10495.2375,87684177.6125,835.0
16686,1001.0,21.0,1.0,100.0,80.0,,7.0,0.0625,10495.3,87694672.9125,835.0
16687,1001.0,21.0,1.0,100.0,80.0,,8.0,0.7875,10496.0875,87705169.0,835.0
16688,1001.0,21.0,1.0,100.0,80.0,,9.0,0.6,10496.6875,87715665.6875,835.0
16689,1001.0,21.0,1.0,100.0,80.0,,10.0,0.325,10497.0125,87726162.7,835.0
16690,1001.0,21.0,1.0,100.0,80.0,,11.0,0.625,10497.6375,87736660.3375,835.0
16691,1001.0,21.0,1.0,100.0,80.0,,12.0,1.075,10498.7125,87747159.05,835.0
16692,1001.0,21.0,1.0,100.0,80.0,,13.0,0.4875,10499.2,87757658.25,835.0
16693,1001.0,21.0,1.0,100.0,80.0,,14.0,0.825,10500.025,87768158.275,835.0
16694,1001.0,21.0,1.0,100.0,80.0,,15.0,0.7,10500.725,87778659.0,835.0
16695,1001.0,21.0,1.0,100.0,80.0,,16.0,0.4625,10501.1875,87789160.1875,835.0
16696,1001.0,21.0,1.0,100.0,80.0,,17.0,0.3625,10501.55,87799661.7375,835.0
16697,1001.0,21.0,1.0,100.0,80.0,,18.0,0.925,10502.475,87810164.2125,835.0
16698,1001.0,21.0,1.0,100.0,80.0,,19.0,1.0,10503.475,87820667.6875,835.0
16699,1001.0,21.0,1.0,100.0,80.0,,20.0,1.15,10504.625,87831172.3125,835.0
16700,1001.0,21.0,1.0,100.0,80.0,,1.0,0.3875,10505.0125,87841677.325,836.0
16701,1001.0,21.0,1.0,100.0,80.0,,2.0,0.675,10505.6875,87852183.0125,836.0
16702,1001.0,21.0,1.0,100.0,80.0,,3.0,0.45,10506.1375,87862689.15,836.0
16703,1001.0,21.0,1.0,100.0,80.0,,4.0,0.7625,10506.9,87873196.05,836.0
16704,1001.0,21.0,1.0,100.0,80.0,,5.0,0.4125,10507.3125,87883703.3625,836.0
16705,1001.0,21.0,1.0,100.0,80.0,,6.0,0.0625,10507.375,87894210.7375,836.0
16706,1001.0,21.0,1.0,100.0,80.0,,7.0,1.0625,10508.4375,87904719.175,836.0
16707,1001.0,21.0,1.0,100.0,80.0,,8.0,0.2375,10508.675,87915227.85,836.0
16708,1001.0,21.0,1.0,100.0,80.0,,9.0,0.525,10509.2,87925737.05,836.0
16709,1001.0,21.0,1.0,100.0,80.0,,10.0,1.1375,10510.3375,87936247.3875,836.0
16710,1001.0,21.0,1.0,100.0,80.0,,11.0,0.5,10510.8375,87946758.225,836.0
16711,1001.0,21.0,1.0,100.0,80.0,,12.0,0.5625,10511.4,87957269.625,836.0
16712,1001.0,21.0,1.0,100.0,80.0,,13.0,0.0125,10511.4125,87967781.0375,836.0
16713,1001.0,21.0,1.0,100.0,80.0,,14.0,0.225,10511.6375,87978292.675,836.0
16714,1001.0,21.0,1.0,100.0,80.0,,15.0,0.0375,10511.675,87988804.35,836.0
16715,1001.0,21.0,1.0,100.0,80.0,,16.0,0.4375,10512.1125,87999316.4625,836.0
16716,1001.0,21.0,1.0,100.0,80.0,,17.0,0.325,10512.4375,88009828.9,836.0
16717,1001.0,21.0,1.0,100.0,80.0,,18.0,0.825,10513.2625,88020342.1625,836.0
16718,1001.0,21.0,1.0,100.0,80.0,,19.0,0.1625,10513.425,88030855.5875,836.0
16719,1001.0,21.0,1.0,100.0,80.0,,20.0,0.425,10513.85,88041369.4375,836.0
16720,1001.0,21.0,1.0,100.0,80.0,,1.0,0.0875,10513.9375,88051883.375,837.0
16721,1001.0,21.0,1.0,100.0,80.0,,2.0,0.2875,10514.225,88062397.6,837.0
16722,1001.0,21.0,1.0,100.0,80.0,,3.0,0.2875,10514.5125,88072912.1125,837.0
16723,1001.0,21.0,1.0,100.0,80.0,,4.0,0.7,10515.2125,88083427.325,837.0
16724,1001.0,21.0,1.0,100.0,80.0,,5.0,0.4375,10515.65,88093942.975,837.0
16725,1001.0,21.0,1.0,100.0,80.0,,6.0,1.0125,10516.6625,88104459.6375,837.0
16726,1001.0,21.0,1.0,100.0,80.0,,7.0,1.1,10517.7625,88114977.4,837.0
16727,1001.0,21.0,1.0,100.0,80.0,,8.0,0.975,10518.7375,88125496.1375,837.0
16728,1001.0,21.0,1.0,100.0,80.0,,9.0,0.4875,10519.225,88136015.3625,837.0
16729,1001.0,21.0,1.0,100.0,80.0,,10.0,0.3125,10519.5375,88146534.9,837.0
16730,1001.0,21.0,1.0,100.0,80.0,,11.0,0.6625,10520.2,88157055.1,837.0
16731,1001.0,21.0,1.0,100.0,80.0,,12.0,0.925,10521.125,88167576.225,837.0
16732,1001.0,21.0,1.0,100.0,80.0,,13.0,0.1375,10521.2625,88178097.4875,837.0
16733,1001.0,21.0,1.0,100.0,80.0,,14.0,0.4125,10521.675,88188619.1625,837.0
16734,1001.0,21.0,1.0,100.0,80.0,,15.0,0.55,10522.225,88199141.3875,837.0
16735,1001.0,21.0,1.0,100.0,80.0,,16.0,0.1875,10522.4125,88209663.8,837.0
16736,1001.0,21.0,1.0,100.0,80.0,,17.0,0.725,10523.1375,88220186.9375,837.0
16737,1001.0,21.0,1.0,100.0,80.0,,18.0,1.125,10524.2625,88230711.2,837.0
16738,1001.0,21.0,1.0,100.0,80.0,,19.0,0.9125,10525.175,88241236.375,837.0
16739,1001.0,21.0,1.0,100.0,80.0,,20.0,0.0875,10525.2625,88251761.6375,837.0
16740,1001.0,21.0,1.0,100.0,80.0,,1.0,1.175,10526.4375,88262288.075,838.0
16741,1001.0,21.0,1.0,100.0,80.0,,2.0,0.45,10526.8875,88272814.9625,838.0
16742,1001.0,21.0,1.0,100.0,80.0,,3.0,1.0375,10527.925,88283342.8875,838.0
16743,1001.0,21.0,1.0,100.0,80.0,,4.0,0.85,10528.775,88293871.6625,838.0
16744,1001.0,21.0,1.0,100.0,80.0,,5.0,0.7125,10529.4875,88304401.15,838.0
16745,1001.0,21.0,1.0,100.0,80.0,,6.0,0.225,10529.7125,88314930.8625,838.0
16746,1001.0,21.0,1.0,100.0,80.0,,7.0,0.225,10529.9375,88325460.8,838.0
16747,1001.0,21.0,1.0,100.0,80.0,,8.0,1.1125,10531.05,88335991.85,838.0
16748,1001.0,21.0,1.0,100.0,80.0,,9.0,0.5625,10531.6125,88346523.4625,838.0
16749,1001.0,21.0,1.0,100.0,80.0,,10.0,0.275,10531.8875,88357055.35,838.0
16750,1001.0,21.0,1.0,100.0,80.0,,11.0,0.8875,10532.775,88367588.125,838.0
16751,1001.0,21.0,1.0,100.0,80.0,,12.0,1.2,10533.975,88378122.1,838.0
16752,1001.0,21.0,1.0,100.0,80.0,,13.0,0.9875,10534.9625,88388657.0625,838.0
16753,1001.0,21.0,1.0,100.0,80.0,,14.0,0.2875,10535.25,88399192.3125,838.0
16754,1001.0,21.0,1.0,100.0,80.0,,15.0,1.175,10536.425,88409728.7375,838.0
16755,1001.0,21.0,1.0,100.0,80.0,,16.0,0.075,10536.5,88420265.2375,838.0
16756,1001.0,21.0,1.0,100.0,80.0,,17.0,0.4,10536.9,88430802.1375,838.0
16757,1001.0,21.0,1.0,100.0,80.0,,18.0,0.5875,10537.4875,88441339.625,838.0
16758,1001.0,21.0,1.0,100.0,80.0,,19.0,0.875,10538.3625,88451877.9875,838.0
16759,1001.0,21.0,1.0,100.0,80.0,,20.0,0.25,10538.6125,88462416.6,838.0
16760,1001.0,21.0,1.0,100.0,80.0,,1.0,0.475,10539.0875,88472955.6875,839.0
16761,1001.0,21.0,1.0,100.0,80.0,,2.0,1.2375,10540.325,88483496.0125,839.0
16762,1001.0,21.0,1.0,100.0,80.0,,3.0,0.8375,10541.1625,88494037.175,839.0
16763,1001.0,21.0,1.0,100.0,80.0,,4.0,0.05,10541.2125,88504578.3875,839.0
16764,1001.0,21.0,1.0,100.0,80.0,,5.0,0.5875,10541.8,88515120.1875,839.0
16765,1001.0,21.0,1.0,100.0,80.0,,6.0,0.2125,10542.0125,88525662.2,839.0
16766,1001.0,21.0,1.0,100.0,80.0,,7.0,0.6625,10542.675,88536204.875,839.0
16767,1001.0,21.0,1.0,100.0,80.0,,8.0,1.175,10543.85,88546748.725,839.0
16768,1001.0,21.0,1.0,100.0,80.0,,9.0,0.65,10544.5,88557293.225,839.0
16769,1001.0,21.0,1.0,100.0,80.0,,10.0,1.1875,10545.6875,88567838.9125,839.0
16770,1001.0,21.0,1.0,100.0,80.0,,11.0,0.0625,10545.75,88578384.6625,839.0
16771,1001.0,21.0,1.0,100.0,80.0,,12.0,0.6875,10546.4375,88588931.1,839.0
16772,1001.0,21.0,1.0,100.0,80.0,,13.0,0.6875,10547.125,88599478.225,839.0
16773,1001.0,21.0,1.0,100.0,80.0,,14.0,0.5875,10547.7125,88610025.9375,839.0
16774,1001.0,21.0,1.0,100.0,80.0,,15.0,0.5,10548.2125,88620574.15,839.0
16775,1001.0,21.0,1.0,100.0,80.0,,16.0,0.8125,10549.025,88631123.175,839.0
16776,1001.0,21.0,1.0,100.0,80.0,,17.0,0.9625,10549.9875,88641673.1625,839.0
16777,1001.0,21.0,1.0,100.0,80.0,,18.0,0.1,10550.0875,88652223.25,839.0
16778,1001.0,21.0,1.0,100.0,80.0,,19.0,0.525,10550.6125,88662773.8625,839.0
16779,1001.0,21.0,1.0,100.0,80.0,,20.0,0.5,10551.1125,88673324.975,839.0
16780,1001.0,21.0,1.0,100.0,80.0,,1.0,0.4875,10551.6,88683876.575,840.0
16781,1001.0,21.0,1.0,100.0,80.0,,2.0,0.475,10552.075,88694428.65,840.0
16782,1001.0,21.0,1.0,100.0,80.0,,3.0,0.5125,10552.5875,88704981.2375,840.0
16783,1001.0,21.0,1.0,100.0,80.0,,4.0,0.4125,10553.0,88715534.2375,840.0
16784,1001.0,21.0,1.0,100.0,80.0,,5.0,0.3125,10553.3125,88726087.55,840.0
16785,1001.0,21.0,1.0,100.0,80.0,,6.0,0.175,10553.4875,88736641.0375,840.0
16786,1001.0,21.0,1.0,100.0,80.0,,7.0,1.025,10554.5125,88747195.55,840.0
16787,1001.0,21.0,1.0,100.0,80.0,,8.0,0.15,10554.6625,88757750.2125,840.0
16788,1001.0,21.0,1.0,100.0,80.0,,9.0,1.075,10555.7375,88768305.95,840.0
16789,1001.0,21.0,1.0,100.0,80.0,,10.0,0.2125,10555.95,88778861.9,840.0
16790,1001.0,21.0,1.0,100.0,80.0,,11.0,0.4125,10556.3625,88789418.2625,840.0
16791,1001.0,21.0,1.0,100.0,80.0,,12.0,0.55,10556.9125,88799975.175,840.0
16792,1001.0,21.0,1.0,100.0,80.0,,13.0,0.1375,10557.05,88810532.225,840.0
16793,1001.0,21.0,1.0,100.0,80.0,,14.0,0.0375,10557.0875,88821089.3125,840.0
16794,1001.0,21.0,1.0,100.0,80.0,,15.0,0.2,10557.2875,88831646.6,840.0
16795,1001.0,21.0,1.0,100.0,80.0,,16.0,0.6,10557.8875,88842204.4875,840.0
16796,1001.0,21.0,1.0,100.0,80.0,,17.0,0.9625,10558.85,88852763.3375,840.0
16797,1001.0,21.0,1.0,100.0,80.0,,18.0,0.325,10559.175,88863322.5125,840.0
16798,1001.0,21.0,1.0,100.0,80.0,,19.0,0.5,10559.675,88873882.1875,840.0
16799,1001.0,21.0,1.0,100.0,80.0,,20.0,1.2,10560.875,88884443.0625,840.0
16800,1001.0,21.0,1.0,100.0,80.0,,1.0,0.8,10561.675,88895004.7375,841.0
16801,1001.0,21.0,1.0,100.0,80.0,,2.0,1.2125,10562.8875,88905567.625,841.0
16802,1001.0,21.0,1.0,100.0,80.0,,3.0,0.1875,10563.075,88916130.7,841.0
16803,1001.0,21.0,1.0,100.0,80.0,,4.0,0.15,10563.225,88926693.925,841.0
16804,1001.0,21.0,1.0,100.0,80.0,,5.0,0.2625,10563.4875,88937257.4125,841.0
16805,1001.0,21.0,1.0,100.0,80.0,,6.0,1.0375,10564.525,88947821.9375,841.0
16806,1001.0,21.0,1.0,100.0,80.0,,7.0,0.3,10564.825,88958386.7625,841.0
16807,1001.0,21.0,1.0,100.0,80.0,,8.0,0.7875,10565.6125,88968952.375,841.0
16808,1001.0,21.0,1.0,100.0,80.0,,9.0,0.9375,10566.55,88979518.925,841.0
16809,1001.0,21.0,1.0,100.0,80.0,,10.0,0.2125,10566.7625,88990085.6875,841.0
16810,1001.0,21.0,1.0,100.0,80.0,,11.0,1.0625,10567.825,89000653.5125,841.0
16811,1001.0,21.0,1.0,100.0,80.0,,12.0,1.0625,10568.8875,89011222.4,841.0
16812,1001.0,21.0,1.0,100.0,80.0,,13.0,1.175,10570.0625,89021792.4625,841.0
16813,1001.0,21.0,1.0,100.0,80.0,,14.0,0.1625,10570.225,89032362.6875,841.0
16814,1001.0,21.0,1.0,100.0,80.0,,15.0,0.7,10570.925,89042933.6125,841.0
16815,1001.0,21.0,1.0,100.0,80.0,,16.0,0.0625,10570.9875,89053504.6,841.0
16816,1001.0,21.0,1.0,100.0,80.0,,17.0,1.2375,10572.225,89064076.825,841.0
16817,1001.0,21.0,1.0,100.0,80.0,,18.0,0.7875,10573.0125,89074649.8375,841.0
16818,1001.0,21.0,1.0,100.0,80.0,,19.0,0.4,10573.4125,89085223.25,841.0
16819,1001.0,21.0,1.0,100.0,80.0,,20.0,0.8875,10574.3,89095797.55,841.0
16820,1001.0,21.0,1.0,100.0,80.0,,1.0,0.9875,10575.2875,89106372.8375,842.0
16821,1001.0,21.0,1.0,100.0,80.0,,2.0,0.5625,10575.85,89116948.6875,842.0
16822,1001.0,21.0,1.0,100.0,80.0,,3.0,1.0125,10576.8625,89127525.55,842.0
16823,1001.0,21.0,1.0,100.0,80.0,,4.0,1.1875,10578.05,89138103.6,842.0
16824,1001.0,21.0,1.0,100.0,80.0,,5.0,0.475,10578.525,89148682.125,842.0
16825,1001.0,21.0,1.0,100.0,80.0,,6.0,0.325,10578.85,89159260.975,842.0
16826,1001.0,21.0,1.0,100.0,80.0,,7.0,0.2,10579.05,89169840.025,842.0
16827,1001.0,21.0,1.0,100.0,80.0,,8.0,0.0625,10579.1125,89180419.1375,842.0
16828,1001.0,21.0,1.0,100.0,80.0,,9.0,0.2375,10579.35,89190998.4875,842.0
16829,1001.0,21.0,1.0,100.0,80.0,,10.0,0.3625,10579.7125,89201578.2,842.0
16830,1001.0,21.0,1.0,100.0,80.0,,11.0,0.375,10580.0875,89212158.2875,842.0
16831,1001.0,21.0,1.0,100.0,80.0,,12.0,1.1625,10581.25,89222739.5375,842.0
16832,1001.0,21.0,1.0,100.0,80.0,,13.0,0.5125,10581.7625,89233321.3,842.0
16833,1001.0,21.0,1.0,100.0,80.0,,14.0,0.325,10582.0875,89243903.3875,842.0
16834,1001.0,21.0,1.0,100.0,80.0,,15.0,0.575,10582.6625,89254486.05,842.0
16835,1001.0,21.0,1.0,100.0,80.0,,16.0,0.5625,10583.225,89265069.275,842.0
16836,1001.0,21.0,1.0,100.0,80.0,,17.0,0.8875,10584.1125,89275653.3875,842.0
16837,1001.0,21.0,1.0,100.0,80.0,,18.0,0.2125,10584.325,89286237.7125,842.0
16838,1001.0,21.0,1.0,100.0,80.0,,19.0,0.9,10585.225,89296822.9375,842.0
16839,1001.0,21.0,1.0,100.0,80.0,,20.0,0.3,10585.525,89307408.4625,842.0
16840,1001.0,21.0,1.0,100.0,80.0,,1.0,0.2625,10585.7875,89317994.25,843.0
16841,1001.0,21.0,1.0,100.0,80.0,,2.0,0.075,10585.8625,89328580.1125,843.0
16842,1001.0,21.0,1.0,100.0,80.0,,3.0,0.9125,10586.775,89339166.8875,843.0
16843,1001.0,21.0,1.0,100.0,80.0,,4.0,0.075,10586.85,89349753.7375,843.0
16844,1001.0,21.0,1.0,100.0,80.0,,5.0,0.875,10587.725,89360341.4625,843.0
16845,1001.0,21.0,1.0,100.0,80.0,,6.0,0.7125,10588.4375,89370929.9,843.0
16846,1001.0,21.0,1.0,100.0,80.0,,7.0,0.05,10588.4875,89381518.3875,843.0
16847,1001.0,21.0,1.0,100.0,80.0,,8.0,1.125,10589.6125,89392108.0,843.0
16848,1001.0,21.0,1.0,100.0,80.0,,9.0,1.15,10590.7625,89402698.7625,843.0
16849,1001.0,21.0,1.0,100.0,80.0,,10.0,0.4375,10591.2,89413289.9625,843.0
16850,1001.0,21.0,1.0,100.0,80.0,,11.0,0.8375,10592.0375,89423882.0,843.0
16851,1001.0,21.0,1.0,100.0,80.0,,12.0,0.025,10592.0625,89434474.0625,843.0
16852,1001.0,21.0,1.0,100.0,80.0,,13.0,0.3375,10592.4,89445066.4625,843.0
16853,1001.0,21.0,1.0,100.0,80.0,,14.0,0.9375,10593.3375,89455659.8,843.0
16854,1001.0,21.0,1.0,100.0,80.0,,15.0,0.775,10594.1125,89466253.9125,843.0
16855,1001.0,21.0,1.0,100.0,80.0,,16.0,0.55,10594.6625,89476848.575,843.0
16856,1001.0,21.0,1.0,100.0,80.0,,17.0,0.5,10595.1625,89487443.7375,843.0
16857,1001.0,21.0,1.0,100.0,80.0,,18.0,1.1875,10596.35,89498040.0875,843.0
16858,1001.0,21.0,1.0,100.0,80.0,,19.0,0.4375,10596.7875,89508636.875,843.0
16859,1001.0,21.0,1.0,100.0,80.0,,20.0,1.1875,10597.975,89519234.85,843.0
16860,1001.0,21.0,1.0,100.0,80.0,,1.0,1.2,10599.175,89529834.025,844.0
16861,1001.0,21.0,1.0,100.0,80.0,,2.0,0.8625,10600.0375,89540434.0625,844.0
16862,1001.0,21.0,1.0,100.0,80.0,,3.0,0.9375,10600.975,89551035.0375,844.0
16863,1001.0,21.0,1.0,100.0,80.0,,4.0,0.125,10601.1,89561636.1375,844.0
16864,1001.0,21.0,1.0,100.0,80.0,,5.0,1.2,10602.3,89572238.4375,844.0
16865,1001.0,21.0,1.0,100.0,80.0,,6.0,0.3375,10602.6375,89582841.075,844.0
16866,1001.0,21.0,1.0,100.0,80.0,,7.0,0.2625,10602.9,89593443.975,844.0
16867,1001.0,21.0,1.0,100.0,80.0,,8.0,0.575,10603.475,89604047.45,844.0
16868,1001.0,21.0,1.0,100.0,80.0,,9.0,0.775,10604.25,89614651.7,844.0
16869,1001.0,21.0,1.0,100.0,80.0,,10.0,0.4,10604.65,89625256.35,844.0
16870,1001.0,21.0,1.0,100.0,80.0,,11.0,0.7,10605.35,89635861.7,844.0
16871,1001.0,21.0,1.0,100.0,80.0,,12.0,0.8375,10606.1875,89646467.8875,844.0
16872,1001.0,21.0,1.0,100.0,80.0,,13.0,0.6125,10606.8,89657074.6875,844.0
16873,1001.0,21.0,1.0,100.0,80.0,,14.0,0.85,10607.65,89667682.3375,844.0
16874,1001.0,21.0,1.0,100.0,80.0,,15.0,0.3375,10607.9875,89678290.325,844.0
16875,1001.0,21.0,1.0,100.0,80.0,,16.0,0.5125,10608.5,89688898.825,844.0
16876,1001.0,21.0,1.0,100.0,80.0,,17.0,1.1875,10609.6875,89699508.5125,844.0
16877,1001.0,21.0,1.0,100.0,80.0,,18.0,0.55,10610.2375,89710118.75,844.0
16878,1001.0,21.0,1.0,100.0,80.0,,19.0,0.8125,10611.05,89720729.8,844.0
16879,1001.0,21.0,1.0,100.0,80.0,,20.0,0.075,10611.125,89731340.925,844.0
16880,1001.0,21.0,1.0,100.0,80.0,,1.0,1.0625,10612.1875,89741953.1125,845.0
16881,1001.0,21.0,1.0,100.0,80.0,,2.0,0.65,10612.8375,89752565.95,845.0
16882,1001.0,21.0,1.0,100.0,80.0,,3.0,0.2375,10613.075,89763179.025,845.0
16883,1001.0,21.0,1.0,100.0,80.0,,4.0,0.8625,10613.9375,89773792.9625,845.0
16884,1001.0,21.0,1.0,100.0,80.0,,5.0,0.4625,10614.4,89784407.3625,845.0
16885,1001.0,21.0,1.0,100.0,80.0,,6.0,0.9875,10615.3875,89795022.75,845.0
16886,1001.0,21.0,1.0,100.0,80.0,,7.0,0.0375,10615.425,89805638.175,845.0
16887,1001.0,21.0,1.0,100.0,80.0,,8.0,0.3125,10615.7375,89816253.9125,845.0
16888,1001.0,21.0,1.0,100.0,80.0,,9.0,0.1375,10615.875,89826869.7875,845.0
16889,1001.0,21.0,1.0,100.0,80.0,,10.0,0.9375,10616.8125,89837486.6,845.0
16890,1001.0,21.0,1.0,100.0,80.0,,11.0,0.8125,10617.625,89848104.225,845.0
16891,1001.0,21.0,1.0,100.0,80.0,,12.0,1.05,10618.675,89858722.9,845.0
16892,1001.0,21.0,1.0,100.0,80.0,,13.0,1.2375,10619.9125,89869342.8125,845.0
16893,1001.0,21.0,1.0,100.0,80.0,,14.0,1.2375,10621.15,89879963.9625,845.0
16894,1001.0,21.0,1.0,100.0,80.0,,15.0,1.2375,10622.3875,89890586.35,845.0
16895,1001.0,21.0,1.0,100.0,80.0,,16.0,0.9625,10623.35,89901209.7,845.0
16896,1001.0,21.0,1.0,100.0,80.0,,17.0,0.8875,10624.2375,89911833.9375,845.0
16897,1001.0,21.0,1.0,100.0,80.0,,18.0,1.1375,10625.375,89922459.3125,845.0
16898,1001.0,21.0,1.0,100.0,80.0,,19.0,0.1375,10625.5125,89933084.825,845.0
16899,1001.0,21.0,1.0,100.0,80.0,,20.0,0.975,10626.4875,89943711.3125,845.0
16900,1001.0,21.0,1.0,100.0,80.0,,1.0,0.25,10626.7375,89954338.05,846.0
16901,1001.0,21.0,1.0,100.0,80.0,,2.0,0.8375,10627.575,89964965.625,846.0
16902,1001.0,21.0,1.0,100.0,80.0,,3.0,0.5875,10628.1625,89975593.7875,846.0
16903,1001.0,21.0,1.0,100.0,80.0,,4.0,0.7125,10628.875,89986222.6625,846.0
16904,1001.0,21.0,1.0,100.0,80.0,,5.0,1.025,10629.9,89996852.5625,846.0
16905,1001.0,21.0,1.0,100.0,80.0,,6.0,1.1875,10631.0875,90007483.65,846.0
16906,1001.0,21.0,1.0,100.0,80.0,,7.0,0.15,10631.2375,90018114.8875,846.0
16907,1001.0,21.0,1.0,100.0,80.0,,8.0,0.2375,10631.475,90028746.3625,846.0
16908,1001.0,21.0,1.0,100.0,80.0,,9.0,0.5625,10632.0375,90039378.4,846.0
16909,1001.0,21.0,1.0,100.0,80.0,,10.0,1.2375,10633.275,90050011.675,846.0
16910,1001.0,21.0,1.0,100.0,80.0,,11.0,0.4125,10633.6875,90060645.3625,846.0
16911,1001.0,21.0,1.0,100.0,80.0,,12.0,1.1875,10634.875,90071280.2375,846.0
16912,1001.0,21.0,1.0,100.0,80.0,,13.0,0.025,10634.9,90081915.1375,846.0
16913,1001.0,21.0,1.0,100.0,80.0,,14.0,0.6625,10635.5625,90092550.7,846.0
16914,1001.0,21.0,1.0,100.0,80.0,,15.0,0.1375,10635.7,90103186.4,846.0
16915,1001.0,21.0,1.0,100.0,80.0,,16.0,0.6,10636.3,90113822.7,846.0
16916,1001.0,21.0,1.0,100.0,80.0,,17.0,0.0375,10636.3375,90124459.0375,846.0
16917,1001.0,21.0,1.0,100.0,80.0,,18.0,0.8875,10637.225,90135096.2625,846.0
16918,1001.0,21.0,1.0,100.0,80.0,,19.0,0.85,10638.075,90145734.3375,846.0
16919,1001.0,21.0,1.0,100.0,80.0,,20.0,0.425,10638.5,90156372.8375,846.0
16920,1001.0,21.0,1.0,100.0,80.0,,1.0,0.3,10638.8,90167011.6375,847.0
16921,1001.0,21.0,1.0,100.0,80.0,,2.0,0.45,10639.25,90177650.8875,847.0
16922,1001.0,21.0,1.0,100.0,80.0,,3.0,0.475,10639.725,90188290.6125,847.0
16923,1001.0,21.0,1.0,100.0,80.0,,4.0,0.45,10640.175,90198930.7875,847.0
16924,1001.0,21.0,1.0,100.0,80.0,,5.0,1.0375,10641.2125,90209572.0,847.0
16925,1001.0,21.0,1.0,100.0,80.0,,6.0,0.7125,10641.925,90220213.925,847.0
16926,1001.0,21.0,1.0,100.0,80.0,,7.0,0.25,10642.175,90230856.1,847.0
16927,1001.0,21.0,1.0,100.0,80.0,,8.0,0.725,10642.9,90241499.0,847.0
16928,1001.0,21.0,1.0,100.0,80.0,,9.0,0.65,10643.55,90252142.55,847.0
16929,1001.0,21.0,1.0,100.0,80.0,,10.0,1.15,10644.7,90262787.25,847.0
16930,1001.0,21.0,1.0,100.0,80.0,,11.0,0.3125,10645.0125,90273432.2625,847.0
16931,1001.0,21.0,1.0,100.0,80.0,,12.0,0.075,10645.0875,90284077.35,847.0
16932,1001.0,21.0,1.0,100.0,80.0,,13.0,1.15,10646.2375,90294723.5875,847.0
16933,1001.0,21.0,1.0,100.0,80.0,,14.0,0.1,10646.3375,90305369.925,847.0
16934,1001.0,21.0,1.0,100.0,80.0,,15.0,0.35,10646.6875,90316016.6125,847.0
16935,1001.0,21.0,1.0,100.0,80.0,,16.0,0.7375,10647.425,90326664.0375,847.0
16936,1001.0,21.0,1.0,100.0,80.0,,17.0,0.1875,10647.6125,90337311.65,847.0
16937,1001.0,21.0,1.0,100.0,80.0,,18.0,0.275,10647.8875,90347959.5375,847.0
16938,1001.0,21.0,1.0,100.0,80.0,,19.0,1.15,10649.0375,90358608.575,847.0
16939,1001.0,21.0,1.0,100.0,80.0,,20.0,1.2125,10650.25,90369258.825,847.0
16940,1001.0,21.0,1.0,100.0,80.0,,1.0,0.75,10651.0,90379909.825,848.0
16941,1001.0,21.0,1.0,100.0,80.0,,2.0,0.2,10651.2,90390561.025,848.0
16942,1001.0,21.0,1.0,100.0,80.0,,3.0,0.8875,10652.0875,90401213.1125,848.0
16943,1001.0,21.0,1.0,100.0,80.0,,4.0,0.2125,10652.3,90411865.4125,848.0
16944,1001.0,21.0,1.0,100.0,80.0,,5.0,0.1625,10652.4625,90422517.875,848.0
16945,1001.0,21.0,1.0,100.0,80.0,,6.0,0.1,10652.5625,90433170.4375,848.0
16946,1001.0,21.0,1.0,100.0,80.0,,7.0,0.5,10653.0625,90443823.5,848.0
16947,1001.0,21.0,1.0,100.0,80.0,,8.0,0.2125,10653.275,90454476.775,848.0
16948,1001.0,21.0,1.0,100.0,80.0,,9.0,0.0375,10653.3125,90465130.0875,848.0
16949,1001.0,21.0,1.0,100.0,80.0,,10.0,0.3375,10653.65,90475783.7375,848.0
16950,1001.0,21.0,1.0,100.0,80.0,,11.0,0.325,10653.975,90486437.7125,848.0
16951,1001.0,21.0,1.0,100.0,80.0,,12.0,0.625,10654.6,90497092.3125,848.0
16952,1001.0,21.0,1.0,100.0,80.0,,13.0,0.6625,10655.2625,90507747.575,848.0
16953,1001.0,21.0,1.0,100.0,80.0,,14.0,0.5875,10655.85,90518403.425,848.0
16954,1001.0,21.0,1.0,100.0,80.0,,15.0,0.2875,10656.1375,90529059.5625,848.0
16955,1001.0,21.0,1.0,100.0,80.0,,16.0,1.0125,10657.15,90539716.7125,848.0
16956,1001.0,21.0,1.0,100.0,80.0,,17.0,1.15,10658.3,90550375.0125,848.0
16957,1001.0,21.0,1.0,100.0,80.0,,18.0,1.2125,10659.5125,90561034.525,848.0
16958,1001.0,21.0,1.0,100.0,80.0,,19.0,0.925,10660.4375,90571694.9625,848.0
16959,1001.0,21.0,1.0,100.0,80.0,,20.0,0.75,10661.1875,90582356.15,848.0
16960,1001.0,21.0,1.0,100.0,80.0,,1.0,0.4875,10661.675,90593017.825,849.0
16961,1001.0,21.0,1.0,100.0,80.0,,2.0,0.6875,10662.3625,90603680.1875,849.0
16962,1001.0,21.0,1.0,100.0,80.0,,3.0,0.475,10662.8375,90614343.025,849.0
16963,1001.0,21.0,1.0,100.0,80.0,,4.0,1.05,10663.8875,90625006.9125,849.0
16964,1001.0,21.0,1.0,100.0,80.0,,5.0,0.6625,10664.55,90635671.4625,849.0
16965,1001.0,21.0,1.0,100.0,80.0,,6.0,0.875,10665.425,90646336.8875,849.0
16966,1001.0,21.0,1.0,100.0,80.0,,7.0,0.6375,10666.0625,90657002.95,849.0
16967,1001.0,21.0,1.0,100.0,80.0,,8.0,0.225,10666.2875,90667669.2375,849.0
16968,1001.0,21.0,1.0,100.0,80.0,,9.0,1.225,10667.5125,90678336.75,849.0
16969,1001.0,21.0,1.0,100.0,80.0,,10.0,0.9375,10668.45,90689005.2,849.0
16970,1001.0,21.0,1.0,100.0,80.0,,11.0,0.9375,10669.3875,90699674.5875,849.0
16971,1001.0,21.0,1.0,100.0,80.0,,12.0,0.925,10670.3125,90710344.9,849.0
16972,1001.0,21.0,1.0,100.0,80.0,,13.0,1.0,10671.3125,90721016.2125,849.0
16973,1001.0,21.0,1.0,100.0,80.0,,14.0,0.0125,10671.325,90731687.5375,849.0
16974,1001.0,21.0,1.0,100.0,80.0,,15.0,0.95,10672.275,90742359.8125,849.0
16975,1001.0,21.0,1.0,100.0,80.0,,16.0,1.2375,10673.5125,90753033.325,849.0
16976,1001.0,21.0,1.0,100.0,80.0,,17.0,0.725,10674.2375,90763707.5625,849.0
16977,1001.0,21.0,1.0,100.0,80.0,,18.0,1.0,10675.2375,90774382.8,849.0
16978,1001.0,21.0,1.0,100.0,80.0,,19.0,0.3125,10675.55,90785058.35,849.0
16979,1001.0,21.0,1.0,100.0,80.0,,20.0,0.1875,10675.7375,90795734.0875,849.0
16980,1001.0,21.0,1.0,100.0,80.0,,1.0,1.125,10676.8625,90806410.95,850.0
16981,1001.0,21.0,1.0,100.0,80.0,,2.0,0.05,10676.9125,90817087.8625,850.0
16982,1001.0,21.0,1.0,100.0,80.0,,3.0,0.6875,10677.6,90827765.4625,850.0
16983,1001.0,21.0,1.0,100.0,80.0,,4.0,0.975,10678.575,90838444.0375,850.0
16984,1001.0,21.0,1.0,100.0,80.0,,5.0,0.1125,10678.6875,90849122.725,850.0
16985,1001.0,21.0,1.0,100.0,80.0,,6.0,0.475,10679.1625,90859801.8875,850.0
16986,1001.0,21.0,1.0,100.0,80.0,,7.0,1.175,10680.3375,90870482.225,850.0
16987,1001.0,21.0,1.0,100.0,80.0,,8.0,1.225,10681.5625,90881163.7875,850.0
16988,1001.0,21.0,1.0,100.0,80.0,,9.0,1.2375,10682.8,90891846.5875,850.0
16989,1001.0,21.0,1.0,100.0,80.0,,10.0,0.6625,10683.4625,90902530.05,850.0
16990,1001.0,21.0,1.0,100.0,80.0,,11.0,0.7125,10684.175,90913214.225,850.0
16991,1001.0,21.0,1.0,100.0,80.0,,12.0,0.6375,10684.8125,90923899.0375,850.0
16992,1001.0,21.0,1.0,100.0,80.0,,13.0,0.0125,10684.825,90934583.8625,850.0
16993,1001.0,21.0,1.0,100.0,80.0,,14.0,0.1875,10685.0125,90945268.875,850.0
16994,1001.0,21.0,1.0,100.0,80.0,,15.0,0.2375,10685.25,90955954.125,850.0
16995,1001.0,21.0,1.0,100.0,80.0,,16.0,0.8875,10686.1375,90966640.2625,850.0
16996,1001.0,21.0,1.0,100.0,80.0,,17.0,0.2625,10686.4,90977326.6625,850.0
16997,1001.0,21.0,1.0,100.0,80.0,,18.0,0.45,10686.85,90988013.5125,850.0
16998,1001.0,21.0,1.0,100.0,80.0,,19.0,0.325,10687.175,90998700.6875,850.0
16999,1001.0,21.0,1.0,100.0,80.0,,20.0,0.3875,10687.5625,91009388.25,850.0
17000,1001.0,21.0,1.0,100.0,80.0,,1.0,0.8875,10688.45,91020076.7,851.0
17001,1001.0,21.0,1.0,100.0,80.0,,2.0,1.1625,10689.6125,91030766.3125,851.0
17002,1001.0,21.0,1.0,100.0,80.0,,3.0,1.0375,10690.65,91041456.9625,851.0
17003,1001.0,21.0,1.0,100.0,80.0,,4.0,0.1125,10690.7625,91052147.725,851.0
17004,1001.0,21.0,1.0,100.0,80.0,,5.0,0.8125,10691.575,91062839.3,851.0
17005,1001.0,21.0,1.0,100.0,80.0,,6.0,1.1375,10692.7125,91073532.0125,851.0
17006,1001.0,21.0,1.0,100.0,80.0,,7.0,0.375,10693.0875,91084225.1,851.0
17007,1001.0,21.0,1.0,100.0,80.0,,8.0,0.55,10693.6375,91094918.7375,851.0
17008,1001.0,21.0,1.0,100.0,80.0,,9.0,0.4375,10694.075,91105612.8125,851.0
17009,1001.0,21.0,1.0,100.0,80.0,,10.0,0.375,10694.45,91116307.2625,851.0
17010,1001.0,21.0,1.0,100.0,80.0,,11.0,0.425,10694.875,91127002.1375,851.0
17011,1001.0,21.0,1.0,100.0,80.0,,12.0,1.0375,10695.9125,91137698.05,851.0
17012,1001.0,21.0,1.0,100.0,80.0,,13.0,0.9875,10696.9,91148394.95,851.0
17013,1001.0,21.0,1.0,100.0,80.0,,14.0,0.025,10696.925,91159091.875,851.0
17014,1001.0,21.0,1.0,100.0,80.0,,15.0,1.1375,10698.0625,91169789.9375,851.0
17015,1001.0,21.0,1.0,100.0,80.0,,16.0,0.7875,10698.85,91180488.7875,851.0
17016,1001.0,21.0,1.0,100.0,80.0,,17.0,0.175,10699.025,91191187.8125,851.0
17017,1001.0,21.0,1.0,100.0,80.0,,18.0,0.8125,10699.8375,91201887.65,851.0
17018,1001.0,21.0,1.0,100.0,80.0,,19.0,1.0125,10700.85,91212588.5,851.0
17019,1001.0,21.0,1.0,100.0,80.0,,20.0,0.55,10701.4,91223289.9,851.0
17020,1001.0,21.0,1.0,100.0,80.0,,1.0,1.0625,10702.4625,91233992.3625,852.0
17021,1001.0,21.0,1.0,100.0,80.0,,2.0,0.5375,10703.0,91244695.3625,852.0
17022,1001.0,21.0,1.0,100.0,80.0,,3.0,0.2375,10703.2375,91255398.6,852.0
17023,1001.0,21.0,1.0,100.0,80.0,,4.0,0.65,10703.8875,91266102.4875,852.0
17024,1001.0,21.0,1.0,100.0,80.0,,5.0,1.2375,10705.125,91276807.6125,852.0
17025,1001.0,21.0,1.0,100.0,80.0,,6.0,1.1125,10706.2375,91287513.85,852.0
17026,1001.0,21.0,1.0,100.0,80.0,,7.0,0.2125,10706.45,91298220.3,852.0
17027,1001.0,21.0,1.0,100.0,80.0,,8.0,0.6375,10707.0875,91308927.3875,852.0
17028,1001.0,21.0,1.0,100.0,80.0,,9.0,1.0875,10708.175,91319635.5625,852.0
17029,1001.0,21.0,1.0,100.0,80.0,,10.0,0.05,10708.225,91330343.7875,852.0
17030,1001.0,21.0,1.0,100.0,80.0,,11.0,0.65,10708.875,91341052.6625,852.0
17031,1001.0,21.0,1.0,100.0,80.0,,12.0,0.0125,10708.8875,91351761.55,852.0
17032,1001.0,21.0,1.0,100.0,80.0,,13.0,1.2,10710.0875,91362471.6375,852.0
17033,1001.0,21.0,1.0,100.0,80.0,,14.0,0.55,10710.6375,91373182.275,852.0
17034,1001.0,21.0,1.0,100.0,80.0,,15.0,0.15,10710.7875,91383893.0625,852.0
17035,1001.0,21.0,1.0,100.0,80.0,,16.0,0.0625,10710.85,91394603.9125,852.0
17036,1001.0,21.0,1.0,100.0,80.0,,17.0,0.2875,10711.1375,91405315.05,852.0
17037,1001.0,21.0,1.0,100.0,80.0,,18.0,1.2125,10712.35,91416027.4,852.0
17038,1001.0,21.0,1.0,100.0,80.0,,19.0,0.8,10713.15,91426740.55,852.0
17039,1001.0,21.0,1.0,100.0,80.0,,20.0,1.0625,10714.2125,91437454.7625,852.0
17040,1001.0,21.0,1.0,100.0,80.0,,1.0,0.575,10714.7875,91448169.55,853.0
17041,1001.0,21.0,1.0,100.0,80.0,,2.0,0.4,10715.1875,91458884.7375,853.0
17042,1001.0,21.0,1.0,100.0,80.0,,3.0,0.15,10715.3375,91469600.075,853.0
17043,1001.0,21.0,1.0,100.0,80.0,,4.0,0.025,10715.3625,91480315.4375,853.0
17044,1001.0,21.0,1.0,100.0,80.0,,5.0,0.85,10716.2125,91491031.65,853.0
17045,1001.0,21.0,1.0,100.0,80.0,,6.0,0.5125,10716.725,91501748.375,853.0
17046,1001.0,21.0,1.0,100.0,80.0,,7.0,1.1,10717.825,91512466.2,853.0
17047,1001.0,21.0,1.0,100.0,80.0,,8.0,0.4625,10718.2875,91523184.4875,853.0
17048,1001.0,21.0,1.0,100.0,80.0,,9.0,0.4875,10718.775,91533903.2625,853.0
17049,1001.0,21.0,1.0,100.0,80.0,,10.0,1.175,10719.95,91544623.2125,853.0
17050,1001.0,21.0,1.0,100.0,80.0,,11.0,0.625,10720.575,91555343.7875,853.0
17051,1001.0,21.0,1.0,100.0,80.0,,12.0,0.475,10721.05,91566064.8375,853.0
17052,1001.0,21.0,1.0,100.0,80.0,,13.0,0.8625,10721.9125,91576786.75,853.0
17053,1001.0,21.0,1.0,100.0,80.0,,14.0,0.7,10722.6125,91587509.3625,853.0
17054,1001.0,21.0,1.0,100.0,80.0,,15.0,0.95,10723.5625,91598232.925,853.0
17055,1001.0,21.0,1.0,100.0,80.0,,16.0,0.3125,10723.875,91608956.8,853.0
17056,1001.0,21.0,1.0,100.0,80.0,,17.0,0.1125,10723.9875,91619680.7875,853.0
17057,1001.0,21.0,1.0,100.0,80.0,,18.0,0.0625,10724.05,91630404.8375,853.0
17058,1001.0,21.0,1.0,100.0,80.0,,19.0,0.95,10725.0,91641129.8375,853.0
17059,1001.0,21.0,1.0,100.0,80.0,,20.0,0.4125,10725.4125,91651855.25,853.0
17060,1001.0,21.0,1.0,100.0,80.0,,1.0,0.275,10725.6875,91662580.9375,854.0
17061,1001.0,21.0,1.0,100.0,80.0,,2.0,1.2,10726.8875,91673307.825,854.0
17062,1001.0,21.0,1.0,100.0,80.0,,3.0,0.95,10727.8375,91684035.6625,854.0
17063,1001.0,21.0,1.0,100.0,80.0,,4.0,0.5875,10728.425,91694764.0875,854.0
17064,1001.0,21.0,1.0,100.0,80.0,,5.0,0.525,10728.95,91705493.0375,854.0
17065,1001.0,21.0,1.0,100.0,80.0,,6.0,0.3125,10729.2625,91716222.3,854.0
17066,1001.0,21.0,1.0,100.0,80.0,,7.0,0.8,10730.0625,91726952.3625,854.0
17067,1001.0,21.0,1.0,100.0,80.0,,8.0,1.1625,10731.225,91737683.5875,854.0
17068,1001.0,21.0,1.0,100.0,80.0,,9.0,0.225,10731.45,91748415.0375,854.0
17069,1001.0,21.0,1.0,100.0,80.0,,10.0,0.15,10731.6,91759146.6375,854.0
17070,1001.0,21.0,1.0,100.0,80.0,,11.0,0.3375,10731.9375,91769878.575,854.0
17071,1001.0,21.0,1.0,100.0,80.0,,12.0,0.3,10732.2375,91780610.8125,854.0
17072,1001.0,21.0,1.0,100.0,80.0,,13.0,0.1,10732.3375,91791343.15,854.0
17073,1001.0,21.0,1.0,100.0,80.0,,14.0,0.1375,10732.475,91802075.625,854.0
17074,1001.0,21.0,1.0,100.0,80.0,,15.0,0.675,10733.15,91812808.775,854.0
17075,1001.0,21.0,1.0,100.0,80.0,,16.0,0.5375,10733.6875,91823542.4625,854.0
17076,1001.0,21.0,1.0,100.0,80.0,,17.0,0.125,10733.8125,91834276.275,854.0
17077,1001.0,21.0,1.0,100.0,80.0,,18.0,1.075,10734.8875,91845011.1625,854.0
17078,1001.0,21.0,1.0,100.0,80.0,,19.0,1.0625,10735.95,91855747.1125,854.0
17079,1001.0,21.0,1.0,100.0,80.0,,20.0,1.125,10737.075,91866484.1875,854.0
17080,1001.0,21.0,1.0,100.0,80.0,,1.0,0.4625,10737.5375,91877221.725,855.0
17081,1001.0,21.0,1.0,100.0,80.0,,2.0,0.75,10738.2875,91887960.0125,855.0
17082,1001.0,21.0,1.0,100.0,80.0,,3.0,0.9,10739.1875,91898699.2,855.0
17083,1001.0,21.0,1.0,100.0,80.0,,4.0,0.75,10739.9375,91909439.1375,855.0
17084,1001.0,21.0,1.0,100.0,80.0,,5.0,0.625,10740.5625,91920179.7,855.0
17085,1001.0,21.0,1.0,100.0,80.0,,6.0,1.175,10741.7375,91930921.4375,855.0
17086,1001.0,21.0,1.0,100.0,80.0,,7.0,1.1625,10742.9,91941664.3375,855.0
17087,1001.0,21.0,1.0,100.0,80.0,,8.0,0.5625,10743.4625,91952407.8,855.0
17088,1001.0,21.0,1.0,100.0,80.0,,9.0,0.4375,10743.9,91963151.7,855.0
17089,1001.0,21.0,1.0,100.0,80.0,,10.0,1.15,10745.05,91973896.75,855.0
17090,1001.0,21.0,1.0,100.0,80.0,,11.0,0.8375,10745.8875,91984642.6375,855.0
17091,1001.0,21.0,1.0,100.0,80.0,,12.0,0.45,10746.3375,91995388.975,855.0
17092,1001.0,21.0,1.0,100.0,80.0,,13.0,0.5375,10746.875,92006135.85,855.0
17093,1001.0,21.0,1.0,100.0,80.0,,14.0,0.3375,10747.2125,92016883.0625,855.0
17094,1001.0,21.0,1.0,100.0,80.0,,15.0,0.8875,10748.1,92027631.1625,855.0
17095,1001.0,21.0,1.0,100.0,80.0,,16.0,0.325,10748.425,92038379.5875,855.0
17096,1001.0,21.0,1.0,100.0,80.0,,17.0,0.8375,10749.2625,92049128.85,855.0
17097,1001.0,21.0,1.0,100.0,80.0,,18.0,0.0625,10749.325,92059878.175,855.0
17098,1001.0,21.0,1.0,100.0,80.0,,19.0,0.3875,10749.7125,92070627.8875,855.0
17099,1001.0,21.0,1.0,100.0,80.0,,20.0,0.925,10750.6375,92081378.525,855.0
17100,1001.0,21.0,1.0,100.0,80.0,,1.0,0.525,10751.1625,92092129.6875,856.0
17101,1001.0,21.0,1.0,100.0,80.0,,2.0,0.475,10751.6375,92102881.325,856.0
17102,1001.0,21.0,1.0,100.0,80.0,,3.0,0.6875,10752.325,92113633.65,856.0
17103,1001.0,21.0,1.0,100.0,80.0,,4.0,0.225,10752.55,92124386.2,856.0
17104,1001.0,21.0,1.0,100.0,80.0,,5.0,0.05,10752.6,92135138.8,856.0
17105,1001.0,21.0,1.0,100.0,80.0,,6.0,0.775,10753.375,92145892.175,856.0
17106,1001.0,21.0,1.0,100.0,80.0,,7.0,0.85,10754.225,92156646.4,856.0
17107,1001.0,21.0,1.0,100.0,80.0,,8.0,0.4625,10754.6875,92167401.0875,856.0
17108,1001.0,21.0,1.0,100.0,80.0,,9.0,0.0375,10754.725,92178155.8125,856.0
17109,1001.0,21.0,1.0,100.0,80.0,,10.0,0.3375,10755.0625,92188910.875,856.0
17110,1001.0,21.0,1.0,100.0,80.0,,11.0,0.475,10755.5375,92199666.4125,856.0
17111,1001.0,21.0,1.0,100.0,80.0,,12.0,0.9125,10756.45,92210422.8625,856.0
17112,1001.0,21.0,1.0,100.0,80.0,,13.0,0.85,10757.3,92221180.1625,856.0
17113,1001.0,21.0,1.0,100.0,80.0,,14.0,0.55,10757.85,92231938.0125,856.0
17114,1001.0,21.0,1.0,100.0,80.0,,15.0,0.9875,10758.8375,92242696.85,856.0
17115,1001.0,21.0,1.0,100.0,80.0,,16.0,1.2125,10760.05,92253456.9,856.0
17116,1001.0,21.0,1.0,100.0,80.0,,17.0,0.5875,10760.6375,92264217.5375,856.0
17117,1001.0,21.0,1.0,100.0,80.0,,18.0,1.075,10761.7125,92274979.25,856.0
17118,1001.0,21.0,1.0,100.0,80.0,,19.0,1.0375,10762.75,92285742.0,856.0
17119,1001.0,21.0,1.0,100.0,80.0,,20.0,0.4625,10763.2125,92296505.2125,856.0
17120,1001.0,21.0,1.0,100.0,80.0,,1.0,0.2625,10763.475,92307268.6875,857.0
17121,1001.0,21.0,1.0,100.0,80.0,,2.0,1.125,10764.6,92318033.2875,857.0
17122,1001.0,21.0,1.0,100.0,80.0,,3.0,0.875,10765.475,92328798.7625,857.0
17123,1001.0,21.0,1.0,100.0,80.0,,4.0,0.4625,10765.9375,92339564.7,857.0
17124,1001.0,21.0,1.0,100.0,80.0,,5.0,0.3625,10766.3,92350331.0,857.0
17125,1001.0,21.0,1.0,100.0,80.0,,6.0,0.725,10767.025,92361098.025,857.0
17126,1001.0,21.0,1.0,100.0,80.0,,7.0,1.0375,10768.0625,92371866.0875,857.0
17127,1001.0,21.0,1.0,100.0,80.0,,8.0,0.8625,10768.925,92382635.0125,857.0
17128,1001.0,21.0,1.0,100.0,80.0,,9.0,0.625,10769.55,92393404.5625,857.0
17129,1001.0,21.0,1.0,100.0,80.0,,10.0,0.5,10770.05,92404174.6125,857.0
17130,1001.0,21.0,1.0,100.0,80.0,,11.0,0.9375,10770.9875,92414945.6,857.0
17131,1001.0,21.0,1.0,100.0,80.0,,12.0,0.075,10771.0625,92425716.6625,857.0
17132,1001.0,21.0,1.0,100.0,80.0,,13.0,0.0125,10771.075,92436487.7375,857.0
17133,1001.0,21.0,1.0,100.0,80.0,,14.0,1.125,10772.2,92447259.9375,857.0
17134,1001.0,21.0,1.0,100.0,80.0,,15.0,0.0125,10772.2125,92458032.15,857.0
17135,1001.0,21.0,1.0,100.0,80.0,,16.0,0.375,10772.5875,92468804.7375,857.0
17136,1001.0,21.0,1.0,100.0,80.0,,17.0,1.1875,10773.775,92479578.5125,857.0
17137,1001.0,21.0,1.0,100.0,80.0,,18.0,1.1125,10774.8875,92490353.4,857.0
17138,1001.0,21.0,1.0,100.0,80.0,,19.0,0.6125,10775.5,92501128.9,857.0
17139,1001.0,21.0,1.0,100.0,80.0,,20.0,0.5125,10776.0125,92511904.9125,857.0
17140,1001.0,21.0,1.0,100.0,80.0,,1.0,0.2125,10776.225,92522681.1375,858.0
17141,1001.0,21.0,1.0,100.0,80.0,,2.0,1.225,10777.45,92533458.5875,858.0
17142,1001.0,21.0,1.0,100.0,80.0,,3.0,0.5125,10777.9625,92544236.55,858.0
17143,1001.0,21.0,1.0,100.0,80.0,,4.0,0.85,10778.8125,92555015.3625,858.0
17144,1001.0,21.0,1.0,100.0,80.0,,5.0,0.875,10779.6875,92565795.05,858.0
17145,1001.0,21.0,1.0,100.0,80.0,,6.0,1.0875,10780.775,92576575.825,858.0
17146,1001.0,21.0,1.0,100.0,80.0,,7.0,0.175,10780.95,92587356.775,858.0
17147,1001.0,21.0,1.0,100.0,80.0,,8.0,0.7875,10781.7375,92598138.5125,858.0
17148,1001.0,21.0,1.0,100.0,80.0,,9.0,0.7625,10782.5,92608921.0125,858.0
17149,1001.0,21.0,1.0,100.0,80.0,,10.0,0.5625,10783.0625,92619704.075,858.0
17150,1001.0,21.0,1.0,100.0,80.0,,11.0,1.2,10784.2625,92630488.3375,858.0
17151,1001.0,21.0,1.0,100.0,80.0,,12.0,0.925,10785.1875,92641273.525,858.0
17152,1001.0,21.0,1.0,100.0,80.0,,13.0,0.725,10785.9125,92652059.4375,858.0
17153,1001.0,21.0,1.0,100.0,80.0,,14.0,0.3125,10786.225,92662845.6625,858.0
17154,1001.0,21.0,1.0,100.0,80.0,,15.0,0.3125,10786.5375,92673632.2,858.0
17155,1001.0,21.0,1.0,100.0,80.0,,16.0,1.1,10787.6375,92684419.8375,858.0
17156,1001.0,21.0,1.0,100.0,80.0,,17.0,0.9625,10788.6,92695208.4375,858.0
17157,1001.0,21.0,1.0,100.0,80.0,,18.0,1.025,10789.625,92705998.0625,858.0
17158,1001.0,21.0,1.0,100.0,80.0,,19.0,1.075,10790.7,92716788.7625,858.0
17159,1001.0,21.0,1.0,100.0,80.0,,20.0,0.8875,10791.5875,92727580.35,858.0
17160,1001.0,21.0,1.0,100.0,80.0,,1.0,0.7375,10792.325,92738372.675,859.0
17161,1001.0,21.0,1.0,100.0,80.0,,2.0,0.9625,10793.2875,92749165.9625,859.0
17162,1001.0,21.0,1.0,100.0,80.0,,3.0,0.4875,10793.775,92759959.7375,859.0
17163,1001.0,21.0,1.0,100.0,80.0,,4.0,0.6625,10794.4375,92770754.175,859.0
17164,1001.0,21.0,1.0,100.0,80.0,,5.0,0.825,10795.2625,92781549.4375,859.0
17165,1001.0,21.0,1.0,100.0,80.0,,6.0,0.4125,10795.675,92792345.1125,859.0
17166,1001.0,21.0,1.0,100.0,80.0,,7.0,0.0375,10795.7125,92803140.825,859.0
17167,1001.0,21.0,1.0,100.0,80.0,,8.0,0.0625,10795.775,92813936.6,859.0
17168,1001.0,21.0,1.0,100.0,80.0,,9.0,1.0125,10796.7875,92824733.3875,859.0
17169,1001.0,21.0,1.0,100.0,80.0,,10.0,0.975,10797.7625,92835531.15,859.0
17170,1001.0,21.0,1.0,100.0,80.0,,11.0,1.05,10798.8125,92846329.9625,859.0
17171,1001.0,21.0,1.0,100.0,80.0,,12.0,0.575,10799.3875,92857129.35,859.0
17172,1001.0,21.0,1.0,100.0,80.0,,13.0,0.3875,10799.775,92867929.125,859.0
17173,1001.0,21.0,1.0,100.0,80.0,,14.0,0.1625,10799.9375,92878729.0625,859.0
17174,1001.0,21.0,1.0,100.0,80.0,,15.0,0.9125,10800.85,92889529.9125,859.0
17175,1001.0,21.0,1.0,100.0,80.0,,16.0,0.9625,10801.8125,92900331.725,859.0
17176,1001.0,21.0,1.0,100.0,80.0,,17.0,1.2125,10803.025,92911134.75,859.0
17177,1001.0,21.0,1.0,100.0,80.0,,18.0,0.5125,10803.5375,92921938.2875,859.0
17178,1001.0,21.0,1.0,100.0,80.0,,19.0,0.8625,10804.4,92932742.6875,859.0
17179,1001.0,21.0,1.0,100.0,80.0,,20.0,0.15,10804.55,92943547.2375,859.0
17180,1001.0,21.0,1.0,100.0,80.0,,1.0,0.7,10805.25,92954352.4875,860.0
17181,1001.0,21.0,1.0,100.0,80.0,,2.0,0.3125,10805.5625,92965158.05,860.0
17182,1001.0,21.0,1.0,100.0,80.0,,3.0,0.45,10806.0125,92975964.0625,860.0
17183,1001.0,21.0,1.0,100.0,80.0,,4.0,1.05,10807.0625,92986771.125,860.0
17184,1001.0,21.0,1.0,100.0,80.0,,5.0,0.5125,10807.575,92997578.7,860.0
17185,1001.0,21.0,1.0,100.0,80.0,,6.0,0.05,10807.625,93008386.325,860.0
17186,1001.0,21.0,1.0,100.0,80.0,,7.0,1.0125,10808.6375,93019194.9625,860.0
17187,1001.0,21.0,1.0,100.0,80.0,,8.0,0.6125,10809.25,93030004.2125,860.0
17188,1001.0,21.0,1.0,100.0,80.0,,9.0,0.5875,10809.8375,93040814.05,860.0
17189,1001.0,21.0,1.0,100.0,80.0,,10.0,1.125,10810.9625,93051625.0125,860.0
17190,1001.0,21.0,1.0,100.0,80.0,,11.0,1.0,10811.9625,93062436.975,860.0
17191,1001.0,21.0,1.0,100.0,80.0,,12.0,0.8,10812.7625,93073249.7375,860.0
17192,1001.0,21.0,1.0,100.0,80.0,,13.0,0.475,10813.2375,93084062.975,860.0
17193,1001.0,21.0,1.0,100.0,80.0,,14.0,0.425,10813.6625,93094876.6375,860.0
17194,1001.0,21.0,1.0,100.0,80.0,,15.0,0.1875,10813.85,93105690.4875,860.0
17195,1001.0,21.0,1.0,100.0,80.0,,16.0,0.5625,10814.4125,93116504.9,860.0
17196,1001.0,21.0,1.0,100.0,80.0,,17.0,0.55,10814.9625,93127319.8625,860.0
17197,1001.0,21.0,1.0,100.0,80.0,,18.0,0.525,10815.4875,93138135.35,860.0
17198,1001.0,21.0,1.0,100.0,80.0,,19.0,0.9875,10816.475,93148951.825,860.0
17199,1001.0,21.0,1.0,100.0,80.0,,20.0,0.125,10816.6,93159768.425,860.0
17200,1001.0,21.0,1.0,100.0,80.0,,1.0,0.025,10816.625,93170585.05,861.0
17201,1001.0,21.0,1.0,100.0,80.0,,2.0,1.125,10817.75,93181402.8,861.0
17202,1001.0,21.0,1.0,100.0,80.0,,3.0,0.025,10817.775,93192220.575,861.0
17203,1001.0,21.0,1.0,100.0,80.0,,4.0,0.8125,10818.5875,93203039.1625,861.0
17204,1001.0,21.0,1.0,100.0,80.0,,5.0,0.2125,10818.8,93213857.9625,861.0
17205,1001.0,21.0,1.0,100.0,80.0,,6.0,0.3375,10819.1375,93224677.1,861.0
17206,1001.0,21.0,1.0,100.0,80.0,,7.0,0.5875,10819.725,93235496.825,861.0
17207,1001.0,21.0,1.0,100.0,80.0,,8.0,0.875,10820.6,93246317.425,861.0
17208,1001.0,21.0,1.0,100.0,80.0,,9.0,0.775,10821.375,93257138.8,861.0
17209,1001.0,21.0,1.0,100.0,80.0,,10.0,0.5625,10821.9375,93267960.7375,861.0
17210,1001.0,21.0,1.0,100.0,80.0,,11.0,0.55,10822.4875,93278783.225,861.0
17211,1001.0,21.0,1.0,100.0,80.0,,12.0,1.1125,10823.6,93289606.825,861.0
17212,1001.0,21.0,1.0,100.0,80.0,,13.0,0.575,10824.175,93300431.0,861.0
17213,1001.0,21.0,1.0,100.0,80.0,,14.0,0.175,10824.35,93311255.35,861.0
17214,1001.0,21.0,1.0,100.0,80.0,,15.0,0.5,10824.85,93322080.2,861.0
17215,1001.0,21.0,1.0,100.0,80.0,,16.0,0.625,10825.475,93332905.675,861.0
17216,1001.0,21.0,1.0,100.0,80.0,,17.0,0.175,10825.65,93343731.325,861.0
17217,1001.0,21.0,1.0,100.0,80.0,,18.0,0.425,10826.075,93354557.4,861.0
17218,1001.0,21.0,1.0,100.0,80.0,,19.0,0.6875,10826.7625,93365384.1625,861.0
17219,1001.0,21.0,1.0,100.0,80.0,,20.0,1.125,10827.8875,93376212.05,861.0
17220,1001.0,21.0,1.0,100.0,80.0,,1.0,1.0,10828.8875,93387040.9375,862.0
17221,1001.0,21.0,1.0,100.0,80.0,,2.0,0.8,10829.6875,93397870.625,862.0
17222,1001.0,21.0,1.0,100.0,80.0,,3.0,0.65,10830.3375,93408700.9625,862.0
17223,1001.0,21.0,1.0,100.0,80.0,,4.0,0.0125,10830.35,93419531.3125,862.0
17224,1001.0,21.0,1.0,100.0,80.0,,5.0,1.125,10831.475,93430362.7875,862.0
17225,1001.0,21.0,1.0,100.0,80.0,,6.0,0.2,10831.675,93441194.4625,862.0
17226,1001.0,21.0,1.0,100.0,80.0,,7.0,0.5125,10832.1875,93452026.65,862.0
17227,1001.0,21.0,1.0,100.0,80.0,,8.0,0.275,10832.4625,93462859.1125,862.0
17228,1001.0,21.0,1.0,100.0,80.0,,9.0,0.425,10832.8875,93473692.0,862.0
17229,1001.0,21.0,1.0,100.0,80.0,,10.0,0.7125,10833.6,93484525.6,862.0
17230,1001.0,21.0,1.0,100.0,80.0,,11.0,1.0625,10834.6625,93495360.2625,862.0
17231,1001.0,21.0,1.0,100.0,80.0,,12.0,0.9125,10835.575,93506195.8375,862.0
17232,1001.0,21.0,1.0,100.0,80.0,,13.0,0.8125,10836.3875,93517032.225,862.0
17233,1001.0,21.0,1.0,100.0,80.0,,14.0,1.075,10837.4625,93527869.6875,862.0
17234,1001.0,21.0,1.0,100.0,80.0,,15.0,0.4125,10837.875,93538707.5625,862.0
17235,1001.0,21.0,1.0,100.0,80.0,,16.0,1.075,10838.95,93549546.5125,862.0
17236,1001.0,21.0,1.0,100.0,80.0,,17.0,0.2375,10839.1875,93560385.7,862.0
17237,1001.0,21.0,1.0,100.0,80.0,,18.0,0.0625,10839.25,93571224.95,862.0
17238,1001.0,21.0,1.0,100.0,80.0,,19.0,0.6625,10839.9125,93582064.8625,862.0
17239,1001.0,21.0,1.0,100.0,80.0,,20.0,0.85,10840.7625,93592905.625,862.0
17240,1001.0,21.0,1.0,100.0,80.0,,1.0,1.2,10841.9625,93603747.5875,863.0
17241,1001.0,21.0,1.0,100.0,80.0,,2.0,0.6625,10842.625,93614590.2125,863.0
17242,1001.0,21.0,1.0,100.0,80.0,,3.0,0.275,10842.9,93625433.1125,863.0
17243,1001.0,21.0,1.0,100.0,80.0,,4.0,0.775,10843.675,93636276.7875,863.0
17244,1001.0,21.0,1.0,100.0,80.0,,5.0,1.05,10844.725,93647121.5125,863.0
17245,1001.0,21.0,1.0,100.0,80.0,,6.0,0.3,10845.025,93657966.5375,863.0
17246,1001.0,21.0,1.0,100.0,80.0,,7.0,0.5625,10845.5875,93668812.125,863.0
17247,1001.0,21.0,1.0,100.0,80.0,,8.0,0.6625,10846.25,93679658.375,863.0
17248,1001.0,21.0,1.0,100.0,80.0,,9.0,0.025,10846.275,93690504.65,863.0
17249,1001.0,21.0,1.0,100.0,80.0,,10.0,1.0125,10847.2875,93701351.9375,863.0
17250,1001.0,21.0,1.0,100.0,80.0,,11.0,0.625,10847.9125,93712199.85,863.0
17251,1001.0,21.0,1.0,100.0,80.0,,12.0,1.2,10849.1125,93723048.9625,863.0
17252,1001.0,21.0,1.0,100.0,80.0,,13.0,0.2125,10849.325,93733898.2875,863.0
17253,1001.0,21.0,1.0,100.0,80.0,,14.0,0.075,10849.4,93744747.6875,863.0
17254,1001.0,21.0,1.0,100.0,80.0,,15.0,0.8125,10850.2125,93755597.9,863.0
17255,1001.0,21.0,1.0,100.0,80.0,,16.0,1.075,10851.2875,93766449.1875,863.0
17256,1001.0,21.0,1.0,100.0,80.0,,17.0,0.1375,10851.425,93777300.6125,863.0
17257,1001.0,21.0,1.0,100.0,80.0,,18.0,1.025,10852.45,93788153.0625,863.0
17258,1001.0,21.0,1.0,100.0,80.0,,19.0,1.175,10853.625,93799006.6875,863.0
17259,1001.0,21.0,1.0,100.0,80.0,,20.0,0.375,10854.0,93809860.6875,863.0
17260,1001.0,21.0,1.0,100.0,80.0,,1.0,0.675,10854.675,93820715.3625,864.0
17261,1001.0,21.0,1.0,100.0,80.0,,2.0,0.1375,10854.8125,93831570.175,864.0
17262,1001.0,21.0,1.0,100.0,80.0,,3.0,0.475,10855.2875,93842425.4625,864.0
17263,1001.0,21.0,1.0,100.0,80.0,,4.0,0.975,10856.2625,93853281.725,864.0
17264,1001.0,21.0,1.0,100.0,80.0,,5.0,0.1625,10856.425,93864138.15,864.0
17265,1001.0,21.0,1.0,100.0,80.0,,6.0,0.1125,10856.5375,93874994.6875,864.0
17266,1001.0,21.0,1.0,100.0,80.0,,7.0,1.15,10857.6875,93885852.375,864.0
17267,1001.0,21.0,1.0,100.0,80.0,,8.0,1.1375,10858.825,93896711.2,864.0
17268,1001.0,21.0,1.0,100.0,80.0,,9.0,1.05,10859.875,93907571.075,864.0
17269,1001.0,21.0,1.0,100.0,80.0,,10.0,0.7,10860.575,93918431.65,864.0
17270,1001.0,21.0,1.0,100.0,80.0,,11.0,0.25,10860.825,93929292.475,864.0
17271,1001.0,21.0,1.0,100.0,80.0,,12.0,0.9,10861.725,93940154.2,864.0
17272,1001.0,21.0,1.0,100.0,80.0,,13.0,0.8625,10862.5875,93951016.7875,864.0
17273,1001.0,21.0,1.0,100.0,80.0,,14.0,0.625,10863.2125,93961880.0,864.0
17274,1001.0,21.0,1.0,100.0,80.0,,15.0,1.225,10864.4375,93972744.4375,864.0
17275,1001.0,21.0,1.0,100.0,80.0,,16.0,0.0125,10864.45,93983608.8875,864.0
17276,1001.0,21.0,1.0,100.0,80.0,,17.0,0.95,10865.4,93994474.2875,864.0
17277,1001.0,21.0,1.0,100.0,80.0,,18.0,0.425,10865.825,94005340.1125,864.0
17278,1001.0,21.0,1.0,100.0,80.0,,19.0,0.3625,10866.1875,94016206.3,864.0
17279,1001.0,21.0,1.0,100.0,80.0,,20.0,0.95,10867.1375,94027073.4375,864.0
17280,1001.0,21.0,1.0,100.0,80.0,,1.0,0.3125,10867.45,94037940.8875,865.0
17281,1001.0,21.0,1.0,100.0,80.0,,2.0,1.1,10868.55,94048809.4375,865.0
17282,1001.0,21.0,1.0,100.0,80.0,,3.0,1.0625,10869.6125,94059679.05,865.0
17283,1001.0,21.0,1.0,100.0,80.0,,4.0,1.1625,10870.775,94070549.825,865.0
17284,1001.0,21.0,1.0,100.0,80.0,,5.0,0.575,10871.35,94081421.175,865.0
17285,1001.0,21.0,1.0,100.0,80.0,,6.0,0.4,10871.75,94092292.925,865.0
17286,1001.0,21.0,1.0,100.0,80.0,,7.0,1.0625,10872.8125,94103165.7375,865.0
17287,1001.0,21.0,1.0,100.0,80.0,,8.0,1.0,10873.8125,94114039.55,865.0
17288,1001.0,21.0,1.0,100.0,80.0,,9.0,0.725,10874.5375,94124914.0875,865.0
17289,1001.0,21.0,1.0,100.0,80.0,,10.0,0.4,10874.9375,94135789.025,865.0
17290,1001.0,21.0,1.0,100.0,80.0,,11.0,0.15,10875.0875,94146664.1125,865.0
17291,1001.0,21.0,1.0,100.0,80.0,,12.0,0.625,10875.7125,94157539.825,865.0
17292,1001.0,21.0,1.0,100.0,80.0,,13.0,0.325,10876.0375,94168415.8625,865.0
17293,1001.0,21.0,1.0,100.0,80.0,,14.0,0.4375,10876.475,94179292.3375,865.0
17294,1001.0,21.0,1.0,100.0,80.0,,15.0,0.3625,10876.8375,94190169.175,865.0
17295,1001.0,21.0,1.0,100.0,80.0,,16.0,0.3625,10877.2,94201046.375,865.0
17296,1001.0,21.0,1.0,100.0,80.0,,17.0,0.65,10877.85,94211924.225,865.0
17297,1001.0,21.0,1.0,100.0,80.0,,18.0,0.1625,10878.0125,94222802.2375,865.0
17298,1001.0,21.0,1.0,100.0,80.0,,19.0,0.5375,10878.55,94233680.7875,865.0
17299,1001.0,21.0,1.0,100.0,80.0,,20.0,0.375,10878.925,94244559.7125,865.0
17300,1001.0,21.0,1.0,100.0,80.0,,1.0,0.5875,10879.5125,94255439.225,866.0
17301,1001.0,21.0,1.0,100.0,80.0,,2.0,1.125,10880.6375,94266319.8625,866.0
17302,1001.0,21.0,1.0,100.0,80.0,,3.0,0.4625,10881.1,94277200.9625,866.0
17303,1001.0,21.0,1.0,100.0,80.0,,4.0,0.3875,10881.4875,94288082.45,866.0
17304,1001.0,21.0,1.0,100.0,80.0,,5.0,0.2125,10881.7,94298964.15,866.0
17305,1001.0,21.0,1.0,100.0,80.0,,6.0,0.975,10882.675,94309846.825,866.0
17306,1001.0,21.0,1.0,100.0,80.0,,7.0,0.8375,10883.5125,94320730.3375,866.0
17307,1001.0,21.0,1.0,100.0,80.0,,8.0,0.25,10883.7625,94331614.1,866.0
17308,1001.0,21.0,1.0,100.0,80.0,,9.0,0.55,10884.3125,94342498.4125,866.0
17309,1001.0,21.0,1.0,100.0,80.0,,10.0,0.325,10884.6375,94353383.05,866.0
17310,1001.0,21.0,1.0,100.0,80.0,,11.0,0.2375,10884.875,94364267.925,866.0
17311,1001.0,21.0,1.0,100.0,80.0,,12.0,0.55,10885.425,94375153.35,866.0
17312,1001.0,21.0,1.0,100.0,80.0,,13.0,0.2,10885.625,94386038.975,866.0
17313,1001.0,21.0,1.0,100.0,80.0,,14.0,0.8375,10886.4625,94396925.4375,866.0
17314,1001.0,21.0,1.0,100.0,80.0,,15.0,0.9,10887.3625,94407812.8,866.0
17315,1001.0,21.0,1.0,100.0,80.0,,16.0,0.4,10887.7625,94418700.5625,866.0
17316,1001.0,21.0,1.0,100.0,80.0,,17.0,1.1375,10888.9,94429589.4625,866.0
17317,1001.0,21.0,1.0,100.0,80.0,,18.0,0.95,10889.85,94440479.3125,866.0
17318,1001.0,21.0,1.0,100.0,80.0,,19.0,1.0875,10890.9375,94451370.25,866.0
17319,1001.0,21.0,1.0,100.0,80.0,,20.0,0.8875,10891.825,94462262.075,866.0
17320,1001.0,21.0,1.0,100.0,80.0,,1.0,0.4625,10892.2875,94473154.3625,867.0
17321,1001.0,21.0,1.0,100.0,80.0,,2.0,0.8625,10893.15,94484047.5125,867.0
17322,1001.0,21.0,1.0,100.0,80.0,,3.0,0.9125,10894.0625,94494941.575,867.0
17323,1001.0,21.0,1.0,100.0,80.0,,4.0,0.2125,10894.275,94505835.85,867.0
17324,1001.0,21.0,1.0,100.0,80.0,,5.0,0.7,10894.975,94516730.825,867.0
17325,1001.0,21.0,1.0,100.0,80.0,,6.0,0.1625,10895.1375,94527625.9625,867.0
17326,1001.0,21.0,1.0,100.0,80.0,,7.0,0.6125,10895.75,94538521.7125,867.0
17327,1001.0,21.0,1.0,100.0,80.0,,8.0,0.225,10895.975,94549417.6875,867.0
17328,1001.0,21.0,1.0,100.0,80.0,,9.0,0.95,10896.925,94560314.6125,867.0
17329,1001.0,21.0,1.0,100.0,80.0,,10.0,0.2875,10897.2125,94571211.825,867.0
17330,1001.0,21.0,1.0,100.0,80.0,,11.0,0.425,10897.6375,94582109.4625,867.0
17331,1001.0,21.0,1.0,100.0,80.0,,12.0,0.075,10897.7125,94593007.175,867.0
17332,1001.0,21.0,1.0,100.0,80.0,,13.0,0.0875,10897.8,94603904.975,867.0
17333,1001.0,21.0,1.0,100.0,80.0,,14.0,0.525,10898.325,94614803.3,867.0
17334,1001.0,21.0,1.0,100.0,80.0,,15.0,1.2125,10899.5375,94625702.8375,867.0
17335,1001.0,21.0,1.0,100.0,80.0,,16.0,0.45,10899.9875,94636602.825,867.0
17336,1001.0,21.0,1.0,100.0,80.0,,17.0,0.4,10900.3875,94647503.2125,867.0
17337,1001.0,21.0,1.0,100.0,80.0,,18.0,0.975,10901.3625,94658404.575,867.0
17338,1001.0,21.0,1.0,100.0,80.0,,19.0,0.8375,10902.2,94669306.775,867.0
17339,1001.0,21.0,1.0,100.0,80.0,,20.0,0.825,10903.025,94680209.8,867.0
17340,1001.0,21.0,1.0,100.0,80.0,,1.0,0.1875,10903.2125,94691113.0125,868.0
17341,1001.0,21.0,1.0,100.0,80.0,,2.0,0.375,10903.5875,94702016.6,868.0
17342,1001.0,21.0,1.0,100.0,80.0,,3.0,0.7375,10904.325,94712920.925,868.0
17343,1001.0,21.0,1.0,100.0,80.0,,4.0,1.1375,10905.4625,94723826.3875,868.0
17344,1001.0,21.0,1.0,100.0,80.0,,5.0,0.35,10905.8125,94734732.2,868.0
17345,1001.0,21.0,1.0,100.0,80.0,,6.0,0.6125,10906.425,94745638.625,868.0
17346,1001.0,21.0,1.0,100.0,80.0,,7.0,0.0875,10906.5125,94756545.1375,868.0
17347,1001.0,21.0,1.0,100.0,80.0,,8.0,0.6625,10907.175,94767452.3125,868.0
17348,1001.0,21.0,1.0,100.0,80.0,,9.0,0.65,10907.825,94778360.1375,868.0
17349,1001.0,21.0,1.0,100.0,80.0,,10.0,1.175,10909.0,94789269.1375,868.0
17350,1001.0,21.0,1.0,100.0,80.0,,11.0,0.3875,10909.3875,94800178.525,868.0
17351,1001.0,21.0,1.0,100.0,80.0,,12.0,0.725,10910.1125,94811088.6375,868.0
17352,1001.0,21.0,1.0,100.0,80.0,,13.0,1.025,10911.1375,94821999.775,868.0
17353,1001.0,21.0,1.0,100.0,80.0,,14.0,0.375,10911.5125,94832911.2875,868.0
17354,1001.0,21.0,1.0,100.0,80.0,,15.0,0.8375,10912.35,94843823.6375,868.0
17355,1001.0,21.0,1.0,100.0,80.0,,16.0,0.05,10912.4,94854736.0375,868.0
17356,1001.0,21.0,1.0,100.0,80.0,,17.0,0.325,10912.725,94865648.7625,868.0
17357,1001.0,21.0,1.0,100.0,80.0,,18.0,0.7875,10913.5125,94876562.275,868.0
17358,1001.0,21.0,1.0,100.0,80.0,,19.0,0.8125,10914.325,94887476.6,868.0
17359,1001.0,21.0,1.0,100.0,80.0,,20.0,0.0875,10914.4125,94898391.0125,868.0
17360,1001.0,21.0,1.0,100.0,80.0,,1.0,0.1125,10914.525,94909305.5375,869.0
17361,1001.0,21.0,1.0,100.0,80.0,,2.0,0.575,10915.1,94920220.6375,869.0
17362,1001.0,21.0,1.0,100.0,80.0,,3.0,1.125,10916.225,94931136.8625,869.0
17363,1001.0,21.0,1.0,100.0,80.0,,4.0,0.4625,10916.6875,94942053.55,869.0
17364,1001.0,21.0,1.0,100.0,80.0,,5.0,0.0875,10916.775,94952970.325,869.0
17365,1001.0,21.0,1.0,100.0,80.0,,6.0,0.425,10917.2,94963887.525,869.0
17366,1001.0,21.0,1.0,100.0,80.0,,7.0,0.025,10917.225,94974804.75,869.0
17367,1001.0,21.0,1.0,100.0,80.0,,8.0,1.0875,10918.3125,94985723.0625,869.0
17368,1001.0,21.0,1.0,100.0,80.0,,9.0,1.1375,10919.45,94996642.5125,869.0
17369,1001.0,21.0,1.0,100.0,80.0,,10.0,0.8375,10920.2875,95007562.8,869.0
17370,1001.0,21.0,1.0,100.0,80.0,,11.0,0.5125,10920.8,95018483.6,869.0
17371,1001.0,21.0,1.0,100.0,80.0,,12.0,1.075,10921.875,95029405.475,869.0
17372,1001.0,21.0,1.0,100.0,80.0,,13.0,0.075,10921.95,95040327.425,869.0
17373,1001.0,21.0,1.0,100.0,80.0,,14.0,0.575,10922.525,95051249.95,869.0
17374,1001.0,21.0,1.0,100.0,80.0,,15.0,1.1625,10923.6875,95062173.6375,869.0
17375,1001.0,21.0,1.0,100.0,80.0,,16.0,0.6125,10924.3,95073097.9375,869.0
17376,1001.0,21.0,1.0,100.0,80.0,,17.0,1.0375,10925.3375,95084023.275,869.0
17377,1001.0,21.0,1.0,100.0,80.0,,18.0,0.3125,10925.65,95094948.925,869.0
17378,1001.0,21.0,1.0,100.0,80.0,,19.0,0.2,10925.85,95105874.775,869.0
17379,1001.0,21.0,1.0,100.0,80.0,,20.0,0.425,10926.275,95116801.05,869.0
17380,1001.0,21.0,1.0,100.0,80.0,,1.0,0.7375,10927.0125,95127728.0625,870.0
17381,1001.0,21.0,1.0,100.0,80.0,,2.0,0.975,10927.9875,95138656.05,870.0
17382,1001.0,21.0,1.0,100.0,80.0,,3.0,0.425,10928.4125,95149584.4625,870.0
17383,1001.0,21.0,1.0,100.0,80.0,,4.0,0.8875,10929.3,95160513.7625,870.0
17384,1001.0,21.0,1.0,100.0,80.0,,5.0,0.8875,10930.1875,95171443.95,870.0
17385,1001.0,21.0,1.0,100.0,80.0,,6.0,0.7875,10930.975,95182374.925,870.0
17386,1001.0,21.0,1.0,100.0,80.0,,7.0,0.4375,10931.4125,95193306.3375,870.0
17387,1001.0,21.0,1.0,100.0,80.0,,8.0,0.2625,10931.675,95204238.0125,870.0
17388,1001.0,21.0,1.0,100.0,80.0,,9.0,0.6,10932.275,95215170.2875,870.0
17389,1001.0,21.0,1.0,100.0,80.0,,10.0,1.075,10933.35,95226103.6375,870.0
17390,1001.0,21.0,1.0,100.0,80.0,,11.0,1.075,10934.425,95237038.0625,870.0
17391,1001.0,21.0,1.0,100.0,80.0,,12.0,0.9625,10935.3875,95247973.45,870.0
17392,1001.0,21.0,1.0,100.0,80.0,,13.0,0.075,10935.4625,95258908.9125,870.0
17393,1001.0,21.0,1.0,100.0,80.0,,14.0,1.1,10936.5625,95269845.475,870.0
17394,1001.0,21.0,1.0,100.0,80.0,,15.0,0.925,10937.4875,95280782.9625,870.0
17395,1001.0,21.0,1.0,100.0,80.0,,16.0,1.025,10938.5125,95291721.475,870.0
17396,1001.0,21.0,1.0,100.0,80.0,,17.0,0.0625,10938.575,95302660.05,870.0
17397,1001.0,21.0,1.0,100.0,80.0,,18.0,0.4625,10939.0375,95313599.0875,870.0
17398,1001.0,21.0,1.0,100.0,80.0,,19.0,0.0625,10939.1,95324538.1875,870.0
17399,1001.0,21.0,1.0,100.0,80.0,,20.0,0.0125,10939.1125,95335477.3,870.0
17400,1001.0,21.0,1.0,100.0,80.0,,1.0,0.375,10939.4875,95346416.7875,871.0
17401,1001.0,21.0,1.0,100.0,80.0,,2.0,0.5125,10940.0,95357356.7875,871.0
17402,1001.0,21.0,1.0,100.0,80.0,,3.0,0.8125,10940.8125,95368297.6,871.0
17403,1001.0,21.0,1.0,100.0,80.0,,4.0,0.725,10941.5375,95379239.1375,871.0
17404,1001.0,21.0,1.0,100.0,80.0,,5.0,0.4375,10941.975,95390181.1125,871.0
17405,1001.0,21.0,1.0,100.0,80.0,,6.0,0.3125,10942.2875,95401123.4,871.0
17406,1001.0,21.0,1.0,100.0,80.0,,7.0,0.7875,10943.075,95412066.475,871.0
17407,1001.0,21.0,1.0,100.0,80.0,,8.0,1.0375,10944.1125,95423010.5875,871.0
17408,1001.0,21.0,1.0,100.0,80.0,,9.0,1.0125,10945.125,95433955.7125,871.0
17409,1001.0,21.0,1.0,100.0,80.0,,10.0,0.775,10945.9,95444901.6125,871.0
17410,1001.0,21.0,1.0,100.0,80.0,,11.0,1.0625,10946.9625,95455848.575,871.0
17411,1001.0,21.0,1.0,100.0,80.0,,12.0,1.075,10948.0375,95466796.6125,871.0
17412,1001.0,21.0,1.0,100.0,80.0,,13.0,0.8875,10948.925,95477745.5375,871.0
17413,1001.0,21.0,1.0,100.0,80.0,,14.0,0.6,10949.525,95488695.0625,871.0
17414,1001.0,21.0,1.0,100.0,80.0,,15.0,0.775,10950.3,95499645.3625,871.0
17415,1001.0,21.0,1.0,100.0,80.0,,16.0,1.025,10951.325,95510596.6875,871.0
17416,1001.0,21.0,1.0,100.0,80.0,,17.0,0.3625,10951.6875,95521548.375,871.0
17417,1001.0,21.0,1.0,100.0,80.0,,18.0,1.1125,10952.8,95532501.175,871.0
17418,1001.0,21.0,1.0,100.0,80.0,,19.0,0.325,10953.125,95543454.3,871.0
17419,1001.0,21.0,1.0,100.0,80.0,,20.0,0.375,10953.5,95554407.8,871.0
17420,1001.0,21.0,1.0,100.0,80.0,,1.0,0.4125,10953.9125,95565361.7125,872.0
17421,1001.0,21.0,1.0,100.0,80.0,,2.0,1.225,10955.1375,95576316.85,872.0
17422,1001.0,21.0,1.0,100.0,80.0,,3.0,0.5375,10955.675,95587272.525,872.0
17423,1001.0,21.0,1.0,100.0,80.0,,4.0,0.05,10955.725,95598228.25,872.0
17424,1001.0,21.0,1.0,100.0,80.0,,5.0,0.95,10956.675,95609184.925,872.0
17425,1001.0,21.0,1.0,100.0,80.0,,6.0,1.1125,10957.7875,95620142.7125,872.0
17426,1001.0,21.0,1.0,100.0,80.0,,7.0,0.675,10958.4625,95631101.175,872.0
17427,1001.0,21.0,1.0,100.0,80.0,,8.0,0.95,10959.4125,95642060.5875,872.0
17428,1001.0,21.0,1.0,100.0,80.0,,9.0,1.1875,10960.6,95653021.1875,872.0
17429,1001.0,21.0,1.0,100.0,80.0,,10.0,0.15,10960.75,95663981.9375,872.0
17430,1001.0,21.0,1.0,100.0,80.0,,11.0,1.225,10961.975,95674943.9125,872.0
17431,1001.0,21.0,1.0,100.0,80.0,,12.0,0.4875,10962.4625,95685906.375,872.0
17432,1001.0,21.0,1.0,100.0,80.0,,13.0,1.2375,10963.7,95696870.075,872.0
17433,1001.0,21.0,1.0,100.0,80.0,,14.0,0.15,10963.85,95707833.925,872.0
17434,1001.0,21.0,1.0,100.0,80.0,,15.0,0.1125,10963.9625,95718797.8875,872.0
17435,1001.0,21.0,1.0,100.0,80.0,,16.0,0.675,10964.6375,95729762.525,872.0
17436,1001.0,21.0,1.0,100.0,80.0,,17.0,0.4125,10965.05,95740727.575,872.0
17437,1001.0,21.0,1.0,100.0,80.0,,18.0,0.375,10965.425,95751693.0,872.0
17438,1001.0,21.0,1.0,100.0,80.0,,19.0,0.05,10965.475,95762658.475,872.0
17439,1001.0,21.0,1.0,100.0,80.0,,20.0,0.125,10965.6,95773624.075,872.0
17440,1001.0,21.0,1.0,100.0,80.0,,1.0,0.5125,10966.1125,95784590.1875,873.0
17441,1001.0,21.0,1.0,100.0,80.0,,2.0,0.525,10966.6375,95795556.825,873.0
17442,1001.0,21.0,1.0,100.0,80.0,,3.0,0.6,10967.2375,95806524.0625,873.0
17443,1001.0,21.0,1.0,100.0,80.0,,4.0,0.075,10967.3125,95817491.375,873.0
17444,1001.0,21.0,1.0,100.0,80.0,,5.0,1.0625,10968.375,95828459.75,873.0
17445,1001.0,21.0,1.0,100.0,80.0,,6.0,1.0125,10969.3875,95839429.1375,873.0
17446,1001.0,21.0,1.0,100.0,80.0,,7.0,0.3875,10969.775,95850398.9125,873.0
17447,1001.0,21.0,1.0,100.0,80.0,,8.0,0.9,10970.675,95861369.5875,873.0
17448,1001.0,21.0,1.0,100.0,80.0,,9.0,1.2,10971.875,95872341.4625,873.0
17449,1001.0,21.0,1.0,100.0,80.0,,10.0,0.475,10972.35,95883313.8125,873.0
17450,1001.0,21.0,1.0,100.0,80.0,,11.0,0.2125,10972.5625,95894286.375,873.0
17451,1001.0,21.0,1.0,100.0,80.0,,12.0,0.1875,10972.75,95905259.125,873.0
17452,1001.0,21.0,1.0,100.0,80.0,,13.0,0.1375,10972.8875,95916232.0125,873.0
17453,1001.0,21.0,1.0,100.0,80.0,,14.0,1.025,10973.9125,95927205.925,873.0
17454,1001.0,21.0,1.0,100.0,80.0,,15.0,0.9125,10974.825,95938180.75,873.0
17455,1001.0,21.0,1.0,100.0,80.0,,16.0,0.9125,10975.7375,95949156.4875,873.0
17456,1001.0,21.0,1.0,100.0,80.0,,17.0,0.2875,10976.025,95960132.5125,873.0
17457,1001.0,21.0,1.0,100.0,80.0,,18.0,0.4,10976.425,95971108.9375,873.0
17458,1001.0,21.0,1.0,100.0,80.0,,19.0,0.7875,10977.2125,95982086.15,873.0
17459,1001.0,21.0,1.0,100.0,80.0,,20.0,0.725,10977.9375,95993064.0875,873.0
17460,1001.0,21.0,1.0,100.0,80.0,,1.0,0.0375,10977.975,96004042.0625,874.0
17461,1001.0,21.0,1.0,100.0,80.0,,2.0,0.3625,10978.3375,96015020.4,874.0
17462,1001.0,21.0,1.0,100.0,80.0,,3.0,1.2,10979.5375,96025999.9375,874.0
17463,1001.0,21.0,1.0,100.0,80.0,,4.0,1.1875,10980.725,96036980.6625,874.0
17464,1001.0,21.0,1.0,100.0,80.0,,5.0,0.3375,10981.0625,96047961.725,874.0
17465,1001.0,21.0,1.0,100.0,80.0,,6.0,0.0875,10981.15,96058942.875,874.0
17466,1001.0,21.0,1.0,100.0,80.0,,7.0,0.975,10982.125,96069925.0,874.0
17467,1001.0,21.0,1.0,100.0,80.0,,8.0,0.1875,10982.3125,96080907.3125,874.0
17468,1001.0,21.0,1.0,100.0,80.0,,9.0,0.6125,10982.925,96091890.2375,874.0
17469,1001.0,21.0,1.0,100.0,80.0,,10.0,0.65,10983.575,96102873.8125,874.0
17470,1001.0,21.0,1.0,100.0,80.0,,11.0,0.375,10983.95,96113857.7625,874.0
17471,1001.0,21.0,1.0,100.0,80.0,,12.0,1.025,10984.975,96124842.7375,874.0
17472,1001.0,21.0,1.0,100.0,80.0,,13.0,0.425,10985.4,96135828.1375,874.0
17473,1001.0,21.0,1.0,100.0,80.0,,14.0,1.0125,10986.4125,96146814.55,874.0
17474,1001.0,21.0,1.0,100.0,80.0,,15.0,0.35,10986.7625,96157801.3125,874.0
17475,1001.0,21.0,1.0,100.0,80.0,,16.0,0.6375,10987.4,96168788.7125,874.0
17476,1001.0,21.0,1.0,100.0,80.0,,17.0,0.8375,10988.2375,96179776.95,874.0
17477,1001.0,21.0,1.0,100.0,80.0,,18.0,1.175,10989.4125,96190766.3625,874.0
17478,1001.0,21.0,1.0,100.0,80.0,,19.0,0.475,10989.8875,96201756.25,874.0
17479,1001.0,21.0,1.0,100.0,80.0,,20.0,0.275,10990.1625,96212746.4125,874.0
17480,1001.0,21.0,1.0,100.0,80.0,,1.0,0.05,10990.2125,96223736.625,875.0
17481,1001.0,21.0,1.0,100.0,80.0,,2.0,0.725,10990.9375,96234727.5625,875.0
17482,1001.0,21.0,1.0,100.0,80.0,,3.0,0.8875,10991.825,96245719.3875,875.0
17483,1001.0,21.0,1.0,100.0,80.0,,4.0,1.125,10992.95,96256712.3375,875.0
17484,1001.0,21.0,1.0,100.0,80.0,,5.0,0.0875,10993.0375,96267705.375,875.0
17485,1001.0,21.0,1.0,100.0,80.0,,6.0,1.1625,10994.2,96278699.575,875.0
17486,1001.0,21.0,1.0,100.0,80.0,,7.0,0.45,10994.65,96289694.225,875.0
17487,1001.0,21.0,1.0,100.0,80.0,,8.0,0.475,10995.125,96300689.35,875.0
17488,1001.0,21.0,1.0,100.0,80.0,,9.0,0.3625,10995.4875,96311684.8375,875.0
17489,1001.0,21.0,1.0,100.0,80.0,,10.0,1.2,10996.6875,96322681.525,875.0
17490,1001.0,21.0,1.0,100.0,80.0,,11.0,0.1375,10996.825,96333678.35,875.0
17491,1001.0,21.0,1.0,100.0,80.0,,12.0,1.2125,10998.0375,96344676.3875,875.0
17492,1001.0,21.0,1.0,100.0,80.0,,13.0,0.675,10998.7125,96355675.1,875.0
17493,1001.0,21.0,1.0,100.0,80.0,,14.0,0.2,10998.9125,96366674.0125,875.0
17494,1001.0,21.0,1.0,100.0,80.0,,15.0,0.2375,10999.15,96377673.1625,875.0
17495,1001.0,21.0,1.0,100.0,80.0,,16.0,0.3375,10999.4875,96388672.65,875.0
17496,1001.0,21.0,1.0,100.0,80.0,,17.0,0.625,11000.1125,96399672.7625,875.0
17497,1001.0,21.0,1.0,100.0,80.0,,18.0,0.9875,11001.1,96410673.8625,875.0
17498,1001.0,21.0,1.0,100.0,80.0,,19.0,0.35,11001.45,96421675.3125,875.0
17499,1001.0,21.0,1.0,100.0,80.0,,20.0,0.5625,11002.0125,96432677.325,875.0
17500,1001.0,21.0,1.0,100.0,80.0,,1.0,0.5125,11002.525,96443679.85,876.0
17501,1001.0,21.0,1.0,100.0,80.0,,2.0,0.9625,11003.4875,96454683.3375,876.0
17502,1001.0,21.0,1.0,100.0,80.0,,3.0,0.3125,11003.8,96465687.1375,876.0
17503,1001.0,21.0,1.0,100.0,80.0,,4.0,0.6625,11004.4625,96476691.6,876.0
17504,1001.0,21.0,1.0,100.0,80.0,,5.0,0.25,11004.7125,96487696.3125,876.0
17505,1001.0,21.0,1.0,100.0,80.0,,6.0,0.75,11005.4625,96498701.775,876.0
17506,1001.0,21.0,1.0,100.0,80.0,,7.0,1.15,11006.6125,96509708.3875,876.0
17507,1001.0,21.0,1.0,100.0,80.0,,8.0,0.5125,11007.125,96520715.5125,876.0
17508,1001.0,21.0,1.0,100.0,80.0,,9.0,0.5125,11007.6375,96531723.15,876.0
17509,1001.0,21.0,1.0,100.0,80.0,,10.0,0.6625,11008.3,96542731.45,876.0
17510,1001.0,21.0,1.0,100.0,80.0,,11.0,0.3,11008.6,96553740.05,876.0
17511,1001.0,21.0,1.0,100.0,80.0,,12.0,0.1875,11008.7875,96564748.8375,876.0
17512,1001.0,21.0,1.0,100.0,80.0,,13.0,0.0375,11008.825,96575757.6625,876.0
17513,1001.0,21.0,1.0,100.0,80.0,,14.0,1.225,11010.05,96586767.7125,876.0
17514,1001.0,21.0,1.0,100.0,80.0,,15.0,0.95,11011.0,96597778.7125,876.0
17515,1001.0,21.0,1.0,100.0,80.0,,16.0,1.0125,11012.0125,96608790.725,876.0
17516,1001.0,21.0,1.0,100.0,80.0,,17.0,0.375,11012.3875,96619803.1125,876.0
17517,1001.0,21.0,1.0,100.0,80.0,,18.0,1.1875,11013.575,96630816.6875,876.0
17518,1001.0,21.0,1.0,100.0,80.0,,19.0,0.075,11013.65,96641830.3375,876.0
17519,1001.0,21.0,1.0,100.0,80.0,,20.0,0.225,11013.875,96652844.2125,876.0
17520,1001.0,21.0,1.0,100.0,80.0,,1.0,0.7125,11014.5875,96663858.8,877.0
17521,1001.0,21.0,1.0,100.0,80.0,,2.0,0.6625,11015.25,96674874.05,877.0
17522,1001.0,21.0,1.0,100.0,80.0,,3.0,0.6875,11015.9375,96685889.9875,877.0
17523,1001.0,21.0,1.0,100.0,80.0,,4.0,0.65,11016.5875,96696906.575,877.0
17524,1001.0,21.0,1.0,100.0,80.0,,5.0,1.0625,11017.65,96707924.225,877.0
17525,1001.0,21.0,1.0,100.0,80.0,,6.0,0.8,11018.45,96718942.675,877.0
17526,1001.0,21.0,1.0,100.0,80.0,,7.0,0.05,11018.5,96729961.175,877.0
17527,1001.0,21.0,1.0,100.0,80.0,,8.0,1.1875,11019.6875,96740980.8625,877.0
17528,1001.0,21.0,1.0,100.0,80.0,,9.0,0.7875,11020.475,96752001.3375,877.0
17529,1001.0,21.0,1.0,100.0,80.0,,10.0,0.9875,11021.4625,96763022.8,877.0
17530,1001.0,21.0,1.0,100.0,80.0,,11.0,0.6875,11022.15,96774044.95,877.0
17531,1001.0,21.0,1.0,100.0,80.0,,12.0,0.2625,11022.4125,96785067.3625,877.0
17532,1001.0,21.0,1.0,100.0,80.0,,13.0,0.1875,11022.6,96796089.9625,877.0
17533,1001.0,21.0,1.0,100.0,80.0,,14.0,0.125,11022.725,96807112.6875,877.0
17534,1001.0,21.0,1.0,100.0,80.0,,15.0,0.425,11023.15,96818135.8375,877.0
17535,1001.0,21.0,1.0,100.0,80.0,,16.0,0.95,11024.1,96829159.9375,877.0
17536,1001.0,21.0,1.0,100.0,80.0,,17.0,0.7375,11024.8375,96840184.775,877.0
17537,1001.0,21.0,1.0,100.0,80.0,,18.0,0.375,11025.2125,96851209.9875,877.0
17538,1001.0,21.0,1.0,100.0,80.0,,19.0,0.7625,11025.975,96862235.9625,877.0
17539,1001.0,21.0,1.0,100.0,80.0,,20.0,0.225,11026.2,96873262.1625,877.0
17540,1001.0,21.0,1.0,100.0,80.0,,1.0,0.7,11026.9,96884289.0625,878.0
17541,1001.0,21.0,1.0,100.0,80.0,,2.0,0.075,11026.975,96895316.0375,878.0
17542,1001.0,21.0,1.0,100.0,80.0,,3.0,0.8,11027.775,96906343.8125,878.0
17543,1001.0,21.0,1.0,100.0,80.0,,4.0,0.875,11028.65,96917372.4625,878.0
17544,1001.0,21.0,1.0,100.0,80.0,,5.0,0.95,11029.6,96928402.0625,878.0
17545,1001.0,21.0,1.0,100.0,80.0,,6.0,0.55,11030.15,96939432.2125,878.0
17546,1001.0,21.0,1.0,100.0,80.0,,7.0,0.4,11030.55,96950462.7625,878.0
17547,1001.0,21.0,1.0,100.0,80.0,,8.0,0.0375,11030.5875,96961493.35,878.0
17548,1001.0,21.0,1.0,100.0,80.0,,9.0,0.35,11030.9375,96972524.2875,878.0
17549,1001.0,21.0,1.0,100.0,80.0,,10.0,0.7125,11031.65,96983555.9375,878.0
17550,1001.0,21.0,1.0,100.0,80.0,,11.0,0.1625,11031.8125,96994587.75,878.0
17551,1001.0,21.0,1.0,100.0,80.0,,12.0,0.1125,11031.925,97005619.675,878.0
17552,1001.0,21.0,1.0,100.0,80.0,,13.0,0.6625,11032.5875,97016652.2625,878.0
17553,1001.0,21.0,1.0,100.0,80.0,,14.0,0.0125,11032.6,97027684.8625,878.0
17554,1001.0,21.0,1.0,100.0,80.0,,15.0,1.2125,11033.8125,97038718.675,878.0
17555,1001.0,21.0,1.0,100.0,80.0,,16.0,0.375,11034.1875,97049752.8625,878.0
17556,1001.0,21.0,1.0,100.0,80.0,,17.0,0.4,11034.5875,97060787.45,878.0
17557,1001.0,21.0,1.0,100.0,80.0,,18.0,0.4125,11035.0,97071822.45,878.0
17558,1001.0,21.0,1.0,100.0,80.0,,19.0,0.475,11035.475,97082857.925,878.0
17559,1001.0,21.0,1.0,100.0,80.0,,20.0,0.175,11035.65,97093893.575,878.0
17560,1001.0,21.0,1.0,100.0,80.0,,1.0,0.2,11035.85,97104929.425,879.0
17561,1001.0,21.0,1.0,100.0,80.0,,2.0,0.7125,11036.5625,97115965.9875,879.0
17562,1001.0,21.0,1.0,100.0,80.0,,3.0,0.6875,11037.25,97127003.2375,879.0
17563,1001.0,21.0,1.0,100.0,80.0,,4.0,0.2375,11037.4875,97138040.725,879.0
17564,1001.0,21.0,1.0,100.0,80.0,,5.0,0.6625,11038.15,97149078.875,879.0
17565,1001.0,21.0,1.0,100.0,80.0,,6.0,0.175,11038.325,97160117.2,879.0
17566,1001.0,21.0,1.0,100.0,80.0,,7.0,0.8875,11039.2125,97171156.4125,879.0
17567,1001.0,21.0,1.0,100.0,80.0,,8.0,0.05,11039.2625,97182195.675,879.0
17568,1001.0,21.0,1.0,100.0,80.0,,9.0,0.35,11039.6125,97193235.2875,879.0
17569,1001.0,21.0,1.0,100.0,80.0,,10.0,0.875,11040.4875,97204275.775,879.0
17570,1001.0,21.0,1.0,100.0,80.0,,11.0,1.0375,11041.525,97215317.3,879.0
17571,1001.0,21.0,1.0,100.0,80.0,,12.0,1.0875,11042.6125,97226359.9125,879.0
17572,1001.0,21.0,1.0,100.0,80.0,,13.0,0.7625,11043.375,97237403.2875,879.0
17573,1001.0,21.0,1.0,100.0,80.0,,14.0,0.6375,11044.0125,97248447.3,879.0
17574,1001.0,21.0,1.0,100.0,80.0,,15.0,0.2625,11044.275,97259491.575,879.0
17575,1001.0,21.0,1.0,100.0,80.0,,16.0,0.1875,11044.4625,97270536.0375,879.0
17576,1001.0,21.0,1.0,100.0,80.0,,17.0,0.8625,11045.325,97281581.3625,879.0
17577,1001.0,21.0,1.0,100.0,80.0,,18.0,1.0875,11046.4125,97292627.775,879.0
17578,1001.0,21.0,1.0,100.0,80.0,,19.0,0.5375,11046.95,97303674.725,879.0
17579,1001.0,21.0,1.0,100.0,80.0,,20.0,0.875,11047.825,97314722.55,879.0
17580,1001.0,21.0,1.0,100.0,80.0,,1.0,1.2375,11049.0625,97325771.6125,880.0
17581,1001.0,21.0,1.0,100.0,80.0,,2.0,1.0125,11050.075,97336821.6875,880.0
17582,1001.0,21.0,1.0,100.0,80.0,,3.0,0.925,11051.0,97347872.6875,880.0
17583,1001.0,21.0,1.0,100.0,80.0,,4.0,0.7625,11051.7625,97358924.45,880.0
17584,1001.0,21.0,1.0,100.0,80.0,,5.0,0.8875,11052.65,97369977.1,880.0
17585,1001.0,21.0,1.0,100.0,80.0,,6.0,0.3875,11053.0375,97381030.1375,880.0
17586,1001.0,21.0,1.0,100.0,80.0,,7.0,0.6375,11053.675,97392083.8125,880.0
17587,1001.0,21.0,1.0,100.0,80.0,,8.0,0.675,11054.35,97403138.1625,880.0
17588,1001.0,21.0,1.0,100.0,80.0,,9.0,1.175,11055.525,97414193.6875,880.0
17589,1001.0,21.0,1.0,100.0,80.0,,10.0,0.4375,11055.9625,97425249.65,880.0
17590,1001.0,21.0,1.0,100.0,80.0,,11.0,1.0625,11057.025,97436306.675,880.0
17591,1001.0,21.0,1.0,100.0,80.0,,12.0,0.7125,11057.7375,97447364.4125,880.0
17592,1001.0,21.0,1.0,100.0,80.0,,13.0,1.0875,11058.825,97458423.2375,880.0
17593,1001.0,21.0,1.0,100.0,80.0,,14.0,0.575,11059.4,97469482.6375,880.0
17594,1001.0,21.0,1.0,100.0,80.0,,15.0,0.9125,11060.3125,97480542.95,880.0
17595,1001.0,21.0,1.0,100.0,80.0,,16.0,1.1375,11061.45,97491604.4,880.0
17596,1001.0,21.0,1.0,100.0,80.0,,17.0,0.2625,11061.7125,97502666.1125,880.0
17597,1001.0,21.0,1.0,100.0,80.0,,18.0,0.8125,11062.525,97513728.6375,880.0
17598,1001.0,21.0,1.0,100.0,80.0,,19.0,0.6625,11063.1875,97524791.825,880.0
17599,1001.0,21.0,1.0,100.0,80.0,,20.0,0.3875,11063.575,97535855.4,880.0
17600,1001.0,21.0,1.0,100.0,80.0,,1.0,1.025,11064.6,97546920.0,881.0
17601,1001.0,21.0,1.0,100.0,80.0,,2.0,0.8,11065.4,97557985.4,881.0
17602,1001.0,21.0,1.0,100.0,80.0,,3.0,0.725,11066.125,97569051.525,881.0
17603,1001.0,21.0,1.0,100.0,80.0,,4.0,0.375,11066.5,97580118.025,881.0
17604,1001.0,21.0,1.0,100.0,80.0,,5.0,0.95,11067.45,97591185.475,881.0
17605,1001.0,21.0,1.0,100.0,80.0,,6.0,0.05,11067.5,97602252.975,881.0
17606,1001.0,21.0,1.0,100.0,80.0,,7.0,1.0625,11068.5625,97613321.5375,881.0
17607,1001.0,21.0,1.0,100.0,80.0,,8.0,0.875,11069.4375,97624390.975,881.0
17608,1001.0,21.0,1.0,100.0,80.0,,9.0,0.75,11070.1875,97635461.1625,881.0
17609,1001.0,21.0,1.0,100.0,80.0,,10.0,0.9,11071.0875,97646532.25,881.0
17610,1001.0,21.0,1.0,100.0,80.0,,11.0,0.9625,11072.05,97657604.3,881.0
17611,1001.0,21.0,1.0,100.0,80.0,,12.0,0.6375,11072.6875,97668676.9875,881.0
17612,1001.0,21.0,1.0,100.0,80.0,,13.0,0.1625,11072.85,97679749.8375,881.0
17613,1001.0,21.0,1.0,100.0,80.0,,14.0,0.875,11073.725,97690823.5625,881.0
17614,1001.0,21.0,1.0,100.0,80.0,,15.0,0.4375,11074.1625,97701897.725,881.0
17615,1001.0,21.0,1.0,100.0,80.0,,16.0,0.1875,11074.35,97712972.075,881.0
17616,1001.0,21.0,1.0,100.0,80.0,,17.0,0.7,11075.05,97724047.125,881.0
17617,1001.0,21.0,1.0,100.0,80.0,,18.0,0.7625,11075.8125,97735122.9375,881.0
17618,1001.0,21.0,1.0,100.0,80.0,,19.0,0.5375,11076.35,97746199.2875,881.0
17619,1001.0,21.0,1.0,100.0,80.0,,20.0,0.6375,11076.9875,97757276.275,881.0
17620,1001.0,21.0,1.0,100.0,80.0,,1.0,0.1375,11077.125,97768353.4,882.0
17621,1001.0,21.0,1.0,100.0,80.0,,2.0,1.15,11078.275,97779431.675,882.0
17622,1001.0,21.0,1.0,100.0,80.0,,3.0,0.1,11078.375,97790510.05,882.0
17623,1001.0,21.0,1.0,100.0,80.0,,4.0,0.725,11079.1,97801589.15,882.0
17624,1001.0,21.0,1.0,100.0,80.0,,5.0,0.75,11079.85,97812669.0,882.0
17625,1001.0,21.0,1.0,100.0,80.0,,6.0,0.35,11080.2,97823749.2,882.0
17626,1001.0,21.0,1.0,100.0,80.0,,7.0,0.375,11080.575,97834829.775,882.0
17627,1001.0,21.0,1.0,100.0,80.0,,8.0,0.575,11081.15,97845910.925,882.0
17628,1001.0,21.0,1.0,100.0,80.0,,9.0,0.875,11082.025,97856992.95,882.0
17629,1001.0,21.0,1.0,100.0,80.0,,10.0,0.8,11082.825,97868075.775,882.0
17630,1001.0,21.0,1.0,100.0,80.0,,11.0,1.225,11084.05,97879159.825,882.0
17631,1001.0,21.0,1.0,100.0,80.0,,12.0,1.075,11085.125,97890244.95,882.0
17632,1001.0,21.0,1.0,100.0,80.0,,13.0,0.7625,11085.8875,97901330.8375,882.0
17633,1001.0,21.0,1.0,100.0,80.0,,14.0,0.55,11086.4375,97912417.275,882.0
17634,1001.0,21.0,1.0,100.0,80.0,,15.0,0.275,11086.7125,97923503.9875,882.0
17635,1001.0,21.0,1.0,100.0,80.0,,16.0,0.375,11087.0875,97934591.075,882.0
17636,1001.0,21.0,1.0,100.0,80.0,,17.0,0.0875,11087.175,97945678.25,882.0
17637,1001.0,21.0,1.0,100.0,80.0,,18.0,0.2375,11087.4125,97956765.6625,882.0
17638,1001.0,21.0,1.0,100.0,80.0,,19.0,1.125,11088.5375,97967854.2,882.0
17639,1001.0,21.0,1.0,100.0,80.0,,20.0,0.1625,11088.7,97978942.9,882.0
17640,1001.0,21.0,1.0,100.0,80.0,,1.0,0.925,11089.625,97990032.525,883.0
17641,1001.0,21.0,1.0,100.0,80.0,,2.0,0.775,11090.4,98001122.925,883.0
17642,1001.0,21.0,1.0,100.0,80.0,,3.0,1.0625,11091.4625,98012214.3875,883.0
17643,1001.0,21.0,1.0,100.0,80.0,,4.0,0.375,11091.8375,98023306.225,883.0
17644,1001.0,21.0,1.0,100.0,80.0,,5.0,0.825,11092.6625,98034398.8875,883.0
17645,1001.0,21.0,1.0,100.0,80.0,,6.0,0.025,11092.6875,98045491.575,883.0
17646,1001.0,21.0,1.0,100.0,80.0,,7.0,0.3,11092.9875,98056584.5625,883.0
17647,1001.0,21.0,1.0,100.0,80.0,,8.0,0.775,11093.7625,98067678.325,883.0
17648,1001.0,21.0,1.0,100.0,80.0,,9.0,0.8375,11094.6,98078772.925,883.0
17649,1001.0,21.0,1.0,100.0,80.0,,10.0,0.8625,11095.4625,98089868.3875,883.0
17650,1001.0,21.0,1.0,100.0,80.0,,11.0,0.1625,11095.625,98100964.0125,883.0
17651,1001.0,21.0,1.0,100.0,80.0,,12.0,0.5875,11096.2125,98112060.225,883.0
17652,1001.0,21.0,1.0,100.0,80.0,,13.0,0.9625,11097.175,98123157.4,883.0
17653,1001.0,21.0,1.0,100.0,80.0,,14.0,0.65,11097.825,98134255.225,883.0
17654,1001.0,21.0,1.0,100.0,80.0,,15.0,1.125,11098.95,98145354.175,883.0
17655,1001.0,21.0,1.0,100.0,80.0,,16.0,0.875,11099.825,98156454.0,883.0
17656,1001.0,21.0,1.0,100.0,80.0,,17.0,0.3875,11100.2125,98167554.2125,883.0
17657,1001.0,21.0,1.0,100.0,80.0,,18.0,1.0625,11101.275,98178655.4875,883.0
17658,1001.0,21.0,1.0,100.0,80.0,,19.0,0.4125,11101.6875,98189757.175,883.0
17659,1001.0,21.0,1.0,100.0,80.0,,20.0,0.575,11102.2625,98200859.4375,883.0
17660,1001.0,21.0,1.0,100.0,80.0,,1.0,0.2625,11102.525,98211961.9625,884.0
17661,1001.0,21.0,1.0,100.0,80.0,,2.0,0.1625,11102.6875,98223064.65,884.0
17662,1001.0,21.0,1.0,100.0,80.0,,3.0,0.25,11102.9375,98234167.5875,884.0
17663,1001.0,21.0,1.0,100.0,80.0,,4.0,0.025,11102.9625,98245270.55,884.0
17664,1001.0,21.0,1.0,100.0,80.0,,5.0,1.05,11104.0125,98256374.5625,884.0
17665,1001.0,21.0,1.0,100.0,80.0,,6.0,1.2125,11105.225,98267479.7875,884.0
17666,1001.0,21.0,1.0,100.0,80.0,,7.0,0.475,11105.7,98278585.4875,884.0
17667,1001.0,21.0,1.0,100.0,80.0,,8.0,0.0125,11105.7125,98289691.2,884.0
17668,1001.0,21.0,1.0,100.0,80.0,,9.0,0.55,11106.2625,98300797.4625,884.0
17669,1001.0,21.0,1.0,100.0,80.0,,10.0,1.1375,11107.4,98311904.8625,884.0
17670,1001.0,21.0,1.0,100.0,80.0,,11.0,1.0375,11108.4375,98323013.3,884.0
17671,1001.0,21.0,1.0,100.0,80.0,,12.0,0.375,11108.8125,98334122.1125,884.0
17672,1001.0,21.0,1.0,100.0,80.0,,13.0,0.9375,11109.75,98345231.8625,884.0
17673,1001.0,21.0,1.0,100.0,80.0,,14.0,1.2,11110.95,98356342.8125,884.0
17674,1001.0,21.0,1.0,100.0,80.0,,15.0,0.0375,11110.9875,98367453.8,884.0
17675,1001.0,21.0,1.0,100.0,80.0,,16.0,0.75,11111.7375,98378565.5375,884.0
17676,1001.0,21.0,1.0,100.0,80.0,,17.0,0.7625,11112.5,98389678.0375,884.0
17677,1001.0,21.0,1.0,100.0,80.0,,18.0,0.2,11112.7,98400790.7375,884.0
17678,1001.0,21.0,1.0,100.0,80.0,,19.0,0.7375,11113.4375,98411904.175,884.0
17679,1001.0,21.0,1.0,100.0,80.0,,20.0,0.3125,11113.75,98423017.925,884.0
17680,1001.0,21.0,1.0,100.0,80.0,,1.0,0.3375,11114.0875,98434132.0125,885.0
17681,1001.0,21.0,1.0,100.0,80.0,,2.0,0.8625,11114.95,98445246.9625,885.0
17682,1001.0,21.0,1.0,100.0,80.0,,3.0,1.1125,11116.0625,98456363.025,885.0
17683,1001.0,21.0,1.0,100.0,80.0,,4.0,0.7875,11116.85,98467479.875,885.0
17684,1001.0,21.0,1.0,100.0,80.0,,5.0,0.5,11117.35,98478597.225,885.0
17685,1001.0,21.0,1.0,100.0,80.0,,6.0,0.225,11117.575,98489714.8,885.0
17686,1001.0,21.0,1.0,100.0,80.0,,7.0,0.2125,11117.7875,98500832.5875,885.0
17687,1001.0,21.0,1.0,100.0,80.0,,8.0,1.2,11118.9875,98511951.575,885.0
17688,1001.0,21.0,1.0,100.0,80.0,,9.0,0.0375,11119.025,98523070.6,885.0
17689,1001.0,21.0,1.0,100.0,80.0,,10.0,0.2,11119.225,98534189.825,885.0
17690,1001.0,21.0,1.0,100.0,80.0,,11.0,0.45,11119.675,98545309.5,885.0
17691,1001.0,21.0,1.0,100.0,80.0,,12.0,0.2625,11119.9375,98556429.4375,885.0
17692,1001.0,21.0,1.0,100.0,80.0,,13.0,1.1,11121.0375,98567550.475,885.0
17693,1001.0,21.0,1.0,100.0,80.0,,14.0,1.2,11122.2375,98578672.7125,885.0
17694,1001.0,21.0,1.0,100.0,80.0,,15.0,0.775,11123.0125,98589795.725,885.0
17695,1001.0,21.0,1.0,100.0,80.0,,16.0,0.2875,11123.3,98600919.025,885.0
17696,1001.0,21.0,1.0,100.0,80.0,,17.0,0.65,11123.95,98612042.975,885.0
17697,1001.0,21.0,1.0,100.0,80.0,,18.0,0.2375,11124.1875,98623167.1625,885.0
17698,1001.0,21.0,1.0,100.0,80.0,,19.0,0.35,11124.5375,98634291.7,885.0
17699,1001.0,21.0,1.0,100.0,80.0,,20.0,0.8375,11125.375,98645417.075,885.0
17700,1001.0,21.0,1.0,100.0,80.0,,1.0,0.5,11125.875,98656542.95,886.0
17701,1001.0,21.0,1.0,100.0,80.0,,2.0,0.2375,11126.1125,98667669.0625,886.0
17702,1001.0,21.0,1.0,100.0,80.0,,3.0,0.9625,11127.075,98678796.1375,886.0
17703,1001.0,21.0,1.0,100.0,80.0,,4.0,1.05,11128.125,98689924.2625,886.0
17704,1001.0,21.0,1.0,100.0,80.0,,5.0,0.8625,11128.9875,98701053.25,886.0
17705,1001.0,21.0,1.0,100.0,80.0,,6.0,0.8125,11129.8,98712183.05,886.0
17706,1001.0,21.0,1.0,100.0,80.0,,7.0,0.5,11130.3,98723313.35,886.0
17707,1001.0,21.0,1.0,100.0,80.0,,8.0,0.1,11130.4,98734443.75,886.0
17708,1001.0,21.0,1.0,100.0,80.0,,9.0,0.9625,11131.3625,98745575.1125,886.0
17709,1001.0,21.0,1.0,100.0,80.0,,10.0,0.825,11132.1875,98756707.3,886.0
17710,1001.0,21.0,1.0,100.0,80.0,,11.0,0.8875,11133.075,98767840.375,886.0
17711,1001.0,21.0,1.0,100.0,80.0,,12.0,0.7125,11133.7875,98778974.1625,886.0
17712,1001.0,21.0,1.0,100.0,80.0,,13.0,0.9625,11134.75,98790108.9125,886.0
17713,1001.0,21.0,1.0,100.0,80.0,,14.0,0.225,11134.975,98801243.8875,886.0
17714,1001.0,21.0,1.0,100.0,80.0,,15.0,0.5875,11135.5625,98812379.45,886.0
17715,1001.0,21.0,1.0,100.0,80.0,,16.0,0.6125,11136.175,98823515.625,886.0
17716,1001.0,21.0,1.0,100.0,80.0,,17.0,1.0,11137.175,98834652.8,886.0
17717,1001.0,21.0,1.0,100.0,80.0,,18.0,0.6875,11137.8625,98845790.6625,886.0
17718,1001.0,21.0,1.0,100.0,80.0,,19.0,0.4625,11138.325,98856928.9875,886.0
17719,1001.0,21.0,1.0,100.0,80.0,,20.0,1.1875,11139.5125,98868068.5,886.0
17720,1001.0,21.0,1.0,100.0,80.0,,1.0,0.375,11139.8875,98879208.3875,887.0
17721,1001.0,21.0,1.0,100.0,80.0,,2.0,0.0625,11139.95,98890348.3375,887.0
17722,1001.0,21.0,1.0,100.0,80.0,,3.0,0.475,11140.425,98901488.7625,887.0
17723,1001.0,21.0,1.0,100.0,80.0,,4.0,0.9875,11141.4125,98912630.175,887.0
17724,1001.0,21.0,1.0,100.0,80.0,,5.0,0.075,11141.4875,98923771.6625,887.0
17725,1001.0,21.0,1.0,100.0,80.0,,6.0,0.2125,11141.7,98934913.3625,887.0
17726,1001.0,21.0,1.0,100.0,80.0,,7.0,0.725,11142.425,98946055.7875,887.0
17727,1001.0,21.0,1.0,100.0,80.0,,8.0,1.025,11143.45,98957199.2375,887.0
17728,1001.0,21.0,1.0,100.0,80.0,,9.0,0.725,11144.175,98968343.4125,887.0
17729,1001.0,21.0,1.0,100.0,80.0,,10.0,0.0125,11144.1875,98979487.6,887.0
17730,1001.0,21.0,1.0,100.0,80.0,,11.0,0.6875,11144.875,98990632.475,887.0
17731,1001.0,21.0,1.0,100.0,80.0,,12.0,0.55,11145.425,99001777.9,887.0
17732,1001.0,21.0,1.0,100.0,80.0,,13.0,1.1625,11146.5875,99012924.4875,887.0
17733,1001.0,21.0,1.0,100.0,80.0,,14.0,0.325,11146.9125,99024071.4,887.0
17734,1001.0,21.0,1.0,100.0,80.0,,15.0,0.6125,11147.525,99035218.925,887.0
17735,1001.0,21.0,1.0,100.0,80.0,,16.0,0.6,11148.125,99046367.05,887.0
17736,1001.0,21.0,1.0,100.0,80.0,,17.0,0.35,11148.475,99057515.525,887.0
17737,1001.0,21.0,1.0,100.0,80.0,,18.0,0.9875,11149.4625,99068664.9875,887.0
17738,1001.0,21.0,1.0,100.0,80.0,,19.0,0.3,11149.7625,99079814.75,887.0
17739,1001.0,21.0,1.0,100.0,80.0,,20.0,0.4,11150.1625,99090964.9125,887.0
17740,1001.0,21.0,1.0,100.0,80.0,,1.0,0.2875,11150.45,99102115.3625,888.0
17741,1001.0,21.0,1.0,100.0,80.0,,2.0,1.0875,11151.5375,99113266.9,888.0
17742,1001.0,21.0,1.0,100.0,80.0,,3.0,0.0875,11151.625,99124418.525,888.0
17743,1001.0,21.0,1.0,100.0,80.0,,4.0,0.325,11151.95,99135570.475,888.0
17744,1001.0,21.0,1.0,100.0,80.0,,5.0,1.0875,11153.0375,99146723.5125,888.0
17745,1001.0,21.0,1.0,100.0,80.0,,6.0,0.85,11153.8875,99157877.4,888.0
17746,1001.0,21.0,1.0,100.0,80.0,,7.0,0.9625,11154.85,99169032.25,888.0
17747,1001.0,21.0,1.0,100.0,80.0,,8.0,0.8625,11155.7125,99180187.9625,888.0
17748,1001.0,21.0,1.0,100.0,80.0,,9.0,0.2625,11155.975,99191343.9375,888.0
17749,1001.0,21.0,1.0,100.0,80.0,,10.0,0.575,11156.55,99202500.4875,888.0
17750,1001.0,21.0,1.0,100.0,80.0,,11.0,0.7875,11157.3375,99213657.825,888.0
17751,1001.0,21.0,1.0,100.0,80.0,,12.0,0.75,11158.0875,99224815.9125,888.0
17752,1001.0,21.0,1.0,100.0,80.0,,13.0,0.0875,11158.175,99235974.0875,888.0
17753,1001.0,21.0,1.0,100.0,80.0,,14.0,0.85,11159.025,99247133.1125,888.0
17754,1001.0,21.0,1.0,100.0,80.0,,15.0,0.3875,11159.4125,99258292.525,888.0
17755,1001.0,21.0,1.0,100.0,80.0,,16.0,1.225,11160.6375,99269453.1625,888.0
17756,1001.0,21.0,1.0,100.0,80.0,,17.0,0.0875,11160.725,99280613.8875,888.0
17757,1001.0,21.0,1.0,100.0,80.0,,18.0,1.0375,11161.7625,99291775.65,888.0
17758,1001.0,21.0,1.0,100.0,80.0,,19.0,0.8875,11162.65,99302938.3,888.0
17759,1001.0,21.0,1.0,100.0,80.0,,20.0,1.2375,11163.8875,99314102.1875,888.0
17760,1001.0,21.0,1.0,100.0,80.0,,1.0,0.8625,11164.75,99325266.9375,889.0
17761,1001.0,21.0,1.0,100.0,80.0,,2.0,0.2375,11164.9875,99336431.925,889.0
17762,1001.0,21.0,1.0,100.0,80.0,,3.0,0.7625,11165.75,99347597.675,889.0
17763,1001.0,21.0,1.0,100.0,80.0,,4.0,0.4,11166.15,99358763.825,889.0
17764,1001.0,21.0,1.0,100.0,80.0,,5.0,0.925,11167.075,99369930.9,889.0
17765,1001.0,21.0,1.0,100.0,80.0,,6.0,0.625,11167.7,99381098.6,889.0
17766,1001.0,21.0,1.0,100.0,80.0,,7.0,0.4,11168.1,99392266.7,889.0
17767,1001.0,21.0,1.0,100.0,80.0,,8.0,0.375,11168.475,99403435.175,889.0
17768,1001.0,21.0,1.0,100.0,80.0,,9.0,0.4,11168.875,99414604.05,889.0
17769,1001.0,21.0,1.0,100.0,80.0,,10.0,0.8,11169.675,99425773.725,889.0
17770,1001.0,21.0,1.0,100.0,80.0,,11.0,0.8375,11170.5125,99436944.2375,889.0
17771,1001.0,21.0,1.0,100.0,80.0,,12.0,0.475,11170.9875,99448115.225,889.0
17772,1001.0,21.0,1.0,100.0,80.0,,13.0,0.475,11171.4625,99459286.6875,889.0
17773,1001.0,21.0,1.0,100.0,80.0,,14.0,1.1,11172.5625,99470459.25,889.0
17774,1001.0,21.0,1.0,100.0,80.0,,15.0,0.4,11172.9625,99481632.2125,889.0
17775,1001.0,21.0,1.0,100.0,80.0,,16.0,1.1,11174.0625,99492806.275,889.0
17776,1001.0,21.0,1.0,100.0,80.0,,17.0,0.4,11174.4625,99503980.7375,889.0
17777,1001.0,21.0,1.0,100.0,80.0,,18.0,0.4125,11174.875,99515155.6125,889.0
17778,1001.0,21.0,1.0,100.0,80.0,,19.0,0.2625,11175.1375,99526330.75,889.0
17779,1001.0,21.0,1.0,100.0,80.0,,20.0,0.2125,11175.35,99537506.1,889.0
17780,1001.0,21.0,1.0,100.0,80.0,,1.0,0.9625,11176.3125,99548682.4125,890.0
17781,1001.0,21.0,1.0,100.0,80.0,,2.0,0.7625,11177.075,99559859.4875,890.0
17782,1001.0,21.0,1.0,100.0,80.0,,3.0,0.675,11177.75,99571037.2375,890.0
17783,1001.0,21.0,1.0,100.0,80.0,,4.0,0.125,11177.875,99582215.1125,890.0
17784,1001.0,21.0,1.0,100.0,80.0,,5.0,1.075,11178.95,99593394.0625,890.0
17785,1001.0,21.0,1.0,100.0,80.0,,6.0,0.5875,11179.5375,99604573.6,890.0
17786,1001.0,21.0,1.0,100.0,80.0,,7.0,0.9625,11180.5,99615754.1,890.0
17787,1001.0,21.0,1.0,100.0,80.0,,8.0,1.0375,11181.5375,99626935.6375,890.0
17788,1001.0,21.0,1.0,100.0,80.0,,9.0,0.5,11182.0375,99638117.675,890.0
17789,1001.0,21.0,1.0,100.0,80.0,,10.0,0.4375,11182.475,99649300.15,890.0
17790,1001.0,21.0,1.0,100.0,80.0,,11.0,0.625,11183.1,99660483.25,890.0
17791,1001.0,21.0,1.0,100.0,80.0,,12.0,0.375,11183.475,99671666.725,890.0
17792,1001.0,21.0,1.0,100.0,80.0,,13.0,0.9625,11184.4375,99682851.1625,890.0
17793,1001.0,21.0,1.0,100.0,80.0,,14.0,0.25,11184.6875,99694035.85,890.0
17794,1001.0,21.0,1.0,100.0,80.0,,15.0,0.8375,11185.525,99705221.375,890.0
17795,1001.0,21.0,1.0,100.0,80.0,,16.0,0.5,11186.025,99716407.4,890.0
17796,1001.0,21.0,1.0,100.0,80.0,,17.0,0.1875,11186.2125,99727593.6125,890.0
17797,1001.0,21.0,1.0,100.0,80.0,,18.0,0.7625,11186.975,99738780.5875,890.0
17798,1001.0,21.0,1.0,100.0,80.0,,19.0,0.725,11187.7,99749968.2875,890.0
17799,1001.0,21.0,1.0,100.0,80.0,,20.0,0.9875,11188.6875,99761156.975,890.0
17800,1001.0,21.0,1.0,100.0,80.0,,1.0,0.6375,11189.325,99772346.3,891.0
17801,1001.0,21.0,1.0,100.0,80.0,,2.0,0.65,11189.975,99783536.275,891.0
17802,1001.0,21.0,1.0,100.0,80.0,,3.0,0.5125,11190.4875,99794726.7625,891.0
17803,1001.0,21.0,1.0,100.0,80.0,,4.0,1.1625,11191.65,99805918.4125,891.0
17804,1001.0,21.0,1.0,100.0,80.0,,5.0,0.8375,11192.4875,99817110.9,891.0
17805,1001.0,21.0,1.0,100.0,80.0,,6.0,0.3125,11192.8,99828303.7,891.0
17806,1001.0,21.0,1.0,100.0,80.0,,7.0,0.4,11193.2,99839496.9,891.0
17807,1001.0,21.0,1.0,100.0,80.0,,8.0,1.15,11194.35,99850691.25,891.0
17808,1001.0,21.0,1.0,100.0,80.0,,9.0,0.45,11194.8,99861886.05,891.0
17809,1001.0,21.0,1.0,100.0,80.0,,10.0,1.0375,11195.8375,99873081.8875,891.0
17810,1001.0,21.0,1.0,100.0,80.0,,11.0,0.5125,11196.35,99884278.2375,891.0
17811,1001.0,21.0,1.0,100.0,80.0,,12.0,0.725,11197.075,99895475.3125,891.0
17812,1001.0,21.0,1.0,100.0,80.0,,13.0,0.9625,11198.0375,99906673.35,891.0
17813,1001.0,21.0,1.0,100.0,80.0,,14.0,1.1125,11199.15,99917872.5,891.0
17814,1001.0,21.0,1.0,100.0,80.0,,15.0,1.125,11200.275,99929072.775,891.0
17815,1001.0,21.0,1.0,100.0,80.0,,16.0,0.825,11201.1,99940273.875,891.0
17816,1001.0,21.0,1.0,100.0,80.0,,17.0,0.75,11201.85,99951475.725,891.0
17817,1001.0,21.0,1.0,100.0,80.0,,18.0,0.5,11202.35,99962678.075,891.0
17818,1001.0,21.0,1.0,100.0,80.0,,19.0,0.175,11202.525,99973880.6,891.0
17819,1001.0,21.0,1.0,100.0,80.0,,20.0,0.6625,11203.1875,99985083.7875,891.0
17820,1001.0,21.0,1.0,100.0,80.0,,1.0,0.975,11204.1625,99996287.95,892.0
17821,1001.0,21.0,1.0,100.0,80.0,,2.0,0.3125,11204.475,100007492.425,892.0
17822,1001.0,21.0,1.0,100.0,80.0,,3.0,1.125,11205.6,100018698.025,892.0
17823,1001.0,21.0,1.0,100.0,80.0,,4.0,1.1125,11206.7125,100029904.7375,892.0
17824,1001.0,21.0,1.0,100.0,80.0,,5.0,0.1375,11206.85,100041111.5875,892.0
17825,1001.0,21.0,1.0,100.0,80.0,,6.0,1.1125,11207.9625,100052319.55,892.0
17826,1001.0,21.0,1.0,100.0,80.0,,7.0,0.5875,11208.55,100063528.1,892.0
17827,1001.0,21.0,1.0,100.0,80.0,,8.0,0.7,11209.25,100074737.35,892.0
17828,1001.0,21.0,1.0,100.0,80.0,,9.0,0.375,11209.625,100085946.975,892.0
17829,1001.0,21.0,1.0,100.0,80.0,,10.0,0.2875,11209.9125,100097156.8875,892.0
17830,1001.0,21.0,1.0,100.0,80.0,,11.0,0.15,11210.0625,100108366.95,892.0
17831,1001.0,21.0,1.0,100.0,80.0,,12.0,0.525,11210.5875,100119577.5375,892.0
17832,1001.0,21.0,1.0,100.0,80.0,,13.0,1.15,11211.7375,100130789.275,892.0
17833,1001.0,21.0,1.0,100.0,80.0,,14.0,0.4,11212.1375,100142001.4125,892.0
17834,1001.0,21.0,1.0,100.0,80.0,,15.0,1.1,11213.2375,100153214.65,892.0
17835,1001.0,21.0,1.0,100.0,80.0,,16.0,0.6,11213.8375,100164428.4875,892.0
17836,1001.0,21.0,1.0,100.0,80.0,,17.0,1.1875,11215.025,100175643.5125,892.0
17837,1001.0,21.0,1.0,100.0,80.0,,18.0,0.6375,11215.6625,100186859.175,892.0
17838,1001.0,21.0,1.0,100.0,80.0,,19.0,0.0625,11215.725,100198074.9,892.0
17839,1001.0,21.0,1.0,100.0,80.0,,20.0,0.2,11215.925,100209290.825,892.0
17840,1001.0,21.0,1.0,100.0,80.0,,1.0,0.8125,11216.7375,100220507.5625,893.0
17841,1001.0,21.0,1.0,100.0,80.0,,2.0,0.4375,11217.175,100231724.7375,893.0
17842,1001.0,21.0,1.0,100.0,80.0,,3.0,0.1125,11217.2875,100242942.025,893.0
17843,1001.0,21.0,1.0,100.0,80.0,,4.0,1.05,11218.3375,100254160.3625,893.0
17844,1001.0,21.0,1.0,100.0,80.0,,5.0,0.9625,11219.3,100265379.6625,893.0
17845,1001.0,21.0,1.0,100.0,80.0,,6.0,0.875,11220.175,100276599.8375,893.0
17846,1001.0,21.0,1.0,100.0,80.0,,7.0,1.075,11221.25,100287821.0875,893.0
17847,1001.0,21.0,1.0,100.0,80.0,,8.0,0.075,11221.325,100299042.4125,893.0
17848,1001.0,21.0,1.0,100.0,80.0,,9.0,0.5,11221.825,100310264.2375,893.0
17849,1001.0,21.0,1.0,100.0,80.0,,10.0,0.55,11222.375,100321486.6125,893.0
17850,1001.0,21.0,1.0,100.0,80.0,,11.0,0.8375,11223.2125,100332709.825,893.0
17851,1001.0,21.0,1.0,100.0,80.0,,12.0,0.7,11223.9125,100343933.7375,893.0
17852,1001.0,21.0,1.0,100.0,80.0,,13.0,0.3625,11224.275,100355158.0125,893.0
17853,1001.0,21.0,1.0,100.0,80.0,,14.0,0.025,11224.3,100366382.3125,893.0
17854,1001.0,21.0,1.0,100.0,80.0,,15.0,0.8,11225.1,100377607.4125,893.0
17855,1001.0,21.0,1.0,100.0,80.0,,16.0,0.8875,11225.9875,100388833.4,893.0
17856,1001.0,21.0,1.0,100.0,80.0,,17.0,0.2375,11226.225,100400059.625,893.0
17857,1001.0,21.0,1.0,100.0,80.0,,18.0,0.45,11226.675,100411286.3,893.0
17858,1001.0,21.0,1.0,100.0,80.0,,19.0,0.6,11227.275,100422513.575,893.0
17859,1001.0,21.0,1.0,100.0,80.0,,20.0,0.1125,11227.3875,100433740.9625,893.0
17860,1001.0,21.0,1.0,100.0,80.0,,1.0,0.8875,11228.275,100444969.2375,894.0
17861,1001.0,21.0,1.0,100.0,80.0,,2.0,1.125,11229.4,100456198.6375,894.0
17862,1001.0,21.0,1.0,100.0,80.0,,3.0,1.1625,11230.5625,100467429.2,894.0
17863,1001.0,21.0,1.0,100.0,80.0,,4.0,0.1125,11230.675,100478659.875,894.0
17864,1001.0,21.0,1.0,100.0,80.0,,5.0,0.1125,11230.7875,100489890.6625,894.0
17865,1001.0,21.0,1.0,100.0,80.0,,6.0,0.8875,11231.675,100501122.3375,894.0
17866,1001.0,21.0,1.0,100.0,80.0,,7.0,0.4125,11232.0875,100512354.425,894.0
17867,1001.0,21.0,1.0,100.0,80.0,,8.0,1.2,11233.2875,100523587.7125,894.0
17868,1001.0,21.0,1.0,100.0,80.0,,9.0,0.775,11234.0625,100534821.775,894.0
17869,1001.0,21.0,1.0,100.0,80.0,,10.0,0.6875,11234.75,100546056.525,894.0
17870,1001.0,21.0,1.0,100.0,80.0,,11.0,0.6625,11235.4125,100557291.9375,894.0
17871,1001.0,21.0,1.0,100.0,80.0,,12.0,0.6125,11236.025,100568527.9625,894.0
17872,1001.0,21.0,1.0,100.0,80.0,,13.0,1.0125,11237.0375,100579765.0,894.0
17873,1001.0,21.0,1.0,100.0,80.0,,14.0,1.0625,11238.1,100591003.1,894.0
17874,1001.0,21.0,1.0,100.0,80.0,,15.0,1.1,11239.2,100602242.3,894.0
17875,1001.0,21.0,1.0,100.0,80.0,,16.0,0.4,11239.6,100613481.9,894.0
17876,1001.0,21.0,1.0,100.0,80.0,,17.0,0.5,11240.1,100624722.0,894.0
17877,1001.0,21.0,1.0,100.0,80.0,,18.0,1.1625,11241.2625,100635963.2625,894.0
17878,1001.0,21.0,1.0,100.0,80.0,,19.0,0.475,11241.7375,100647205.0,894.0
17879,1001.0,21.0,1.0,100.0,80.0,,20.0,1.125,11242.8625,100658447.8625,894.0
17880,1001.0,21.0,1.0,100.0,80.0,,1.0,0.75,11243.6125,100669691.475,895.0
17881,1001.0,21.0,1.0,100.0,80.0,,2.0,1.0625,11244.675,100680936.15,895.0
17882,1001.0,21.0,1.0,100.0,80.0,,3.0,1.1625,11245.8375,100692181.9875,895.0
17883,1001.0,21.0,1.0,100.0,80.0,,4.0,0.8375,11246.675,100703428.6625,895.0
17884,1001.0,21.0,1.0,100.0,80.0,,5.0,0.225,11246.9,100714675.5625,895.0
17885,1001.0,21.0,1.0,100.0,80.0,,6.0,1.075,11247.975,100725923.5375,895.0
17886,1001.0,21.0,1.0,100.0,80.0,,7.0,0.85,11248.825,100737172.3625,895.0
17887,1001.0,21.0,1.0,100.0,80.0,,8.0,0.9625,11249.7875,100748422.15,895.0
17888,1001.0,21.0,1.0,100.0,80.0,,9.0,0.2375,11250.025,100759672.175,895.0
17889,1001.0,21.0,1.0,100.0,80.0,,10.0,1.1,11251.125,100770923.3,895.0
17890,1001.0,21.0,1.0,100.0,80.0,,11.0,0.1625,11251.2875,100782174.5875,895.0
17891,1001.0,21.0,1.0,100.0,80.0,,12.0,0.3,11251.5875,100793426.175,895.0
17892,1001.0,21.0,1.0,100.0,80.0,,13.0,0.6875,11252.275,100804678.45,895.0
17893,1001.0,21.0,1.0,100.0,80.0,,14.0,0.5875,11252.8625,100815931.3125,895.0
17894,1001.0,21.0,1.0,100.0,80.0,,15.0,0.325,11253.1875,100827184.5,895.0
17895,1001.0,21.0,1.0,100.0,80.0,,16.0,0.725,11253.9125,100838438.4125,895.0
17896,1001.0,21.0,1.0,100.0,80.0,,17.0,0.1375,11254.05,100849692.4625,895.0
17897,1001.0,21.0,1.0,100.0,80.0,,18.0,0.0875,11254.1375,100860946.6,895.0
17898,1001.0,21.0,1.0,100.0,80.0,,19.0,0.9,11255.0375,100872201.6375,895.0
17899,1001.0,21.0,1.0,100.0,80.0,,20.0,0.4125,11255.45,100883457.0875,895.0
17900,1001.0,21.0,1.0,100.0,80.0,,1.0,0.225,11255.675,100894712.7625,896.0
17901,1001.0,21.0,1.0,100.0,80.0,,2.0,0.1375,11255.8125,100905968.575,896.0
17902,1001.0,21.0,1.0,100.0,80.0,,3.0,0.4125,11256.225,100917224.8,896.0
17903,1001.0,21.0,1.0,100.0,80.0,,4.0,0.3625,11256.5875,100928481.3875,896.0
17904,1001.0,21.0,1.0,100.0,80.0,,5.0,0.2125,11256.8,100939738.1875,896.0
17905,1001.0,21.0,1.0,100.0,80.0,,6.0,0.3875,11257.1875,100950995.375,896.0
17906,1001.0,21.0,1.0,100.0,80.0,,7.0,0.55,11257.7375,100962253.1125,896.0
17907,1001.0,21.0,1.0,100.0,80.0,,8.0,0.5,11258.2375,100973511.35,896.0
17908,1001.0,21.0,1.0,100.0,80.0,,9.0,0.4875,11258.725,100984770.075,896.0
17909,1001.0,21.0,1.0,100.0,80.0,,10.0,1.1125,11259.8375,100996029.9125,896.0
17910,1001.0,21.0,1.0,100.0,80.0,,11.0,0.3125,11260.15,101007290.0625,896.0
17911,1001.0,21.0,1.0,100.0,80.0,,12.0,0.0625,11260.2125,101018550.275,896.0
17912,1001.0,21.0,1.0,100.0,80.0,,13.0,0.125,11260.3375,101029810.6125,896.0
17913,1001.0,21.0,1.0,100.0,80.0,,14.0,0.975,11261.3125,101041071.925,896.0
17914,1001.0,21.0,1.0,100.0,80.0,,15.0,0.5375,11261.85,101052333.775,896.0
17915,1001.0,21.0,1.0,100.0,80.0,,16.0,0.8,11262.65,101063596.425,896.0
17916,1001.0,21.0,1.0,100.0,80.0,,17.0,0.7,11263.35,101074859.775,896.0
17917,1001.0,21.0,1.0,100.0,80.0,,18.0,0.0125,11263.3625,101086123.1375,896.0
17918,1001.0,21.0,1.0,100.0,80.0,,19.0,1.225,11264.5875,101097387.725,896.0
17919,1001.0,21.0,1.0,100.0,80.0,,20.0,1.1125,11265.7,101108653.425,896.0
17920,1001.0,21.0,1.0,100.0,80.0,,1.0,1.2125,11266.9125,101119920.3375,897.0
17921,1001.0,21.0,1.0,100.0,80.0,,2.0,0.375,11267.2875,101131187.625,897.0
17922,1001.0,21.0,1.0,100.0,80.0,,3.0,0.4,11267.6875,101142455.3125,897.0
17923,1001.0,21.0,1.0,100.0,80.0,,4.0,0.6625,11268.35,101153723.6625,897.0
17924,1001.0,21.0,1.0,100.0,80.0,,5.0,1.05,11269.4,101164993.0625,897.0
17925,1001.0,21.0,1.0,100.0,80.0,,6.0,0.3625,11269.7625,101176262.825,897.0
17926,1001.0,21.0,1.0,100.0,80.0,,7.0,0.025,11269.7875,101187532.6125,897.0
17927,1001.0,21.0,1.0,100.0,80.0,,8.0,1.225,11271.0125,101198803.625,897.0
17928,1001.0,21.0,1.0,100.0,80.0,,9.0,0.7125,11271.725,101210075.35,897.0
17929,1001.0,21.0,1.0,100.0,80.0,,10.0,0.25,11271.975,101221347.325,897.0
17930,1001.0,21.0,1.0,100.0,80.0,,11.0,0.575,11272.55,101232619.875,897.0
17931,1001.0,21.0,1.0,100.0,80.0,,12.0,0.825,11273.375,101243893.25,897.0
17932,1001.0,21.0,1.0,100.0,80.0,,13.0,0.2875,11273.6625,101255166.9125,897.0
17933,1001.0,21.0,1.0,100.0,80.0,,14.0,1.0125,11274.675,101266441.5875,897.0
17934,1001.0,21.0,1.0,100.0,80.0,,15.0,0.0375,11274.7125,101277716.3,897.0
17935,1001.0,21.0,1.0,100.0,80.0,,16.0,1.0625,11275.775,101288992.075,897.0
17936,1001.0,21.0,1.0,100.0,80.0,,17.0,0.775,11276.55,101300268.625,897.0
17937,1001.0,21.0,1.0,100.0,80.0,,18.0,1.2375,11277.7875,101311546.4125,897.0
17938,1001.0,21.0,1.0,100.0,80.0,,19.0,0.3,11278.0875,101322824.5,897.0
17939,1001.0,21.0,1.0,100.0,80.0,,20.0,0.7375,11278.825,101334103.325,897.0
17940,1001.0,21.0,1.0,100.0,80.0,,1.0,0.725,11279.55,101345382.875,898.0
17941,1001.0,21.0,1.0,100.0,80.0,,2.0,0.575,11280.125,101356663.0,898.0
17942,1001.0,21.0,1.0,100.0,80.0,,3.0,0.55,11280.675,101367943.675,898.0
17943,1001.0,21.0,1.0,100.0,80.0,,4.0,0.1,11280.775,101379224.45,898.0
17944,1001.0,21.0,1.0,100.0,80.0,,5.0,0.825,11281.6,101390506.05,898.0
17945,1001.0,21.0,1.0,100.0,80.0,,6.0,0.675,11282.275,101401788.325,898.0
17946,1001.0,21.0,1.0,100.0,80.0,,7.0,1.2125,11283.4875,101413071.8125,898.0
17947,1001.0,21.0,1.0,100.0,80.0,,8.0,0.3875,11283.875,101424355.6875,898.0
17948,1001.0,21.0,1.0,100.0,80.0,,9.0,0.725,11284.6,101435640.2875,898.0
17949,1001.0,21.0,1.0,100.0,80.0,,10.0,0.1875,11284.7875,101446925.075,898.0
17950,1001.0,21.0,1.0,100.0,80.0,,11.0,0.4,11285.1875,101458210.2625,898.0
17951,1001.0,21.0,1.0,100.0,80.0,,12.0,0.3125,11285.5,101469495.7625,898.0
17952,1001.0,21.0,1.0,100.0,80.0,,13.0,1.1625,11286.6625,101480782.425,898.0
17953,1001.0,21.0,1.0,100.0,80.0,,14.0,1.225,11287.8875,101492070.3125,898.0
17954,1001.0,21.0,1.0,100.0,80.0,,15.0,0.2625,11288.15,101503358.4625,898.0
17955,1001.0,21.0,1.0,100.0,80.0,,16.0,0.1375,11288.2875,101514646.75,898.0
17956,1001.0,21.0,1.0,100.0,80.0,,17.0,0.625,11288.9125,101525935.6625,898.0
17957,1001.0,21.0,1.0,100.0,80.0,,18.0,1.025,11289.9375,101537225.6,898.0
17958,1001.0,21.0,1.0,100.0,80.0,,19.0,0.625,11290.5625,101548516.1625,898.0
17959,1001.0,21.0,1.0,100.0,80.0,,20.0,1.15,11291.7125,101559807.875,898.0
17960,1001.0,21.0,1.0,100.0,80.0,,1.0,0.3625,11292.075,101571099.95,899.0
17961,1001.0,21.0,1.0,100.0,80.0,,2.0,0.1375,11292.2125,101582392.1625,899.0
17962,1001.0,21.0,1.0,100.0,80.0,,3.0,0.85,11293.0625,101593685.225,899.0
17963,1001.0,21.0,1.0,100.0,80.0,,4.0,0.3375,11293.4,101604978.625,899.0
17964,1001.0,21.0,1.0,100.0,80.0,,5.0,0.5875,11293.9875,101616272.6125,899.0
17965,1001.0,21.0,1.0,100.0,80.0,,6.0,0.4625,11294.45,101627567.0625,899.0
17966,1001.0,21.0,1.0,100.0,80.0,,7.0,0.3,11294.75,101638861.8125,899.0
17967,1001.0,21.0,1.0,100.0,80.0,,8.0,0.6625,11295.4125,101650157.225,899.0
17968,1001.0,21.0,1.0,100.0,80.0,,9.0,0.9125,11296.325,101661453.55,899.0
17969,1001.0,21.0,1.0,100.0,80.0,,10.0,0.1125,11296.4375,101672749.9875,899.0
17970,1001.0,21.0,1.0,100.0,80.0,,11.0,0.525,11296.9625,101684046.95,899.0
17971,1001.0,21.0,1.0,100.0,80.0,,12.0,0.1625,11297.125,101695344.075,899.0
17972,1001.0,21.0,1.0,100.0,80.0,,13.0,0.175,11297.3,101706641.375,899.0
17973,1001.0,21.0,1.0,100.0,80.0,,14.0,0.825,11298.125,101717939.5,899.0
17974,1001.0,21.0,1.0,100.0,80.0,,15.0,1.1875,11299.3125,101729238.8125,899.0
17975,1001.0,21.0,1.0,100.0,80.0,,16.0,0.125,11299.4375,101740538.25,899.0
17976,1001.0,21.0,1.0,100.0,80.0,,17.0,0.4625,11299.9,101751838.15,899.0
17977,1001.0,21.0,1.0,100.0,80.0,,18.0,1.15,11301.05,101763139.2,899.0
17978,1001.0,21.0,1.0,100.0,80.0,,19.0,1.0625,11302.1125,101774441.3125,899.0
17979,1001.0,21.0,1.0,100.0,80.0,,20.0,1.0375,11303.15,101785744.4625,899.0
17980,1001.0,21.0,1.0,100.0,80.0,,1.0,0.3625,11303.5125,101797047.975,900.0
17981,1001.0,21.0,1.0,100.0,80.0,,2.0,1.125,11304.6375,101808352.6125,900.0
17982,1001.0,21.0,1.0,100.0,80.0,,3.0,0.7875,11305.425,101819658.0375,900.0
17983,1001.0,21.0,1.0,100.0,80.0,,4.0,1.15,11306.575,101830964.6125,900.0
17984,1001.0,21.0,1.0,100.0,80.0,,5.0,0.75,11307.325,101842271.9375,900.0
17985,1001.0,21.0,1.0,100.0,80.0,,6.0,0.225,11307.55,101853579.4875,900.0
17986,1001.0,21.0,1.0,100.0,80.0,,7.0,0.5625,11308.1125,101864887.6,900.0
17987,1001.0,21.0,1.0,100.0,80.0,,8.0,0.2375,11308.35,101876195.95,900.0
17988,1001.0,21.0,1.0,100.0,80.0,,9.0,0.075,11308.425,101887504.375,900.0
17989,1001.0,21.0,1.0,100.0,80.0,,10.0,0.9,11309.325,101898813.7,900.0
17990,1001.0,21.0,1.0,100.0,80.0,,11.0,1.1625,11310.4875,101910124.1875,900.0
17991,1001.0,21.0,1.0,100.0,80.0,,12.0,0.45,11310.9375,101921435.125,900.0
17992,1001.0,21.0,1.0,100.0,80.0,,13.0,1.05,11311.9875,101932747.1125,900.0
17993,1001.0,21.0,1.0,100.0,80.0,,14.0,0.5,11312.4875,101944059.6,900.0
17994,1001.0,21.0,1.0,100.0,80.0,,15.0,0.575,11313.0625,101955372.6625,900.0
17995,1001.0,21.0,1.0,100.0,80.0,,16.0,0.625,11313.6875,101966686.35,900.0
17996,1001.0,21.0,1.0,100.0,80.0,,17.0,0.6875,11314.375,101978000.725,900.0
17997,1001.0,21.0,1.0,100.0,80.0,,18.0,0.1,11314.475,101989315.2,900.0
17998,1001.0,21.0,1.0,100.0,80.0,,19.0,0.85,11315.325,102000630.525,900.0
17999,1001.0,21.0,1.0,100.0,80.0,,20.0,1.075,11316.4,102011946.925,900.0
18000,1001.0,21.0,1.0,100.0,80.0,,1.0,0.9875,11317.3875,102023264.3125,901.0
18001,1001.0,21.0,1.0,100.0,80.0,,2.0,0.1,11317.4875,102034581.8,901.0
18002,1001.0,21.0,1.0,100.0,80.0,,3.0,0.45,11317.9375,102045899.7375,901.0
18003,1001.0,21.0,1.0,100.0,80.0,,4.0,1.0875,11319.025,102057218.7625,901.0
18004,1001.0,21.0,1.0,100.0,80.0,,5.0,1.1625,11320.1875,102068538.95,901.0
18005,1001.0,21.0,1.0,100.0,80.0,,6.0,1.225,11321.4125,102079860.3625,901.0
18006,1001.0,21.0,1.0,100.0,80.0,,7.0,1.225,11322.6375,102091183.0,901.0
18007,1001.0,21.0,1.0,100.0,80.0,,8.0,0.0875,11322.725,102102505.725,901.0
18008,1001.0,21.0,1.0,100.0,80.0,,9.0,0.4875,11323.2125,102113828.9375,901.0
18009,1001.0,21.0,1.0,100.0,80.0,,10.0,0.0375,11323.25,102125152.1875,901.0
18010,1001.0,21.0,1.0,100.0,80.0,,11.0,0.1625,11323.4125,102136475.6,901.0
18011,1001.0,21.0,1.0,100.0,80.0,,12.0,1.1625,11324.575,102147800.175,901.0
18012,1001.0,21.0,1.0,100.0,80.0,,13.0,0.475,11325.05,102159125.225,901.0
18013,1001.0,21.0,1.0,100.0,80.0,,14.0,0.9625,11326.0125,102170451.2375,901.0
18014,1001.0,21.0,1.0,100.0,80.0,,15.0,1.1375,11327.15,102181778.3875,901.0
18015,1001.0,21.0,1.0,100.0,80.0,,16.0,0.3375,11327.4875,102193105.875,901.0
18016,1001.0,21.0,1.0,100.0,80.0,,17.0,0.225,11327.7125,102204433.5875,901.0
18017,1001.0,21.0,1.0,100.0,80.0,,18.0,0.9375,11328.65,102215762.2375,901.0
18018,1001.0,21.0,1.0,100.0,80.0,,19.0,1.0125,11329.6625,102227091.9,901.0
18019,1001.0,21.0,1.0,100.0,80.0,,20.0,0.8125,11330.475,102238422.375,901.0
18020,1001.0,21.0,1.0,100.0,80.0,,1.0,0.5625,11331.0375,102249753.4125,902.0
18021,1001.0,21.0,1.0,100.0,80.0,,2.0,0.725,11331.7625,102261085.175,902.0
18022,1001.0,21.0,1.0,100.0,80.0,,3.0,0.6125,11332.375,102272417.55,902.0
18023,1001.0,21.0,1.0,100.0,80.0,,4.0,0.3625,11332.7375,102283750.2875,902.0
18024,1001.0,21.0,1.0,100.0,80.0,,5.0,0.7125,11333.45,102295083.7375,902.0
18025,1001.0,21.0,1.0,100.0,80.0,,6.0,0.7375,11334.1875,102306417.925,902.0
18026,1001.0,21.0,1.0,100.0,80.0,,7.0,0.7375,11334.925,102317752.85,902.0
18027,1001.0,21.0,1.0,100.0,80.0,,8.0,0.7875,11335.7125,102329088.5625,902.0
18028,1001.0,21.0,1.0,100.0,80.0,,9.0,0.525,11336.2375,102340424.8,902.0
18029,1001.0,21.0,1.0,100.0,80.0,,10.0,0.55,11336.7875,102351761.5875,902.0
18030,1001.0,21.0,1.0,100.0,80.0,,11.0,0.725,11337.5125,102363099.1,902.0
18031,1001.0,21.0,1.0,100.0,80.0,,12.0,0.7375,11338.25,102374437.35,902.0
18032,1001.0,21.0,1.0,100.0,80.0,,13.0,0.475,11338.725,102385776.075,902.0
18033,1001.0,21.0,1.0,100.0,80.0,,14.0,0.775,11339.5,102397115.575,902.0
18034,1001.0,21.0,1.0,100.0,80.0,,15.0,0.6875,11340.1875,102408455.7625,902.0
18035,1001.0,21.0,1.0,100.0,80.0,,16.0,0.2375,11340.425,102419796.1875,902.0
18036,1001.0,21.0,1.0,100.0,80.0,,17.0,0.3875,11340.8125,102431137.0,902.0
18037,1001.0,21.0,1.0,100.0,80.0,,18.0,0.9,11341.7125,102442478.7125,902.0
18038,1001.0,21.0,1.0,100.0,80.0,,19.0,0.8875,11342.6,102453821.3125,902.0
18039,1001.0,21.0,1.0,100.0,80.0,,20.0,0.4875,11343.0875,102465164.4,902.0
18040,1001.0,21.0,1.0,100.0,80.0,,1.0,0.775,11343.8625,102476508.2625,903.0
18041,1001.0,21.0,1.0,100.0,80.0,,2.0,1.15,11345.0125,102487853.275,903.0
18042,1001.0,21.0,1.0,100.0,80.0,,3.0,0.3375,11345.35,102499198.625,903.0
18043,1001.0,21.0,1.0,100.0,80.0,,4.0,0.3375,11345.6875,102510544.3125,903.0
18044,1001.0,21.0,1.0,100.0,80.0,,5.0,0.3875,11346.075,102521890.3875,903.0
18045,1001.0,21.0,1.0,100.0,80.0,,6.0,0.6,11346.675,102533237.0625,903.0
18046,1001.0,21.0,1.0,100.0,80.0,,7.0,0.2375,11346.9125,102544583.975,903.0
18047,1001.0,21.0,1.0,100.0,80.0,,8.0,1.0375,11347.95,102555931.925,903.0
18048,1001.0,21.0,1.0,100.0,80.0,,9.0,0.3875,11348.3375,102567280.2625,903.0
18049,1001.0,21.0,1.0,100.0,80.0,,10.0,0.7875,11349.125,102578629.3875,903.0
18050,1001.0,21.0,1.0,100.0,80.0,,11.0,0.75,11349.875,102589979.2625,903.0
18051,1001.0,21.0,1.0,100.0,80.0,,12.0,0.175,11350.05,102601329.3125,903.0
18052,1001.0,21.0,1.0,100.0,80.0,,13.0,0.025,11350.075,102612679.3875,903.0
18053,1001.0,21.0,1.0,100.0,80.0,,14.0,0.2375,11350.3125,102624029.7,903.0
18054,1001.0,21.0,1.0,100.0,80.0,,15.0,0.4125,11350.725,102635380.425,903.0
18055,1001.0,21.0,1.0,100.0,80.0,,16.0,0.2875,11351.0125,102646731.4375,903.0
18056,1001.0,21.0,1.0,100.0,80.0,,17.0,0.775,11351.7875,102658083.225,903.0
18057,1001.0,21.0,1.0,100.0,80.0,,18.0,0.075,11351.8625,102669435.0875,903.0
18058,1001.0,21.0,1.0,100.0,80.0,,19.0,0.55,11352.4125,102680787.5,903.0
18059,1001.0,21.0,1.0,100.0,80.0,,20.0,0.65,11353.0625,102692140.5625,903.0
18060,1001.0,21.0,1.0,100.0,80.0,,1.0,0.7,11353.7625,102703494.325,904.0
18061,1001.0,21.0,1.0,100.0,80.0,,2.0,0.6625,11354.425,102714848.75,904.0
18062,1001.0,21.0,1.0,100.0,80.0,,3.0,0.25,11354.675,102726203.425,904.0
18063,1001.0,21.0,1.0,100.0,80.0,,4.0,0.2,11354.875,102737558.3,904.0
18064,1001.0,21.0,1.0,100.0,80.0,,5.0,1.175,11356.05,102748914.35,904.0
18065,1001.0,21.0,1.0,100.0,80.0,,6.0,0.925,11356.975,102760271.325,904.0
18066,1001.0,21.0,1.0,100.0,80.0,,7.0,0.45,11357.425,102771628.75,904.0
18067,1001.0,21.0,1.0,100.0,80.0,,8.0,0.1625,11357.5875,102782986.3375,904.0
18068,1001.0,21.0,1.0,100.0,80.0,,9.0,1.075,11358.6625,102794345.0,904.0
18069,1001.0,21.0,1.0,100.0,80.0,,10.0,0.8375,11359.5,102805704.5,904.0
18070,1001.0,21.0,1.0,100.0,80.0,,11.0,0.975,11360.475,102817064.975,904.0
18071,1001.0,21.0,1.0,100.0,80.0,,12.0,1.1125,11361.5875,102828426.5625,904.0
18072,1001.0,21.0,1.0,100.0,80.0,,13.0,0.8875,11362.475,102839789.0375,904.0
18073,1001.0,21.0,1.0,100.0,80.0,,14.0,0.9375,11363.4125,102851152.45,904.0
18074,1001.0,21.0,1.0,100.0,80.0,,15.0,0.625,11364.0375,102862516.4875,904.0
18075,1001.0,21.0,1.0,100.0,80.0,,16.0,0.725,11364.7625,102873881.25,904.0
18076,1001.0,21.0,1.0,100.0,80.0,,17.0,0.5875,11365.35,102885246.6,904.0
18077,1001.0,21.0,1.0,100.0,80.0,,18.0,0.5125,11365.8625,102896612.4625,904.0
18078,1001.0,21.0,1.0,100.0,80.0,,19.0,1.175,11367.0375,102907979.5,904.0
18079,1001.0,21.0,1.0,100.0,80.0,,20.0,0.8625,11367.9,102919347.4,904.0
18080,1001.0,21.0,1.0,100.0,80.0,,1.0,0.65,11368.55,102930715.95,905.0
18081,1001.0,21.0,1.0,100.0,80.0,,2.0,0.4,11368.95,102942084.9,905.0
18082,1001.0,21.0,1.0,100.0,80.0,,3.0,0.85,11369.8,102953454.7,905.0
18083,1001.0,21.0,1.0,100.0,80.0,,4.0,0.1625,11369.9625,102964824.6625,905.0
18084,1001.0,21.0,1.0,100.0,80.0,,5.0,0.7875,11370.75,102976195.4125,905.0
18085,1001.0,21.0,1.0,100.0,80.0,,6.0,0.3375,11371.0875,102987566.5,905.0
18086,1001.0,21.0,1.0,100.0,80.0,,7.0,1.0375,11372.125,102998938.625,905.0
18087,1001.0,21.0,1.0,100.0,80.0,,8.0,0.875,11373.0,103010311.625,905.0
18088,1001.0,21.0,1.0,100.0,80.0,,9.0,0.875,11373.875,103021685.5,905.0
18089,1001.0,21.0,1.0,100.0,80.0,,10.0,0.6375,11374.5125,103033060.0125,905.0
18090,1001.0,21.0,1.0,100.0,80.0,,11.0,1.0,11375.5125,103044435.525,905.0
18091,1001.0,21.0,1.0,100.0,80.0,,12.0,1.15,11376.6625,103055812.1875,905.0
18092,1001.0,21.0,1.0,100.0,80.0,,13.0,0.9125,11377.575,103067189.7625,905.0
18093,1001.0,21.0,1.0,100.0,80.0,,14.0,0.0625,11377.6375,103078567.4,905.0
18094,1001.0,21.0,1.0,100.0,80.0,,15.0,0.85,11378.4875,103089945.8875,905.0
18095,1001.0,21.0,1.0,100.0,80.0,,16.0,0.8625,11379.35,103101325.2375,905.0
18096,1001.0,21.0,1.0,100.0,80.0,,17.0,1.025,11380.375,103112705.6125,905.0
18097,1001.0,21.0,1.0,100.0,80.0,,18.0,0.65,11381.025,103124086.6375,905.0
18098,1001.0,21.0,1.0,100.0,80.0,,19.0,0.5,11381.525,103135468.1625,905.0
18099,1001.0,21.0,1.0,100.0,80.0,,20.0,1.1625,11382.6875,103146850.85,905.0
18100,1001.0,21.0,1.0,100.0,80.0,,1.0,0.15,11382.8375,103158233.6875,906.0
18101,1001.0,21.0,1.0,100.0,80.0,,2.0,0.25,11383.0875,103169616.775,906.0
18102,1001.0,21.0,1.0,100.0,80.0,,3.0,0.075,11383.1625,103180999.9375,906.0
18103,1001.0,21.0,1.0,100.0,80.0,,4.0,0.125,11383.2875,103192383.225,906.0
18104,1001.0,21.0,1.0,100.0,80.0,,5.0,1.1375,11384.425,103203767.65,906.0
18105,1001.0,21.0,1.0,100.0,80.0,,6.0,0.1875,11384.6125,103215152.2625,906.0
18106,1001.0,21.0,1.0,100.0,80.0,,7.0,0.6875,11385.3,103226537.5625,906.0
18107,1001.0,21.0,1.0,100.0,80.0,,8.0,1.0,11386.3,103237923.8625,906.0
18108,1001.0,21.0,1.0,100.0,80.0,,9.0,1.0,11387.3,103249311.1625,906.0
18109,1001.0,21.0,1.0,100.0,80.0,,10.0,0.9625,11388.2625,103260699.425,906.0
18110,1001.0,21.0,1.0,100.0,80.0,,11.0,0.0375,11388.3,103272087.725,906.0
18111,1001.0,21.0,1.0,100.0,80.0,,12.0,1.2,11389.5,103283477.225,906.0
18112,1001.0,21.0,1.0,100.0,80.0,,13.0,1.2375,11390.7375,103294867.9625,906.0
18113,1001.0,21.0,1.0,100.0,80.0,,14.0,0.5,11391.2375,103306259.2,906.0
18114,1001.0,21.0,1.0,100.0,80.0,,15.0,0.85,11392.0875,103317651.2875,906.0
18115,1001.0,21.0,1.0,100.0,80.0,,16.0,0.3625,11392.45,103329043.7375,906.0
18116,1001.0,21.0,1.0,100.0,80.0,,17.0,0.9,11393.35,103340437.0875,906.0
18117,1001.0,21.0,1.0,100.0,80.0,,18.0,0.4,11393.75,103351830.8375,906.0
18118,1001.0,21.0,1.0,100.0,80.0,,19.0,0.4625,11394.2125,103363225.05,906.0
18119,1001.0,21.0,1.0,100.0,80.0,,20.0,0.5625,11394.775,103374619.825,906.0
18120,1001.0,21.0,1.0,100.0,80.0,,1.0,0.575,11395.35,103386015.175,907.0
18121,1001.0,21.0,1.0,100.0,80.0,,2.0,0.775,11396.125,103397411.3,907.0
18122,1001.0,21.0,1.0,100.0,80.0,,3.0,1.2375,11397.3625,103408808.6625,907.0
18123,1001.0,21.0,1.0,100.0,80.0,,4.0,0.425,11397.7875,103420206.45,907.0
18124,1001.0,21.0,1.0,100.0,80.0,,5.0,0.2625,11398.05,103431604.5,907.0
18125,1001.0,21.0,1.0,100.0,80.0,,6.0,0.4375,11398.4875,103443002.9875,907.0
18126,1001.0,21.0,1.0,100.0,80.0,,7.0,0.3875,11398.875,103454401.8625,907.0
18127,1001.0,21.0,1.0,100.0,80.0,,8.0,0.2125,11399.0875,103465800.95,907.0
18128,1001.0,21.0,1.0,100.0,80.0,,9.0,0.8,11399.8875,103477200.8375,907.0
18129,1001.0,21.0,1.0,100.0,80.0,,10.0,1.125,11401.0125,103488601.85,907.0
18130,1001.0,21.0,1.0,100.0,80.0,,11.0,0.7125,11401.725,103500003.575,907.0
18131,1001.0,21.0,1.0,100.0,80.0,,12.0,1.0625,11402.7875,103511406.3625,907.0
18132,1001.0,21.0,1.0,100.0,80.0,,13.0,0.025,11402.8125,103522809.175,907.0
18133,1001.0,21.0,1.0,100.0,80.0,,14.0,1.125,11403.9375,103534213.1125,907.0
18134,1001.0,21.0,1.0,100.0,80.0,,15.0,0.2875,11404.225,103545617.3375,907.0
18135,1001.0,21.0,1.0,100.0,80.0,,16.0,0.0875,11404.3125,103557021.65,907.0
18136,1001.0,21.0,1.0,100.0,80.0,,17.0,0.1,11404.4125,103568426.0625,907.0
18137,1001.0,21.0,1.0,100.0,80.0,,18.0,1.1125,11405.525,103579831.5875,907.0
18138,1001.0,21.0,1.0,100.0,80.0,,19.0,1.075,11406.6,103591238.1875,907.0
18139,1001.0,21.0,1.0,100.0,80.0,,20.0,0.6,11407.2,103602645.3875,907.0
18140,1001.0,21.0,1.0,100.0,80.0,,1.0,0.7875,11407.9875,103614053.375,908.0
18141,1001.0,21.0,1.0,100.0,80.0,,2.0,0.2,11408.1875,103625461.5625,908.0
18142,1001.0,21.0,1.0,100.0,80.0,,3.0,0.8625,11409.05,103636870.6125,908.0
18143,1001.0,21.0,1.0,100.0,80.0,,4.0,0.725,11409.775,103648280.3875,908.0
18144,1001.0,21.0,1.0,100.0,80.0,,5.0,1.2,11410.975,103659691.3625,908.0
18145,1001.0,21.0,1.0,100.0,80.0,,6.0,0.3375,11411.3125,103671102.675,908.0
18146,1001.0,21.0,1.0,100.0,80.0,,7.0,1.15,11412.4625,103682515.1375,908.0
18147,1001.0,21.0,1.0,100.0,80.0,,8.0,0.8375,11413.3,103693928.4375,908.0
18148,1001.0,21.0,1.0,100.0,80.0,,9.0,0.2125,11413.5125,103705341.95,908.0
18149,1001.0,21.0,1.0,100.0,80.0,,10.0,0.3125,11413.825,103716755.775,908.0
18150,1001.0,21.0,1.0,100.0,80.0,,11.0,0.25,11414.075,103728169.85,908.0
18151,1001.0,21.0,1.0,100.0,80.0,,12.0,0.8625,11414.9375,103739584.7875,908.0
18152,1001.0,21.0,1.0,100.0,80.0,,13.0,1.15,11416.0875,103751000.875,908.0
18153,1001.0,21.0,1.0,100.0,80.0,,14.0,1.175,11417.2625,103762418.1375,908.0
18154,1001.0,21.0,1.0,100.0,80.0,,15.0,0.1625,11417.425,103773835.5625,908.0
18155,1001.0,21.0,1.0,100.0,80.0,,16.0,0.4375,11417.8625,103785253.425,908.0
18156,1001.0,21.0,1.0,100.0,80.0,,17.0,0.8875,11418.75,103796672.175,908.0
18157,1001.0,21.0,1.0,100.0,80.0,,18.0,0.625,11419.375,103808091.55,908.0
18158,1001.0,21.0,1.0,100.0,80.0,,19.0,0.55,11419.925,103819511.475,908.0
18159,1001.0,21.0,1.0,100.0,80.0,,20.0,1.2375,11421.1625,103830932.6375,908.0
18160,1001.0,21.0,1.0,100.0,80.0,,1.0,0.2625,11421.425,103842354.0625,909.0
18161,1001.0,21.0,1.0,100.0,80.0,,2.0,0.0625,11421.4875,103853775.55,909.0
18162,1001.0,21.0,1.0,100.0,80.0,,3.0,0.8125,11422.3,103865197.85,909.0
18163,1001.0,21.0,1.0,100.0,80.0,,4.0,1.1875,11423.4875,103876621.3375,909.0
18164,1001.0,21.0,1.0,100.0,80.0,,5.0,0.7125,11424.2,103888045.5375,909.0
18165,1001.0,21.0,1.0,100.0,80.0,,6.0,1.1,11425.3,103899470.8375,909.0
18166,1001.0,21.0,1.0,100.0,80.0,,7.0,0.8625,11426.1625,103910897.0,909.0
18167,1001.0,21.0,1.0,100.0,80.0,,8.0,1.1875,11427.35,103922324.35,909.0
18168,1001.0,21.0,1.0,100.0,80.0,,9.0,0.4125,11427.7625,103933752.1125,909.0
18169,1001.0,21.0,1.0,100.0,80.0,,10.0,0.325,11428.0875,103945180.2,909.0
18170,1001.0,21.0,1.0,100.0,80.0,,11.0,0.375,11428.4625,103956608.6625,909.0
18171,1001.0,21.0,1.0,100.0,80.0,,12.0,0.4125,11428.875,103968037.5375,909.0
18172,1001.0,21.0,1.0,100.0,80.0,,13.0,1.2,11430.075,103979467.6125,909.0
18173,1001.0,21.0,1.0,100.0,80.0,,14.0,0.55,11430.625,103990898.2375,909.0
18174,1001.0,21.0,1.0,100.0,80.0,,15.0,1.125,11431.75,104002329.9875,909.0
18175,1001.0,21.0,1.0,100.0,80.0,,16.0,0.9,11432.65,104013762.6375,909.0
18176,1001.0,21.0,1.0,100.0,80.0,,17.0,0.65,11433.3,104025195.9375,909.0
18177,1001.0,21.0,1.0,100.0,80.0,,18.0,0.6,11433.9,104036629.8375,909.0
18178,1001.0,21.0,1.0,100.0,80.0,,19.0,0.125,11434.025,104048063.8625,909.0
18179,1001.0,21.0,1.0,100.0,80.0,,20.0,0.9375,11434.9625,104059498.825,909.0
18180,1001.0,21.0,1.0,100.0,80.0,,1.0,0.9375,11435.9,104070934.725,910.0
18181,1001.0,21.0,1.0,100.0,80.0,,2.0,0.7875,11436.6875,104082371.4125,910.0
18182,1001.0,21.0,1.0,100.0,80.0,,3.0,0.1,11436.7875,104093808.2,910.0
18183,1001.0,21.0,1.0,100.0,80.0,,4.0,0.4375,11437.225,104105245.425,910.0
18184,1001.0,21.0,1.0,100.0,80.0,,5.0,0.3875,11437.6125,104116683.0375,910.0
18185,1001.0,21.0,1.0,100.0,80.0,,6.0,0.5125,11438.125,104128121.1625,910.0
18186,1001.0,21.0,1.0,100.0,80.0,,7.0,0.85,11438.975,104139560.1375,910.0
18187,1001.0,21.0,1.0,100.0,80.0,,8.0,0.8125,11439.7875,104150999.925,910.0
18188,1001.0,21.0,1.0,100.0,80.0,,9.0,0.2125,11440.0,104162439.925,910.0
18189,1001.0,21.0,1.0,100.0,80.0,,10.0,0.55,11440.55,104173880.475,910.0
18190,1001.0,21.0,1.0,100.0,80.0,,11.0,0.575,11441.125,104185321.6,910.0
18191,1001.0,21.0,1.0,100.0,80.0,,12.0,0.65,11441.775,104196763.375,910.0
18192,1001.0,21.0,1.0,100.0,80.0,,13.0,0.45,11442.225,104208205.6,910.0
18193,1001.0,21.0,1.0,100.0,80.0,,14.0,0.0125,11442.2375,104219647.8375,910.0
18194,1001.0,21.0,1.0,100.0,80.0,,15.0,0.4375,11442.675,104231090.5125,910.0
18195,1001.0,21.0,1.0,100.0,80.0,,16.0,1.0875,11443.7625,104242534.275,910.0
18196,1001.0,21.0,1.0,100.0,80.0,,17.0,0.45,11444.2125,104253978.4875,910.0
18197,1001.0,21.0,1.0,100.0,80.0,,18.0,1.2,11445.4125,104265423.9,910.0
18198,1001.0,21.0,1.0,100.0,80.0,,19.0,0.6125,11446.025,104276869.925,910.0
18199,1001.0,21.0,1.0,100.0,80.0,,20.0,0.3875,11446.4125,104288316.3375,910.0
18200,1001.0,21.0,1.0,100.0,80.0,,1.0,0.8375,11447.25,104299763.5875,911.0
18201,1001.0,21.0,1.0,100.0,80.0,,2.0,0.1125,11447.3625,104311210.95,911.0
18202,1001.0,21.0,1.0,100.0,80.0,,3.0,0.925,11448.2875,104322659.2375,911.0
18203,1001.0,21.0,1.0,100.0,80.0,,4.0,0.8,11449.0875,104334108.325,911.0
18204,1001.0,21.0,1.0,100.0,80.0,,5.0,0.375,11449.4625,104345557.7875,911.0
18205,1001.0,21.0,1.0,100.0,80.0,,6.0,0.95,11450.4125,104357008.2,911.0
18206,1001.0,21.0,1.0,100.0,80.0,,7.0,0.625,11451.0375,104368459.2375,911.0
18207,1001.0,21.0,1.0,100.0,80.0,,8.0,0.075,11451.1125,104379910.35,911.0
18208,1001.0,21.0,1.0,100.0,80.0,,9.0,1.0,11452.1125,104391362.4625,911.0
18209,1001.0,21.0,1.0,100.0,80.0,,10.0,0.075,11452.1875,104402814.65,911.0
18210,1001.0,21.0,1.0,100.0,80.0,,11.0,0.1875,11452.375,104414267.025,911.0
18211,1001.0,21.0,1.0,100.0,80.0,,12.0,0.5625,11452.9375,104425719.9625,911.0
18212,1001.0,21.0,1.0,100.0,80.0,,13.0,1.2125,11454.15,104437174.1125,911.0
18213,1001.0,21.0,1.0,100.0,80.0,,14.0,0.3125,11454.4625,104448628.575,911.0
18214,1001.0,21.0,1.0,100.0,80.0,,15.0,1.075,11455.5375,104460084.1125,911.0
18215,1001.0,21.0,1.0,100.0,80.0,,16.0,0.75,11456.2875,104471540.4,911.0
18216,1001.0,21.0,1.0,100.0,80.0,,17.0,1.075,11457.3625,104482997.7625,911.0
18217,1001.0,21.0,1.0,100.0,80.0,,18.0,0.9125,11458.275,104494456.0375,911.0
18218,1001.0,21.0,1.0,100.0,80.0,,19.0,0.8875,11459.1625,104505915.2,911.0
18219,1001.0,21.0,1.0,100.0,80.0,,20.0,0.45,11459.6125,104517374.8125,911.0
18220,1001.0,21.0,1.0,100.0,80.0,,1.0,0.95,11460.5625,104528835.375,912.0
18221,1001.0,21.0,1.0,100.0,80.0,,2.0,0.4875,11461.05,104540296.425,912.0
18222,1001.0,21.0,1.0,100.0,80.0,,3.0,1.1375,11462.1875,104551758.6125,912.0
18223,1001.0,21.0,1.0,100.0,80.0,,4.0,1.2125,11463.4,104563222.0125,912.0
18224,1001.0,21.0,1.0,100.0,80.0,,5.0,1.0,11464.4,104574686.4125,912.0
18225,1001.0,21.0,1.0,100.0,80.0,,6.0,0.775,11465.175,104586151.5875,912.0
18226,1001.0,21.0,1.0,100.0,80.0,,7.0,0.8875,11466.0625,104597617.65,912.0
18227,1001.0,21.0,1.0,100.0,80.0,,8.0,1.175,11467.2375,104609084.8875,912.0
18228,1001.0,21.0,1.0,100.0,80.0,,9.0,1.1875,11468.425,104620553.3125,912.0
18229,1001.0,21.0,1.0,100.0,80.0,,10.0,0.05,11468.475,104632021.7875,912.0
18230,1001.0,21.0,1.0,100.0,80.0,,11.0,0.725,11469.2,104643490.9875,912.0
18231,1001.0,21.0,1.0,100.0,80.0,,12.0,0.4125,11469.6125,104654960.6,912.0
18232,1001.0,21.0,1.0,100.0,80.0,,13.0,0.8125,11470.425,104666431.025,912.0
18233,1001.0,21.0,1.0,100.0,80.0,,14.0,0.4625,11470.8875,104677901.9125,912.0
18234,1001.0,21.0,1.0,100.0,80.0,,15.0,0.45,11471.3375,104689373.25,912.0
18235,1001.0,21.0,1.0,100.0,80.0,,16.0,0.8125,11472.15,104700845.4,912.0
18236,1001.0,21.0,1.0,100.0,80.0,,17.0,1.075,11473.225,104712318.625,912.0
18237,1001.0,21.0,1.0,100.0,80.0,,18.0,0.425,11473.65,104723792.275,912.0
18238,1001.0,21.0,1.0,100.0,80.0,,19.0,1.1125,11474.7625,104735267.0375,912.0
18239,1001.0,21.0,1.0,100.0,80.0,,20.0,0.525,11475.2875,104746742.325,912.0
18240,1001.0,21.0,1.0,100.0,80.0,,1.0,0.6125,11475.9,104758218.225,913.0
18241,1001.0,21.0,1.0,100.0,80.0,,2.0,1.175,11477.075,104769695.3,913.0
18242,1001.0,21.0,1.0,100.0,80.0,,3.0,0.825,11477.9,104781173.2,913.0
18243,1001.0,21.0,1.0,100.0,80.0,,4.0,0.375,11478.275,104792651.475,913.0
18244,1001.0,21.0,1.0,100.0,80.0,,5.0,0.8375,11479.1125,104804130.5875,913.0
18245,1001.0,21.0,1.0,100.0,80.0,,6.0,0.25,11479.3625,104815609.95,913.0
18246,1001.0,21.0,1.0,100.0,80.0,,7.0,1.1875,11480.55,104827090.5,913.0
18247,1001.0,21.0,1.0,100.0,80.0,,8.0,0.875,11481.425,104838571.925,913.0
18248,1001.0,21.0,1.0,100.0,80.0,,9.0,0.825,11482.25,104850054.175,913.0
18249,1001.0,21.0,1.0,100.0,80.0,,10.0,0.9,11483.15,104861537.325,913.0
18250,1001.0,21.0,1.0,100.0,80.0,,11.0,0.6125,11483.7625,104873021.0875,913.0
18251,1001.0,21.0,1.0,100.0,80.0,,12.0,0.0625,11483.825,104884504.9125,913.0
18252,1001.0,21.0,1.0,100.0,80.0,,13.0,0.65,11484.475,104895989.3875,913.0
18253,1001.0,21.0,1.0,100.0,80.0,,14.0,0.025,11484.5,104907473.8875,913.0
18254,1001.0,21.0,1.0,100.0,80.0,,15.0,0.575,11485.075,104918958.9625,913.0
18255,1001.0,21.0,1.0,100.0,80.0,,16.0,1.025,11486.1,104930445.0625,913.0
18256,1001.0,21.0,1.0,100.0,80.0,,17.0,1.1875,11487.2875,104941932.35,913.0
18257,1001.0,21.0,1.0,100.0,80.0,,18.0,0.4375,11487.725,104953420.075,913.0
18258,1001.0,21.0,1.0,100.0,80.0,,19.0,0.0625,11487.7875,104964907.8625,913.0
18259,1001.0,21.0,1.0,100.0,80.0,,20.0,0.025,11487.8125,104976395.675,913.0
18260,1001.0,21.0,1.0,100.0,80.0,,1.0,0.0375,11487.85,104987883.525,914.0
18261,1001.0,21.0,1.0,100.0,80.0,,2.0,0.9625,11488.8125,104999372.3375,914.0
18262,1001.0,21.0,1.0,100.0,80.0,,3.0,1.05,11489.8625,105010862.2,914.0
18263,1001.0,21.0,1.0,100.0,80.0,,4.0,0.3125,11490.175,105022352.375,914.0
18264,1001.0,21.0,1.0,100.0,80.0,,5.0,0.825,11491.0,105033843.375,914.0
18265,1001.0,21.0,1.0,100.0,80.0,,6.0,1.225,11492.225,105045335.6,914.0
18266,1001.0,21.0,1.0,100.0,80.0,,7.0,0.9,11493.125,105056828.725,914.0
18267,1001.0,21.0,1.0,100.0,80.0,,8.0,0.3625,11493.4875,105068322.2125,914.0
18268,1001.0,21.0,1.0,100.0,80.0,,9.0,0.7125,11494.2,105079816.4125,914.0
18269,1001.0,21.0,1.0,100.0,80.0,,10.0,1.0625,11495.2625,105091311.675,914.0
18270,1001.0,21.0,1.0,100.0,80.0,,11.0,1.1375,11496.4,105102808.075,914.0
18271,1001.0,21.0,1.0,100.0,80.0,,12.0,0.4625,11496.8625,105114304.9375,914.0
18272,1001.0,21.0,1.0,100.0,80.0,,13.0,0.6625,11497.525,105125802.4625,914.0
18273,1001.0,21.0,1.0,100.0,80.0,,14.0,1.0125,11498.5375,105137301.0,914.0
18274,1001.0,21.0,1.0,100.0,80.0,,15.0,0.4375,11498.975,105148799.975,914.0
18275,1001.0,21.0,1.0,100.0,80.0,,16.0,0.1875,11499.1625,105160299.1375,914.0
18276,1001.0,21.0,1.0,100.0,80.0,,17.0,0.3875,11499.55,105171798.6875,914.0
18277,1001.0,21.0,1.0,100.0,80.0,,18.0,0.6375,11500.1875,105183298.875,914.0
18278,1001.0,21.0,1.0,100.0,80.0,,19.0,0.3875,11500.575,105194799.45,914.0
18279,1001.0,21.0,1.0,100.0,80.0,,20.0,0.7375,11501.3125,105206300.7625,914.0
18280,1001.0,21.0,1.0,100.0,80.0,,1.0,0.3625,11501.675,105217802.4375,915.0
18281,1001.0,21.0,1.0,100.0,80.0,,2.0,1.225,11502.9,105229305.3375,915.0
18282,1001.0,21.0,1.0,100.0,80.0,,3.0,0.1875,11503.0875,105240808.425,915.0
18283,1001.0,21.0,1.0,100.0,80.0,,4.0,0.175,11503.2625,105252311.6875,915.0
18284,1001.0,21.0,1.0,100.0,80.0,,5.0,0.6375,11503.9,105263815.5875,915.0
18285,1001.0,21.0,1.0,100.0,80.0,,6.0,0.9375,11504.8375,105275320.425,915.0
18286,1001.0,21.0,1.0,100.0,80.0,,7.0,0.5,11505.3375,105286825.7625,915.0
18287,1001.0,21.0,1.0,100.0,80.0,,8.0,0.1125,11505.45,105298331.2125,915.0
18288,1001.0,21.0,1.0,100.0,80.0,,9.0,0.35,11505.8,105309837.0125,915.0
18289,1001.0,21.0,1.0,100.0,80.0,,10.0,1.0,11506.8,105321343.8125,915.0
18290,1001.0,21.0,1.0,100.0,80.0,,11.0,0.8375,11507.6375,105332851.45,915.0
18291,1001.0,21.0,1.0,100.0,80.0,,12.0,0.2875,11507.925,105344359.375,915.0
18292,1001.0,21.0,1.0,100.0,80.0,,13.0,0.0125,11507.9375,105355867.3125,915.0
18293,1001.0,21.0,1.0,100.0,80.0,,14.0,0.5,11508.4375,105367375.75,915.0
18294,1001.0,21.0,1.0,100.0,80.0,,15.0,0.9875,11509.425,105378885.175,915.0
18295,1001.0,21.0,1.0,100.0,80.0,,16.0,1.0,11510.425,105390395.6,915.0
18296,1001.0,21.0,1.0,100.0,80.0,,17.0,0.1875,11510.6125,105401906.2125,915.0
18297,1001.0,21.0,1.0,100.0,80.0,,18.0,0.8375,11511.45,105413417.6625,915.0
18298,1001.0,21.0,1.0,100.0,80.0,,19.0,0.5625,11512.0125,105424929.675,915.0
18299,1001.0,21.0,1.0,100.0,80.0,,20.0,0.3875,11512.4,105436442.075,915.0
18300,1001.0,21.0,1.0,100.0,80.0,,1.0,0.8125,11513.2125,105447955.2875,916.0
18301,1001.0,21.0,1.0,100.0,80.0,,2.0,0.5875,11513.8,105459469.0875,916.0
18302,1001.0,21.0,1.0,100.0,80.0,,3.0,1.1,11514.9,105470983.9875,916.0
18303,1001.0,21.0,1.0,100.0,80.0,,4.0,0.925,11515.825,105482499.8125,916.0
18304,1001.0,21.0,1.0,100.0,80.0,,5.0,0.2125,11516.0375,105494015.85,916.0
18305,1001.0,21.0,1.0,100.0,80.0,,6.0,0.7375,11516.775,105505532.625,916.0
18306,1001.0,21.0,1.0,100.0,80.0,,7.0,0.7,11517.475,105517050.1,916.0
18307,1001.0,21.0,1.0,100.0,80.0,,8.0,0.7,11518.175,105528568.275,916.0
18308,1001.0,21.0,1.0,100.0,80.0,,9.0,1.2,11519.375,105540087.65,916.0
18309,1001.0,21.0,1.0,100.0,80.0,,10.0,0.7375,11520.1125,105551607.7625,916.0
18310,1001.0,21.0,1.0,100.0,80.0,,11.0,0.9125,11521.025,105563128.7875,916.0
18311,1001.0,21.0,1.0,100.0,80.0,,12.0,0.1875,11521.2125,105574650.0,916.0
18312,1001.0,21.0,1.0,100.0,80.0,,13.0,0.525,11521.7375,105586171.7375,916.0
18313,1001.0,21.0,1.0,100.0,80.0,,14.0,0.8375,11522.575,105597694.3125,916.0
18314,1001.0,21.0,1.0,100.0,80.0,,15.0,1.05,11523.625,105609217.9375,916.0
18315,1001.0,21.0,1.0,100.0,80.0,,16.0,0.4875,11524.1125,105620742.05,916.0
18316,1001.0,21.0,1.0,100.0,80.0,,17.0,0.05,11524.1625,105632266.2125,916.0
18317,1001.0,21.0,1.0,100.0,80.0,,18.0,0.5125,11524.675,105643790.8875,916.0
18318,1001.0,21.0,1.0,100.0,80.0,,19.0,1.2,11525.875,105655316.7625,916.0
18319,1001.0,21.0,1.0,100.0,80.0,,20.0,0.0375,11525.9125,105666842.675,916.0
18320,1001.0,21.0,1.0,100.0,80.0,,1.0,1.225,11527.1375,105678369.8125,917.0
18321,1001.0,21.0,1.0,100.0,80.0,,2.0,0.175,11527.3125,105689897.125,917.0
18322,1001.0,21.0,1.0,100.0,80.0,,3.0,0.8,11528.1125,105701425.2375,917.0
18323,1001.0,21.0,1.0,100.0,80.0,,4.0,1.225,11529.3375,105712954.575,917.0
18324,1001.0,21.0,1.0,100.0,80.0,,5.0,0.775,11530.1125,105724484.6875,917.0
18325,1001.0,21.0,1.0,100.0,80.0,,6.0,0.1125,11530.225,105736014.9125,917.0
18326,1001.0,21.0,1.0,100.0,80.0,,7.0,0.4375,11530.6625,105747545.575,917.0
18327,1001.0,21.0,1.0,100.0,80.0,,8.0,0.825,11531.4875,105759077.0625,917.0
18328,1001.0,21.0,1.0,100.0,80.0,,9.0,0.4375,11531.925,105770608.9875,917.0
18329,1001.0,21.0,1.0,100.0,80.0,,10.0,0.825,11532.75,105782141.7375,917.0
18330,1001.0,21.0,1.0,100.0,80.0,,11.0,0.975,11533.725,105793675.4625,917.0
18331,1001.0,21.0,1.0,100.0,80.0,,12.0,0.975,11534.7,105805210.1625,917.0
18332,1001.0,21.0,1.0,100.0,80.0,,13.0,0.875,11535.575,105816745.7375,917.0
18333,1001.0,21.0,1.0,100.0,80.0,,14.0,0.8875,11536.4625,105828282.2,917.0
18334,1001.0,21.0,1.0,100.0,80.0,,15.0,0.675,11537.1375,105839819.3375,917.0
18335,1001.0,21.0,1.0,100.0,80.0,,16.0,0.7125,11537.85,105851357.1875,917.0
18336,1001.0,21.0,1.0,100.0,80.0,,17.0,0.6375,11538.4875,105862895.675,917.0
18337,1001.0,21.0,1.0,100.0,80.0,,18.0,0.6125,11539.1,105874434.775,917.0
18338,1001.0,21.0,1.0,100.0,80.0,,19.0,1.1625,11540.2625,105885975.0375,917.0
18339,1001.0,21.0,1.0,100.0,80.0,,20.0,0.675,11540.9375,105897515.975,917.0
18340,1001.0,21.0,1.0,100.0,80.0,,1.0,0.9375,11541.875,105909057.85,918.0
18341,1001.0,21.0,1.0,100.0,80.0,,2.0,0.825,11542.7,105920600.55,918.0
18342,1001.0,21.0,1.0,100.0,80.0,,3.0,0.2875,11542.9875,105932143.5375,918.0
18343,1001.0,21.0,1.0,100.0,80.0,,4.0,0.7,11543.6875,105943687.225,918.0
18344,1001.0,21.0,1.0,100.0,80.0,,5.0,0.2875,11543.975,105955231.2,918.0
18345,1001.0,21.0,1.0,100.0,80.0,,6.0,1.2125,11545.1875,105966776.3875,918.0
18346,1001.0,21.0,1.0,100.0,80.0,,7.0,0.0875,11545.275,105978321.6625,918.0
18347,1001.0,21.0,1.0,100.0,80.0,,8.0,0.375,11545.65,105989867.3125,918.0
18348,1001.0,21.0,1.0,100.0,80.0,,9.0,0.1875,11545.8375,106001413.15,918.0
18349,1001.0,21.0,1.0,100.0,80.0,,10.0,0.775,11546.6125,106012959.7625,918.0
18350,1001.0,21.0,1.0,100.0,80.0,,11.0,0.3375,11546.95,106024506.7125,918.0
18351,1001.0,21.0,1.0,100.0,80.0,,12.0,0.275,11547.225,106036053.9375,918.0
18352,1001.0,21.0,1.0,100.0,80.0,,13.0,0.6125,11547.8375,106047601.775,918.0
18353,1001.0,21.0,1.0,100.0,80.0,,14.0,0.6625,11548.5,106059150.275,918.0
18354,1001.0,21.0,1.0,100.0,80.0,,15.0,0.1875,11548.6875,106070698.9625,918.0
18355,1001.0,21.0,1.0,100.0,80.0,,16.0,0.0125,11548.7,106082247.6625,918.0
18356,1001.0,21.0,1.0,100.0,80.0,,17.0,1.1,11549.8,106093797.4625,918.0
18357,1001.0,21.0,1.0,100.0,80.0,,18.0,0.125,11549.925,106105347.3875,918.0
18358,1001.0,21.0,1.0,100.0,80.0,,19.0,0.3875,11550.3125,106116897.7,918.0
18359,1001.0,21.0,1.0,100.0,80.0,,20.0,0.9,11551.2125,106128448.9125,918.0
18360,1001.0,21.0,1.0,100.0,80.0,,1.0,0.5,11551.7125,106140000.625,919.0
18361,1001.0,21.0,1.0,100.0,80.0,,2.0,0.4625,11552.175,106151552.8,919.0
18362,1001.0,21.0,1.0,100.0,80.0,,3.0,0.325,11552.5,106163105.3,919.0
18363,1001.0,21.0,1.0,100.0,80.0,,4.0,0.65,11553.15,106174658.45,919.0
18364,1001.0,21.0,1.0,100.0,80.0,,5.0,0.45,11553.6,106186212.05,919.0
18365,1001.0,21.0,1.0,100.0,80.0,,6.0,0.5125,11554.1125,106197766.1625,919.0
18366,1001.0,21.0,1.0,100.0,80.0,,7.0,0.2125,11554.325,106209320.4875,919.0
18367,1001.0,21.0,1.0,100.0,80.0,,8.0,0.2625,11554.5875,106220875.075,919.0
18368,1001.0,21.0,1.0,100.0,80.0,,9.0,1.1125,11555.7,106232430.775,919.0
18369,1001.0,21.0,1.0,100.0,80.0,,10.0,1.05,11556.75,106243987.525,919.0
18370,1001.0,21.0,1.0,100.0,80.0,,11.0,1.075,11557.825,106255545.35,919.0
18371,1001.0,21.0,1.0,100.0,80.0,,12.0,0.3,11558.125,106267103.475,919.0
18372,1001.0,21.0,1.0,100.0,80.0,,13.0,1.0625,11559.1875,106278662.6625,919.0
18373,1001.0,21.0,1.0,100.0,80.0,,14.0,0.3,11559.4875,106290222.15,919.0
18374,1001.0,21.0,1.0,100.0,80.0,,15.0,0.9,11560.3875,106301782.5375,919.0
18375,1001.0,21.0,1.0,100.0,80.0,,16.0,0.95,11561.3375,106313343.875,919.0
18376,1001.0,21.0,1.0,100.0,80.0,,17.0,1.0125,11562.35,106324906.225,919.0
18377,1001.0,21.0,1.0,100.0,80.0,,18.0,0.475,11562.825,106336469.05,919.0
18378,1001.0,21.0,1.0,100.0,80.0,,19.0,0.625,11563.45,106348032.5,919.0
18379,1001.0,21.0,1.0,100.0,80.0,,20.0,0.525,11563.975,106359596.475,919.0
18380,1001.0,21.0,1.0,100.0,80.0,,1.0,0.2625,11564.2375,106371160.7125,920.0
18381,1001.0,21.0,1.0,100.0,80.0,,2.0,0.2375,11564.475,106382725.1875,920.0
18382,1001.0,21.0,1.0,100.0,80.0,,3.0,0.7,11565.175,106394290.3625,920.0
18383,1001.0,21.0,1.0,100.0,80.0,,4.0,0.525,11565.7,106405856.0625,920.0
18384,1001.0,21.0,1.0,100.0,80.0,,5.0,0.5375,11566.2375,106417422.3,920.0
18385,1001.0,21.0,1.0,100.0,80.0,,6.0,0.075,11566.3125,106428988.6125,920.0
18386,1001.0,21.0,1.0,100.0,80.0,,7.0,0.775,11567.0875,106440555.7,920.0
18387,1001.0,21.0,1.0,100.0,80.0,,8.0,1.025,11568.1125,106452123.8125,920.0
18388,1001.0,21.0,1.0,100.0,80.0,,9.0,0.3625,11568.475,106463692.2875,920.0
18389,1001.0,21.0,1.0,100.0,80.0,,10.0,0.9125,11569.3875,106475261.675,920.0
18390,1001.0,21.0,1.0,100.0,80.0,,11.0,0.45,11569.8375,106486831.5125,920.0
18391,1001.0,21.0,1.0,100.0,80.0,,12.0,0.0625,11569.9,106498401.4125,920.0
18392,1001.0,21.0,1.0,100.0,80.0,,13.0,0.6,11570.5,106509971.9125,920.0
18393,1001.0,21.0,1.0,100.0,80.0,,14.0,0.3625,11570.8625,106521542.775,920.0
18394,1001.0,21.0,1.0,100.0,80.0,,15.0,1.175,11572.0375,106533114.8125,920.0
18395,1001.0,21.0,1.0,100.0,80.0,,16.0,0.9,11572.9375,106544687.75,920.0
18396,1001.0,21.0,1.0,100.0,80.0,,17.0,1.1625,11574.1,106556261.85,920.0
18397,1001.0,21.0,1.0,100.0,80.0,,18.0,0.5125,11574.6125,106567836.4625,920.0
18398,1001.0,21.0,1.0,100.0,80.0,,19.0,0.4375,11575.05,106579411.5125,920.0
18399,1001.0,21.0,1.0,100.0,80.0,,20.0,0.9,11575.95,106590987.4625,920.0
18400,1001.0,21.0,1.0,100.0,80.0,,1.0,0.375,11576.325,106602563.7875,921.0
18401,1001.0,21.0,1.0,100.0,80.0,,2.0,0.2875,11576.6125,106614140.4,921.0
18402,1001.0,21.0,1.0,100.0,80.0,,3.0,0.65,11577.2625,106625717.6625,921.0
18403,1001.0,21.0,1.0,100.0,80.0,,4.0,0.225,11577.4875,106637295.15,921.0
18404,1001.0,21.0,1.0,100.0,80.0,,5.0,1.075,11578.5625,106648873.7125,921.0
18405,1001.0,21.0,1.0,100.0,80.0,,6.0,0.8625,11579.425,106660453.1375,921.0
18406,1001.0,21.0,1.0,100.0,80.0,,7.0,1.125,11580.55,106672033.6875,921.0
18407,1001.0,21.0,1.0,100.0,80.0,,8.0,1.2,11581.75,106683615.4375,921.0
18408,1001.0,21.0,1.0,100.0,80.0,,9.0,0.925,11582.675,106695198.1125,921.0
18409,1001.0,21.0,1.0,100.0,80.0,,10.0,0.0875,11582.7625,106706780.875,921.0
18410,1001.0,21.0,1.0,100.0,80.0,,11.0,1.0,11583.7625,106718364.6375,921.0
18411,1001.0,21.0,1.0,100.0,80.0,,12.0,0.8625,11584.625,106729949.2625,921.0
18412,1001.0,21.0,1.0,100.0,80.0,,13.0,0.425,11585.05,106741534.3125,921.0
18413,1001.0,21.0,1.0,100.0,80.0,,14.0,0.875,11585.925,106753120.2375,921.0
18414,1001.0,21.0,1.0,100.0,80.0,,15.0,0.45,11586.375,106764706.6125,921.0
18415,1001.0,21.0,1.0,100.0,80.0,,16.0,0.0625,11586.4375,106776293.05,921.0
18416,1001.0,21.0,1.0,100.0,80.0,,17.0,1.1875,11587.625,106787880.675,921.0
18417,1001.0,21.0,1.0,100.0,80.0,,18.0,1.0125,11588.6375,106799469.3125,921.0
18418,1001.0,21.0,1.0,100.0,80.0,,19.0,0.0875,11588.725,106811058.0375,921.0
18419,1001.0,21.0,1.0,100.0,80.0,,20.0,0.675,11589.4,106822647.4375,921.0
18420,1001.0,21.0,1.0,100.0,80.0,,1.0,0.9375,11590.3375,106834237.775,922.0
18421,1001.0,21.0,1.0,100.0,80.0,,2.0,0.075,11590.4125,106845828.1875,922.0
18422,1001.0,21.0,1.0,100.0,80.0,,3.0,0.4625,11590.875,106857419.0625,922.0
18423,1001.0,21.0,1.0,100.0,80.0,,4.0,0.3,11591.175,106869010.2375,922.0
18424,1001.0,21.0,1.0,100.0,80.0,,5.0,0.6,11591.775,106880602.0125,922.0
18425,1001.0,21.0,1.0,100.0,80.0,,6.0,1.125,11592.9,106892194.9125,922.0
18426,1001.0,21.0,1.0,100.0,80.0,,7.0,0.4875,11593.3875,106903788.3,922.0
18427,1001.0,21.0,1.0,100.0,80.0,,8.0,0.4375,11593.825,106915382.125,922.0
18428,1001.0,21.0,1.0,100.0,80.0,,9.0,0.5,11594.325,106926976.45,922.0
18429,1001.0,21.0,1.0,100.0,80.0,,10.0,0.5,11594.825,106938571.275,922.0
18430,1001.0,21.0,1.0,100.0,80.0,,11.0,1.1875,11596.0125,106950167.2875,922.0
18431,1001.0,21.0,1.0,100.0,80.0,,12.0,0.875,11596.8875,106961764.175,922.0
18432,1001.0,21.0,1.0,100.0,80.0,,13.0,0.0125,11596.9,106973361.075,922.0
18433,1001.0,21.0,1.0,100.0,80.0,,14.0,1.1,11598.0,106984959.075,922.0
18434,1001.0,21.0,1.0,100.0,80.0,,15.0,0.7875,11598.7875,106996557.8625,922.0
18435,1001.0,21.0,1.0,100.0,80.0,,16.0,0.2125,11599.0,107008156.8625,922.0
18436,1001.0,21.0,1.0,100.0,80.0,,17.0,0.1625,11599.1625,107019756.025,922.0
18437,1001.0,21.0,1.0,100.0,80.0,,18.0,0.7875,11599.95,107031355.975,922.0
18438,1001.0,21.0,1.0,100.0,80.0,,19.0,0.3125,11600.2625,107042956.2375,922.0
18439,1001.0,21.0,1.0,100.0,80.0,,20.0,0.35,11600.6125,107054556.85,922.0
18440,1001.0,21.0,1.0,100.0,80.0,,1.0,1.0625,11601.675,107066158.525,923.0
18441,1001.0,21.0,1.0,100.0,80.0,,2.0,0.2625,11601.9375,107077760.4625,923.0
18442,1001.0,21.0,1.0,100.0,80.0,,3.0,1.225,11603.1625,107089363.625,923.0
18443,1001.0,21.0,1.0,100.0,80.0,,4.0,0.5625,11603.725,107100967.35,923.0
18444,1001.0,21.0,1.0,100.0,80.0,,5.0,0.2,11603.925,107112571.275,923.0
18445,1001.0,21.0,1.0,100.0,80.0,,6.0,0.5125,11604.4375,107124175.7125,923.0
18446,1001.0,21.0,1.0,100.0,80.0,,7.0,1.0375,11605.475,107135781.1875,923.0
18447,1001.0,21.0,1.0,100.0,80.0,,8.0,0.0125,11605.4875,107147386.675,923.0
18448,1001.0,21.0,1.0,100.0,80.0,,9.0,0.7375,11606.225,107158992.9,923.0
18449,1001.0,21.0,1.0,100.0,80.0,,10.0,0.0375,11606.2625,107170599.1625,923.0
18450,1001.0,21.0,1.0,100.0,80.0,,11.0,0.8,11607.0625,107182206.225,923.0
18451,1001.0,21.0,1.0,100.0,80.0,,12.0,0.5625,11607.625,107193813.85,923.0
18452,1001.0,21.0,1.0,100.0,80.0,,13.0,0.3,11607.925,107205421.775,923.0
18453,1001.0,21.0,1.0,100.0,80.0,,14.0,0.4625,11608.3875,107217030.1625,923.0
18454,1001.0,21.0,1.0,100.0,80.0,,15.0,0.65,11609.0375,107228639.2,923.0
18455,1001.0,21.0,1.0,100.0,80.0,,16.0,0.925,11609.9625,107240249.1625,923.0
18456,1001.0,21.0,1.0,100.0,80.0,,17.0,0.4875,11610.45,107251859.6125,923.0
18457,1001.0,21.0,1.0,100.0,80.0,,18.0,0.8875,11611.3375,107263470.95,923.0
18458,1001.0,21.0,1.0,100.0,80.0,,19.0,0.875,11612.2125,107275083.1625,923.0
18459,1001.0,21.0,1.0,100.0,80.0,,20.0,0.825,11613.0375,107286696.2,923.0
18460,1001.0,21.0,1.0,100.0,80.0,,1.0,0.7125,11613.75,107298309.95,924.0
18461,1001.0,21.0,1.0,100.0,80.0,,2.0,0.2875,11614.0375,107309923.9875,924.0
18462,1001.0,21.0,1.0,100.0,80.0,,3.0,0.4,11614.4375,107321538.425,924.0
18463,1001.0,21.0,1.0,100.0,80.0,,4.0,0.1875,11614.625,107333153.05,924.0
18464,1001.0,21.0,1.0,100.0,80.0,,5.0,0.1625,11614.7875,107344767.8375,924.0
18465,1001.0,21.0,1.0,100.0,80.0,,6.0,0.125,11614.9125,107356382.75,924.0
18466,1001.0,21.0,1.0,100.0,80.0,,7.0,0.6625,11615.575,107367998.325,924.0
18467,1001.0,21.0,1.0,100.0,80.0,,8.0,0.225,11615.8,107379614.125,924.0
18468,1001.0,21.0,1.0,100.0,80.0,,9.0,1.0875,11616.8875,107391231.0125,924.0
18469,1001.0,21.0,1.0,100.0,80.0,,10.0,0.4625,11617.35,107402848.3625,924.0
18470,1001.0,21.0,1.0,100.0,80.0,,11.0,0.9875,11618.3375,107414466.7,924.0
18471,1001.0,21.0,1.0,100.0,80.0,,12.0,1.2125,11619.55,107426086.25,924.0
18472,1001.0,21.0,1.0,100.0,80.0,,13.0,0.025,11619.575,107437705.825,924.0
18473,1001.0,21.0,1.0,100.0,80.0,,14.0,0.35,11619.925,107449325.75,924.0
18474,1001.0,21.0,1.0,100.0,80.0,,15.0,0.1625,11620.0875,107460945.8375,924.0
18475,1001.0,21.0,1.0,100.0,80.0,,16.0,0.45,11620.5375,107472566.375,924.0
18476,1001.0,21.0,1.0,100.0,80.0,,17.0,0.6375,11621.175,107484187.55,924.0
18477,1001.0,21.0,1.0,100.0,80.0,,18.0,0.3,11621.475,107495809.025,924.0
18478,1001.0,21.0,1.0,100.0,80.0,,19.0,0.875,11622.35,107507431.375,924.0
18479,1001.0,21.0,1.0,100.0,80.0,,20.0,0.3625,11622.7125,107519054.0875,924.0
18480,1001.0,21.0,1.0,100.0,80.0,,1.0,0.2125,11622.925,107530677.0125,925.0
18481,1001.0,21.0,1.0,100.0,80.0,,2.0,0.8125,11623.7375,107542300.75,925.0
18482,1001.0,21.0,1.0,100.0,80.0,,3.0,0.8375,11624.575,107553925.325,925.0
18483,1001.0,21.0,1.0,100.0,80.0,,4.0,1.0625,11625.6375,107565550.9625,925.0
18484,1001.0,21.0,1.0,100.0,80.0,,5.0,0.4,11626.0375,107577177.0,925.0
18485,1001.0,21.0,1.0,100.0,80.0,,6.0,0.6375,11626.675,107588803.675,925.0
18486,1001.0,21.0,1.0,100.0,80.0,,7.0,0.6,11627.275,107600430.95,925.0
18487,1001.0,21.0,1.0,100.0,80.0,,8.0,0.4875,11627.7625,107612058.7125,925.0
18488,1001.0,21.0,1.0,100.0,80.0,,9.0,0.8,11628.5625,107623687.275,925.0
18489,1001.0,21.0,1.0,100.0,80.0,,10.0,0.425,11628.9875,107635316.2625,925.0
18490,1001.0,21.0,1.0,100.0,80.0,,11.0,0.4375,11629.425,107646945.6875,925.0
18491,1001.0,21.0,1.0,100.0,80.0,,12.0,1.1,11630.525,107658576.2125,925.0
18492,1001.0,21.0,1.0,100.0,80.0,,13.0,0.5625,11631.0875,107670207.3,925.0
18493,1001.0,21.0,1.0,100.0,80.0,,14.0,0.8875,11631.975,107681839.275,925.0
18494,1001.0,21.0,1.0,100.0,80.0,,15.0,0.925,11632.9,107693472.175,925.0
18495,1001.0,21.0,1.0,100.0,80.0,,16.0,0.175,11633.075,107705105.25,925.0
18496,1001.0,21.0,1.0,100.0,80.0,,17.0,0.65,11633.725,107716738.975,925.0
18497,1001.0,21.0,1.0,100.0,80.0,,18.0,0.9125,11634.6375,107728373.6125,925.0
18498,1001.0,21.0,1.0,100.0,80.0,,19.0,1.05,11635.6875,107740009.3,925.0
18499,1001.0,21.0,1.0,100.0,80.0,,20.0,1.05,11636.7375,107751646.0375,925.0
18500,1001.0,21.0,1.0,100.0,80.0,,1.0,0.5125,11637.25,107763283.2875,926.0
18501,1001.0,21.0,1.0,100.0,80.0,,2.0,1.1375,11638.3875,107774921.675,926.0
18502,1001.0,21.0,1.0,100.0,80.0,,3.0,1.15,11639.5375,107786561.2125,926.0
18503,1001.0,21.0,1.0,100.0,80.0,,4.0,1.0125,11640.55,107798201.7625,926.0
18504,1001.0,21.0,1.0,100.0,80.0,,5.0,0.6,11641.15,107809842.9125,926.0
18505,1001.0,21.0,1.0,100.0,80.0,,6.0,1.1,11642.25,107821485.1625,926.0
18506,1001.0,21.0,1.0,100.0,80.0,,7.0,0.8,11643.05,107833128.2125,926.0
18507,1001.0,21.0,1.0,100.0,80.0,,8.0,1.2125,11644.2625,107844772.475,926.0
18508,1001.0,21.0,1.0,100.0,80.0,,9.0,0.275,11644.5375,107856417.0125,926.0
18509,1001.0,21.0,1.0,100.0,80.0,,10.0,1.0375,11645.575,107868062.5875,926.0
18510,1001.0,21.0,1.0,100.0,80.0,,11.0,0.6375,11646.2125,107879708.8,926.0
18511,1001.0,21.0,1.0,100.0,80.0,,12.0,0.9125,11647.125,107891355.925,926.0
18512,1001.0,21.0,1.0,100.0,80.0,,13.0,0.0125,11647.1375,107903003.0625,926.0
18513,1001.0,21.0,1.0,100.0,80.0,,14.0,0.225,11647.3625,107914650.425,926.0
18514,1001.0,21.0,1.0,100.0,80.0,,15.0,0.3625,11647.725,107926298.15,926.0
18515,1001.0,21.0,1.0,100.0,80.0,,16.0,1.1625,11648.8875,107937947.0375,926.0
18516,1001.0,21.0,1.0,100.0,80.0,,17.0,0.2625,11649.15,107949596.1875,926.0
18517,1001.0,21.0,1.0,100.0,80.0,,18.0,0.625,11649.775,107961245.9625,926.0
18518,1001.0,21.0,1.0,100.0,80.0,,19.0,0.2375,11650.0125,107972895.975,926.0
18519,1001.0,21.0,1.0,100.0,80.0,,20.0,1.2125,11651.225,107984547.2,926.0
18520,1001.0,21.0,1.0,100.0,80.0,,1.0,0.6875,11651.9125,107996199.1125,927.0
18521,1001.0,21.0,1.0,100.0,80.0,,2.0,1.2,11653.1125,108007852.225,927.0
18522,1001.0,21.0,1.0,100.0,80.0,,3.0,1.2375,11654.35,108019506.575,927.0
18523,1001.0,21.0,1.0,100.0,80.0,,4.0,0.175,11654.525,108031161.1,927.0
18524,1001.0,21.0,1.0,100.0,80.0,,5.0,1.05,11655.575,108042816.675,927.0
18525,1001.0,21.0,1.0,100.0,80.0,,6.0,0.65,11656.225,108054472.9,927.0
18526,1001.0,21.0,1.0,100.0,80.0,,7.0,0.925,11657.15,108066130.05,927.0
18527,1001.0,21.0,1.0,100.0,80.0,,8.0,0.2875,11657.4375,108077787.4875,927.0
18528,1001.0,21.0,1.0,100.0,80.0,,9.0,0.2,11657.6375,108089445.125,927.0
18529,1001.0,21.0,1.0,100.0,80.0,,10.0,0.5,11658.1375,108101103.2625,927.0
18530,1001.0,21.0,1.0,100.0,80.0,,11.0,0.4625,11658.6,108112761.8625,927.0
18531,1001.0,21.0,1.0,100.0,80.0,,12.0,0.2625,11658.8625,108124420.725,927.0
18532,1001.0,21.0,1.0,100.0,80.0,,13.0,0.275,11659.1375,108136079.8625,927.0
18533,1001.0,21.0,1.0,100.0,80.0,,14.0,1.1,11660.2375,108147740.1,927.0
18534,1001.0,21.0,1.0,100.0,80.0,,15.0,0.9,11661.1375,108159401.2375,927.0
18535,1001.0,21.0,1.0,100.0,80.0,,16.0,0.575,11661.7125,108171062.95,927.0
18536,1001.0,21.0,1.0,100.0,80.0,,17.0,0.3875,11662.1,108182725.05,927.0
18537,1001.0,21.0,1.0,100.0,80.0,,18.0,1.175,11663.275,108194388.325,927.0
18538,1001.0,21.0,1.0,100.0,80.0,,19.0,0.1375,11663.4125,108206051.7375,927.0
18539,1001.0,21.0,1.0,100.0,80.0,,20.0,0.6625,11664.075,108217715.8125,927.0
18540,1001.0,21.0,1.0,100.0,80.0,,1.0,0.75,11664.825,108229380.6375,928.0
18541,1001.0,21.0,1.0,100.0,80.0,,2.0,0.8875,11665.7125,108241046.35,928.0
18542,1001.0,21.0,1.0,100.0,80.0,,3.0,0.1,11665.8125,108252712.1625,928.0
18543,1001.0,21.0,1.0,100.0,80.0,,4.0,0.2875,11666.1,108264378.2625,928.0
18544,1001.0,21.0,1.0,100.0,80.0,,5.0,0.575,11666.675,108276044.9375,928.0
18545,1001.0,21.0,1.0,100.0,80.0,,6.0,0.0875,11666.7625,108287711.7,928.0
18546,1001.0,21.0,1.0,100.0,80.0,,7.0,1.025,11667.7875,108299379.4875,928.0
18547,1001.0,21.0,1.0,100.0,80.0,,8.0,0.35,11668.1375,108311047.625,928.0
18548,1001.0,21.0,1.0,100.0,80.0,,9.0,0.4125,11668.55,108322716.175,928.0
18549,1001.0,21.0,1.0,100.0,80.0,,10.0,0.9125,11669.4625,108334385.6375,928.0
18550,1001.0,21.0,1.0,100.0,80.0,,11.0,0.85,11670.3125,108346055.95,928.0
18551,1001.0,21.0,1.0,100.0,80.0,,12.0,1.1875,11671.5,108357727.45,928.0
18552,1001.0,21.0,1.0,100.0,80.0,,13.0,0.0375,11671.5375,108369398.9875,928.0
18553,1001.0,21.0,1.0,100.0,80.0,,14.0,0.1375,11671.675,108381070.6625,928.0
18554,1001.0,21.0,1.0,100.0,80.0,,15.0,0.875,11672.55,108392743.2125,928.0
18555,1001.0,21.0,1.0,100.0,80.0,,16.0,0.1875,11672.7375,108404415.95,928.0
18556,1001.0,21.0,1.0,100.0,80.0,,17.0,0.85,11673.5875,108416089.5375,928.0
18557,1001.0,21.0,1.0,100.0,80.0,,18.0,0.825,11674.4125,108427763.95,928.0
18558,1001.0,21.0,1.0,100.0,80.0,,19.0,0.975,11675.3875,108439439.3375,928.0
18559,1001.0,21.0,1.0,100.0,80.0,,20.0,0.3375,11675.725,108451115.0625,928.0
18560,1001.0,21.0,1.0,100.0,80.0,,1.0,0.375,11676.1,108462791.1625,929.0
18561,1001.0,21.0,1.0,100.0,80.0,,2.0,0.275,11676.375,108474467.5375,929.0
18562,1001.0,21.0,1.0,100.0,80.0,,3.0,1.2125,11677.5875,108486145.125,929.0
18563,1001.0,21.0,1.0,100.0,80.0,,4.0,0.35,11677.9375,108497823.0625,929.0
18564,1001.0,21.0,1.0,100.0,80.0,,5.0,0.1875,11678.125,108509501.1875,929.0
18565,1001.0,21.0,1.0,100.0,80.0,,6.0,0.25,11678.375,108521179.5625,929.0
18566,1001.0,21.0,1.0,100.0,80.0,,7.0,1.1375,11679.5125,108532859.075,929.0
18567,1001.0,21.0,1.0,100.0,80.0,,8.0,0.0375,11679.55,108544538.625,929.0
18568,1001.0,21.0,1.0,100.0,80.0,,9.0,1.0875,11680.6375,108556219.2625,929.0
18569,1001.0,21.0,1.0,100.0,80.0,,10.0,0.45,11681.0875,108567900.35,929.0
18570,1001.0,21.0,1.0,100.0,80.0,,11.0,1.05,11682.1375,108579582.4875,929.0
18571,1001.0,21.0,1.0,100.0,80.0,,12.0,0.125,11682.2625,108591264.75,929.0
18572,1001.0,21.0,1.0,100.0,80.0,,13.0,1.1875,11683.45,108602948.2,929.0
18573,1001.0,21.0,1.0,100.0,80.0,,14.0,0.75,11684.2,108614632.4,929.0
18574,1001.0,21.0,1.0,100.0,80.0,,15.0,1.2125,11685.4125,108626317.8125,929.0
18575,1001.0,21.0,1.0,100.0,80.0,,16.0,1.1625,11686.575,108638004.3875,929.0
18576,1001.0,21.0,1.0,100.0,80.0,,17.0,0.3625,11686.9375,108649691.325,929.0
18577,1001.0,21.0,1.0,100.0,80.0,,18.0,0.6375,11687.575,108661378.9,929.0
18578,1001.0,21.0,1.0,100.0,80.0,,19.0,1.0625,11688.6375,108673067.5375,929.0
18579,1001.0,21.0,1.0,100.0,80.0,,20.0,0.0875,11688.725,108684756.2625,929.0
18580,1001.0,21.0,1.0,100.0,80.0,,1.0,0.7,11689.425,108696445.6875,930.0
18581,1001.0,21.0,1.0,100.0,80.0,,2.0,0.775,11690.2,108708135.8875,930.0
18582,1001.0,21.0,1.0,100.0,80.0,,3.0,1.0875,11691.2875,108719827.175,930.0
18583,1001.0,21.0,1.0,100.0,80.0,,4.0,1.1,11692.3875,108731519.5625,930.0
18584,1001.0,21.0,1.0,100.0,80.0,,5.0,1.1125,11693.5,108743213.0625,930.0
18585,1001.0,21.0,1.0,100.0,80.0,,6.0,0.6625,11694.1625,108754907.225,930.0
18586,1001.0,21.0,1.0,100.0,80.0,,7.0,0.9625,11695.125,108766602.35,930.0
18587,1001.0,21.0,1.0,100.0,80.0,,8.0,0.0625,11695.1875,108778297.5375,930.0
18588,1001.0,21.0,1.0,100.0,80.0,,9.0,0.775,11695.9625,108789993.5,930.0
18589,1001.0,21.0,1.0,100.0,80.0,,10.0,0.1125,11696.075,108801689.575,930.0
18590,1001.0,21.0,1.0,100.0,80.0,,11.0,1.0875,11697.1625,108813386.7375,930.0
18591,1001.0,21.0,1.0,100.0,80.0,,12.0,0.1375,11697.3,108825084.0375,930.0
18592,1001.0,21.0,1.0,100.0,80.0,,13.0,0.5125,11697.8125,108836781.85,930.0
18593,1001.0,21.0,1.0,100.0,80.0,,14.0,0.875,11698.6875,108848480.5375,930.0
18594,1001.0,21.0,1.0,100.0,80.0,,15.0,0.875,11699.5625,108860180.1,930.0
18595,1001.0,21.0,1.0,100.0,80.0,,16.0,1.0,11700.5625,108871880.6625,930.0
18596,1001.0,21.0,1.0,100.0,80.0,,17.0,0.2375,11700.8,108883581.4625,930.0
18597,1001.0,21.0,1.0,100.0,80.0,,18.0,0.3875,11701.1875,108895282.65,930.0
18598,1001.0,21.0,1.0,100.0,80.0,,19.0,0.125,11701.3125,108906983.9625,930.0
18599,1001.0,21.0,1.0,100.0,80.0,,20.0,0.3875,11701.7,108918685.6625,930.0
18600,1001.0,21.0,1.0,100.0,80.0,,1.0,1.1125,11702.8125,108930388.475,931.0
18601,1001.0,21.0,1.0,100.0,80.0,,2.0,1.1125,11703.925,108942092.4,931.0
18602,1001.0,21.0,1.0,100.0,80.0,,3.0,0.9625,11704.8875,108953797.2875,931.0
18603,1001.0,21.0,1.0,100.0,80.0,,4.0,0.475,11705.3625,108965502.65,931.0
18604,1001.0,21.0,1.0,100.0,80.0,,5.0,0.8125,11706.175,108977208.825,931.0
18605,1001.0,21.0,1.0,100.0,80.0,,6.0,1.05,11707.225,108988916.05,931.0
18606,1001.0,21.0,1.0,100.0,80.0,,7.0,0.025,11707.25,109000623.3,931.0
18607,1001.0,21.0,1.0,100.0,80.0,,8.0,1.225,11708.475,109012331.775,931.0
18608,1001.0,21.0,1.0,100.0,80.0,,9.0,0.15,11708.625,109024040.4,931.0
18609,1001.0,21.0,1.0,100.0,80.0,,10.0,0.9375,11709.5625,109035749.9625,931.0
18610,1001.0,21.0,1.0,100.0,80.0,,11.0,0.75,11710.3125,109047460.275,931.0
18611,1001.0,21.0,1.0,100.0,80.0,,12.0,0.825,11711.1375,109059171.4125,931.0
18612,1001.0,21.0,1.0,100.0,80.0,,13.0,0.375,11711.5125,109070882.925,931.0
18613,1001.0,21.0,1.0,100.0,80.0,,14.0,0.8875,11712.4,109082595.325,931.0
18614,1001.0,21.0,1.0,100.0,80.0,,15.0,0.6375,11713.0375,109094308.3625,931.0
18615,1001.0,21.0,1.0,100.0,80.0,,16.0,1.0375,11714.075,109106022.4375,931.0
18616,1001.0,21.0,1.0,100.0,80.0,,17.0,0.525,11714.6,109117737.0375,931.0
18617,1001.0,21.0,1.0,100.0,80.0,,18.0,0.5125,11715.1125,109129452.15,931.0
18618,1001.0,21.0,1.0,100.0,80.0,,19.0,1.025,11716.1375,109141168.2875,931.0
18619,1001.0,21.0,1.0,100.0,80.0,,20.0,0.7625,11716.9,109152885.1875,931.0
18620,1001.0,21.0,1.0,100.0,80.0,,1.0,0.05,11716.95,109164602.1375,932.0
18621,1001.0,21.0,1.0,100.0,80.0,,2.0,1.2125,11718.1625,109176320.3,932.0
18622,1001.0,21.0,1.0,100.0,80.0,,3.0,1.225,11719.3875,109188039.6875,932.0
18623,1001.0,21.0,1.0,100.0,80.0,,4.0,1.15,11720.5375,109199760.225,932.0
18624,1001.0,21.0,1.0,100.0,80.0,,5.0,0.25,11720.7875,109211481.0125,932.0
18625,1001.0,21.0,1.0,100.0,80.0,,6.0,0.4625,11721.25,109223202.2625,932.0
18626,1001.0,21.0,1.0,100.0,80.0,,7.0,0.025,11721.275,109234923.5375,932.0
18627,1001.0,21.0,1.0,100.0,80.0,,8.0,0.725,11722.0,109246645.5375,932.0
18628,1001.0,21.0,1.0,100.0,80.0,,9.0,1.1,11723.1,109258368.6375,932.0
18629,1001.0,21.0,1.0,100.0,80.0,,10.0,0.7375,11723.8375,109270092.475,932.0
18630,1001.0,21.0,1.0,100.0,80.0,,11.0,0.075,11723.9125,109281816.3875,932.0
18631,1001.0,21.0,1.0,100.0,80.0,,12.0,0.475,11724.3875,109293540.775,932.0
18632,1001.0,21.0,1.0,100.0,80.0,,13.0,0.225,11724.6125,109305265.3875,932.0
18633,1001.0,21.0,1.0,100.0,80.0,,14.0,0.5,11725.1125,109316990.5,932.0
18634,1001.0,21.0,1.0,100.0,80.0,,15.0,0.3625,11725.475,109328715.975,932.0
18635,1001.0,21.0,1.0,100.0,80.0,,16.0,0.025,11725.5,109340441.475,932.0
18636,1001.0,21.0,1.0,100.0,80.0,,17.0,1.1875,11726.6875,109352168.1625,932.0
18637,1001.0,21.0,1.0,100.0,80.0,,18.0,1.1375,11727.825,109363895.9875,932.0
18638,1001.0,21.0,1.0,100.0,80.0,,19.0,1.225,11729.05,109375625.0375,932.0
18639,1001.0,21.0,1.0,100.0,80.0,,20.0,1.1,11730.15,109387355.1875,932.0
18640,1001.0,21.0,1.0,100.0,80.0,,1.0,1.075,11731.225,109399086.4125,933.0
18641,1001.0,21.0,1.0,100.0,80.0,,2.0,0.9625,11732.1875,109410818.6,933.0
18642,1001.0,21.0,1.0,100.0,80.0,,3.0,1.1625,11733.35,109422551.95,933.0
18643,1001.0,21.0,1.0,100.0,80.0,,4.0,0.125,11733.475,109434285.425,933.0
18644,1001.0,21.0,1.0,100.0,80.0,,5.0,0.2375,11733.7125,109446019.1375,933.0
18645,1001.0,21.0,1.0,100.0,80.0,,6.0,0.8,11734.5125,109457753.65,933.0
18646,1001.0,21.0,1.0,100.0,80.0,,7.0,1.1,11735.6125,109469489.2625,933.0
18647,1001.0,21.0,1.0,100.0,80.0,,8.0,1.125,11736.7375,109481226.0,933.0
18648,1001.0,21.0,1.0,100.0,80.0,,9.0,0.775,11737.5125,109492963.5125,933.0
18649,1001.0,21.0,1.0,100.0,80.0,,10.0,0.175,11737.6875,109504701.2,933.0
18650,1001.0,21.0,1.0,100.0,80.0,,11.0,0.8875,11738.575,109516439.775,933.0
18651,1001.0,21.0,1.0,100.0,80.0,,12.0,1.0125,11739.5875,109528179.3625,933.0
18652,1001.0,21.0,1.0,100.0,80.0,,13.0,1.2125,11740.8,109539920.1625,933.0
18653,1001.0,21.0,1.0,100.0,80.0,,14.0,0.55,11741.35,109551661.5125,933.0
18654,1001.0,21.0,1.0,100.0,80.0,,15.0,0.75,11742.1,109563403.6125,933.0
18655,1001.0,21.0,1.0,100.0,80.0,,16.0,0.05,11742.15,109575145.7625,933.0
18656,1001.0,21.0,1.0,100.0,80.0,,17.0,1.1875,11743.3375,109586889.1,933.0
18657,1001.0,21.0,1.0,100.0,80.0,,18.0,0.6125,11743.95,109598633.05,933.0
18658,1001.0,21.0,1.0,100.0,80.0,,19.0,0.675,11744.625,109610377.675,933.0
18659,1001.0,21.0,1.0,100.0,80.0,,20.0,0.3,11744.925,109622122.6,933.0
18660,1001.0,21.0,1.0,100.0,80.0,,1.0,0.9625,11745.8875,109633868.4875,934.0
18661,1001.0,21.0,1.0,100.0,80.0,,2.0,0.6,11746.4875,109645614.975,934.0
18662,1001.0,21.0,1.0,100.0,80.0,,3.0,0.4125,11746.9,109657361.875,934.0
18663,1001.0,21.0,1.0,100.0,80.0,,4.0,0.125,11747.025,109669108.9,934.0
18664,1001.0,21.0,1.0,100.0,80.0,,5.0,1.0375,11748.0625,109680856.9625,934.0
18665,1001.0,21.0,1.0,100.0,80.0,,6.0,0.7,11748.7625,109692605.725,934.0
18666,1001.0,21.0,1.0,100.0,80.0,,7.0,0.15,11748.9125,109704354.6375,934.0
18667,1001.0,21.0,1.0,100.0,80.0,,8.0,1.225,11750.1375,109716104.775,934.0
18668,1001.0,21.0,1.0,100.0,80.0,,9.0,0.725,11750.8625,109727855.6375,934.0
18669,1001.0,21.0,1.0,100.0,80.0,,10.0,0.1125,11750.975,109739606.6125,934.0
18670,1001.0,21.0,1.0,100.0,80.0,,11.0,0.2375,11751.2125,109751357.825,934.0
18671,1001.0,21.0,1.0,100.0,80.0,,12.0,0.4625,11751.675,109763109.5,934.0
18672,1001.0,21.0,1.0,100.0,80.0,,13.0,0.9,11752.575,109774862.075,934.0
18673,1001.0,21.0,1.0,100.0,80.0,,14.0,0.55,11753.125,109786615.2,934.0
18674,1001.0,21.0,1.0,100.0,80.0,,15.0,0.6375,11753.7625,109798368.9625,934.0
18675,1001.0,21.0,1.0,100.0,80.0,,16.0,0.65,11754.4125,109810123.375,934.0
18676,1001.0,21.0,1.0,100.0,80.0,,17.0,1.075,11755.4875,109821878.8625,934.0
18677,1001.0,21.0,1.0,100.0,80.0,,18.0,0.975,11756.4625,109833635.325,934.0
18678,1001.0,21.0,1.0,100.0,80.0,,19.0,0.4625,11756.925,109845392.25,934.0
18679,1001.0,21.0,1.0,100.0,80.0,,20.0,1.15,11758.075,109857150.325,934.0
18680,1001.0,21.0,1.0,100.0,80.0,,1.0,0.775,11758.85,109868909.175,935.0
18681,1001.0,21.0,1.0,100.0,80.0,,2.0,0.075,11758.925,109880668.1,935.0
18682,1001.0,21.0,1.0,100.0,80.0,,3.0,0.0375,11758.9625,109892427.0625,935.0
18683,1001.0,21.0,1.0,100.0,80.0,,4.0,0.775,11759.7375,109904186.8,935.0
18684,1001.0,21.0,1.0,100.0,80.0,,5.0,0.35,11760.0875,109915946.8875,935.0
18685,1001.0,21.0,1.0,100.0,80.0,,6.0,0.5375,11760.625,109927707.5125,935.0
18686,1001.0,21.0,1.0,100.0,80.0,,7.0,1.1,11761.725,109939469.2375,935.0
18687,1001.0,21.0,1.0,100.0,80.0,,8.0,0.1,11761.825,109951231.0625,935.0
18688,1001.0,21.0,1.0,100.0,80.0,,9.0,0.5375,11762.3625,109962993.425,935.0
18689,1001.0,21.0,1.0,100.0,80.0,,10.0,0.6,11762.9625,109974756.3875,935.0
18690,1001.0,21.0,1.0,100.0,80.0,,11.0,0.225,11763.1875,109986519.575,935.0
18691,1001.0,21.0,1.0,100.0,80.0,,12.0,0.275,11763.4625,109998283.0375,935.0
18692,1001.0,21.0,1.0,100.0,80.0,,13.0,0.5625,11764.025,110010047.0625,935.0
18693,1001.0,21.0,1.0,100.0,80.0,,14.0,0.5625,11764.5875,110021811.65,935.0
18694,1001.0,21.0,1.0,100.0,80.0,,15.0,1.0125,11765.6,110033577.25,935.0
18695,1001.0,21.0,1.0,100.0,80.0,,16.0,0.8125,11766.4125,110045343.6625,935.0
18696,1001.0,21.0,1.0,100.0,80.0,,17.0,0.6625,11767.075,110057110.7375,935.0
18697,1001.0,21.0,1.0,100.0,80.0,,18.0,0.225,11767.3,110068878.0375,935.0
18698,1001.0,21.0,1.0,100.0,80.0,,19.0,1.15,11768.45,110080646.4875,935.0
18699,1001.0,21.0,1.0,100.0,80.0,,20.0,0.6625,11769.1125,110092415.6,935.0
18700,1001.0,21.0,1.0,100.0,80.0,,1.0,0.8875,11770.0,110104185.6,936.0
18701,1001.0,21.0,1.0,100.0,80.0,,2.0,0.975,11770.975,110115956.575,936.0
18702,1001.0,21.0,1.0,100.0,80.0,,3.0,1.025,11772.0,110127728.575,936.0
18703,1001.0,21.0,1.0,100.0,80.0,,4.0,0.725,11772.725,110139501.3,936.0
18704,1001.0,21.0,1.0,100.0,80.0,,5.0,1.025,11773.75,110151275.05,936.0
18705,1001.0,21.0,1.0,100.0,80.0,,6.0,0.0125,11773.7625,110163048.8125,936.0
18706,1001.0,21.0,1.0,100.0,80.0,,7.0,0.3875,11774.15,110174822.9625,936.0
18707,1001.0,21.0,1.0,100.0,80.0,,8.0,0.6,11774.75,110186597.7125,936.0
18708,1001.0,21.0,1.0,100.0,80.0,,9.0,1.0375,11775.7875,110198373.5,936.0
18709,1001.0,21.0,1.0,100.0,80.0,,10.0,0.125,11775.9125,110210149.4125,936.0
18710,1001.0,21.0,1.0,100.0,80.0,,11.0,0.85,11776.7625,110221926.175,936.0
18711,1001.0,21.0,1.0,100.0,80.0,,12.0,0.35,11777.1125,110233703.2875,936.0
18712,1001.0,21.0,1.0,100.0,80.0,,13.0,0.6125,11777.725,110245481.0125,936.0
18713,1001.0,21.0,1.0,100.0,80.0,,14.0,0.5625,11778.2875,110257259.3,936.0
18714,1001.0,21.0,1.0,100.0,80.0,,15.0,1.15,11779.4375,110269038.7375,936.0
18715,1001.0,21.0,1.0,100.0,80.0,,16.0,0.0375,11779.475,110280818.2125,936.0
18716,1001.0,21.0,1.0,100.0,80.0,,17.0,0.6,11780.075,110292598.2875,936.0
18717,1001.0,21.0,1.0,100.0,80.0,,18.0,1.2375,11781.3125,110304379.6,936.0
18718,1001.0,21.0,1.0,100.0,80.0,,19.0,0.3125,11781.625,110316161.225,936.0
18719,1001.0,21.0,1.0,100.0,80.0,,20.0,0.3375,11781.9625,110327943.1875,936.0
18720,1001.0,21.0,1.0,100.0,80.0,,1.0,0.95,11782.9125,110339726.1,937.0
18721,1001.0,21.0,1.0,100.0,80.0,,2.0,0.2875,11783.2,110351509.3,937.0
18722,1001.0,21.0,1.0,100.0,80.0,,3.0,1.1,11784.3,110363293.6,937.0
18723,1001.0,21.0,1.0,100.0,80.0,,4.0,1.0625,11785.3625,110375078.9625,937.0
18724,1001.0,21.0,1.0,100.0,80.0,,5.0,0.1625,11785.525,110386864.4875,937.0
18725,1001.0,21.0,1.0,100.0,80.0,,6.0,0.3,11785.825,110398650.3125,937.0
18726,1001.0,21.0,1.0,100.0,80.0,,7.0,0.7125,11786.5375,110410436.85,937.0
18727,1001.0,21.0,1.0,100.0,80.0,,8.0,0.1375,11786.675,110422223.525,937.0
18728,1001.0,21.0,1.0,100.0,80.0,,9.0,0.65,11787.325,110434010.85,937.0
18729,1001.0,21.0,1.0,100.0,80.0,,10.0,0.025,11787.35,110445798.2,937.0
18730,1001.0,21.0,1.0,100.0,80.0,,11.0,0.4375,11787.7875,110457585.9875,937.0
18731,1001.0,21.0,1.0,100.0,80.0,,12.0,1.175,11788.9625,110469374.95,937.0
18732,1001.0,21.0,1.0,100.0,80.0,,13.0,0.7125,11789.675,110481164.625,937.0
18733,1001.0,21.0,1.0,100.0,80.0,,14.0,1.1125,11790.7875,110492955.4125,937.0
18734,1001.0,21.0,1.0,100.0,80.0,,15.0,0.1875,11790.975,110504746.3875,937.0
18735,1001.0,21.0,1.0,100.0,80.0,,16.0,1.2125,11792.1875,110516538.575,937.0
18736,1001.0,21.0,1.0,100.0,80.0,,17.0,0.3625,11792.55,110528331.125,937.0
18737,1001.0,21.0,1.0,100.0,80.0,,18.0,0.1125,11792.6625,110540123.7875,937.0
18738,1001.0,21.0,1.0,100.0,80.0,,19.0,1.125,11793.7875,110551917.575,937.0
18739,1001.0,21.0,1.0,100.0,80.0,,20.0,0.3375,11794.125,110563711.7,937.0
18740,1001.0,21.0,1.0,100.0,80.0,,1.0,1.1125,11795.2375,110575506.9375,938.0
18741,1001.0,21.0,1.0,100.0,80.0,,2.0,0.5375,11795.775,110587302.7125,938.0
18742,1001.0,21.0,1.0,100.0,80.0,,3.0,0.9875,11796.7625,110599099.475,938.0
18743,1001.0,21.0,1.0,100.0,80.0,,4.0,0.65,11797.4125,110610896.8875,938.0
18744,1001.0,21.0,1.0,100.0,80.0,,5.0,0.6375,11798.05,110622694.9375,938.0
18745,1001.0,21.0,1.0,100.0,80.0,,6.0,0.85,11798.9,110634493.8375,938.0
18746,1001.0,21.0,1.0,100.0,80.0,,7.0,0.025,11798.925,110646292.7625,938.0
18747,1001.0,21.0,1.0,100.0,80.0,,8.0,0.1625,11799.0875,110658091.85,938.0
18748,1001.0,21.0,1.0,100.0,80.0,,9.0,1.125,11800.2125,110669892.0625,938.0
18749,1001.0,21.0,1.0,100.0,80.0,,10.0,1.0375,11801.25,110681693.3125,938.0
18750,1001.0,21.0,1.0,100.0,80.0,,11.0,0.6125,11801.8625,110693495.175,938.0
18751,1001.0,21.0,1.0,100.0,80.0,,12.0,0.5625,11802.425,110705297.6,938.0
18752,1001.0,21.0,1.0,100.0,80.0,,13.0,0.0875,11802.5125,110717100.1125,938.0
18753,1001.0,21.0,1.0,100.0,80.0,,14.0,0.8375,11803.35,110728903.4625,938.0
18754,1001.0,21.0,1.0,100.0,80.0,,15.0,0.65,11804.0,110740707.4625,938.0
18755,1001.0,21.0,1.0,100.0,80.0,,16.0,0.025,11804.025,110752511.4875,938.0
18756,1001.0,21.0,1.0,100.0,80.0,,17.0,0.7125,11804.7375,110764316.225,938.0
18757,1001.0,21.0,1.0,100.0,80.0,,18.0,1.0125,11805.75,110776121.975,938.0
18758,1001.0,21.0,1.0,100.0,80.0,,19.0,0.2125,11805.9625,110787927.9375,938.0
18759,1001.0,21.0,1.0,100.0,80.0,,20.0,0.725,11806.6875,110799734.625,938.0
18760,1001.0,21.0,1.0,100.0,80.0,,1.0,0.025,11806.7125,110811541.3375,939.0
18761,1001.0,21.0,1.0,100.0,80.0,,2.0,0.025,11806.7375,110823348.075,939.0
18762,1001.0,21.0,1.0,100.0,80.0,,3.0,0.4375,11807.175,110835155.25,939.0
18763,1001.0,21.0,1.0,100.0,80.0,,4.0,1.2375,11808.4125,110846963.6625,939.0
18764,1001.0,21.0,1.0,100.0,80.0,,5.0,0.475,11808.8875,110858772.55,939.0
18765,1001.0,21.0,1.0,100.0,80.0,,6.0,0.85,11809.7375,110870582.2875,939.0
18766,1001.0,21.0,1.0,100.0,80.0,,7.0,0.2375,11809.975,110882392.2625,939.0
18767,1001.0,21.0,1.0,100.0,80.0,,8.0,0.275,11810.25,110894202.5125,939.0
18768,1001.0,21.0,1.0,100.0,80.0,,9.0,0.6125,11810.8625,110906013.375,939.0
18769,1001.0,21.0,1.0,100.0,80.0,,10.0,0.2,11811.0625,110917824.4375,939.0
18770,1001.0,21.0,1.0,100.0,80.0,,11.0,0.1375,11811.2,110929635.6375,939.0
18771,1001.0,21.0,1.0,100.0,80.0,,12.0,0.725,11811.925,110941447.5625,939.0
18772,1001.0,21.0,1.0,100.0,80.0,,13.0,0.75,11812.675,110953260.2375,939.0
18773,1001.0,21.0,1.0,100.0,80.0,,14.0,1.175,11813.85,110965074.0875,939.0
18774,1001.0,21.0,1.0,100.0,80.0,,15.0,0.9125,11814.7625,110976888.85,939.0
18775,1001.0,21.0,1.0,100.0,80.0,,16.0,0.5125,11815.275,110988704.125,939.0
18776,1001.0,21.0,1.0,100.0,80.0,,17.0,0.4125,11815.6875,111000519.8125,939.0
18777,1001.0,21.0,1.0,100.0,80.0,,18.0,0.1,11815.7875,111012335.6,939.0
18778,1001.0,21.0,1.0,100.0,80.0,,19.0,0.025,11815.8125,111024151.4125,939.0
18779,1001.0,21.0,1.0,100.0,80.0,,20.0,0.875,11816.6875,111035968.1,939.0
18780,1001.0,21.0,1.0,100.0,80.0,,1.0,1.1875,11817.875,111047785.975,940.0
18781,1001.0,21.0,1.0,100.0,80.0,,2.0,0.35,11818.225,111059604.2,940.0
18782,1001.0,21.0,1.0,100.0,80.0,,3.0,0.125,11818.35,111071422.55,940.0
18783,1001.0,21.0,1.0,100.0,80.0,,4.0,0.0625,11818.4125,111083240.9625,940.0
18784,1001.0,21.0,1.0,100.0,80.0,,5.0,0.175,11818.5875,111095059.55,940.0
18785,1001.0,21.0,1.0,100.0,80.0,,6.0,0.7625,11819.35,111106878.9,940.0
18786,1001.0,21.0,1.0,100.0,80.0,,7.0,1.1625,11820.5125,111118699.4125,940.0
18787,1001.0,21.0,1.0,100.0,80.0,,8.0,0.8875,11821.4,111130520.8125,940.0
18788,1001.0,21.0,1.0,100.0,80.0,,9.0,0.6125,11822.0125,111142342.825,940.0
18789,1001.0,21.0,1.0,100.0,80.0,,10.0,1.0,11823.0125,111154165.8375,940.0
18790,1001.0,21.0,1.0,100.0,80.0,,11.0,0.4875,11823.5,111165989.3375,940.0
18791,1001.0,21.0,1.0,100.0,80.0,,12.0,0.95,11824.45,111177813.7875,940.0
18792,1001.0,21.0,1.0,100.0,80.0,,13.0,0.2625,11824.7125,111189638.5,940.0
18793,1001.0,21.0,1.0,100.0,80.0,,14.0,0.2875,11825.0,111201463.5,940.0
18794,1001.0,21.0,1.0,100.0,80.0,,15.0,0.75,11825.75,111213289.25,940.0
18795,1001.0,21.0,1.0,100.0,80.0,,16.0,1.15,11826.9,111225116.15,940.0
18796,1001.0,21.0,1.0,100.0,80.0,,17.0,1.15,11828.05,111236944.2,940.0
18797,1001.0,21.0,1.0,100.0,80.0,,18.0,1.225,11829.275,111248773.475,940.0
18798,1001.0,21.0,1.0,100.0,80.0,,19.0,0.3,11829.575,111260603.05,940.0
18799,1001.0,21.0,1.0,100.0,80.0,,20.0,0.1625,11829.7375,111272432.7875,940.0
18800,1001.0,21.0,1.0,100.0,80.0,,1.0,0.5375,11830.275,111284263.0625,941.0
18801,1001.0,21.0,1.0,100.0,80.0,,2.0,0.375,11830.65,111296093.7125,941.0
18802,1001.0,21.0,1.0,100.0,80.0,,3.0,1.1875,11831.8375,111307925.55,941.0
18803,1001.0,21.0,1.0,100.0,80.0,,4.0,0.1,11831.9375,111319757.4875,941.0
18804,1001.0,21.0,1.0,100.0,80.0,,5.0,0.7875,11832.725,111331590.2125,941.0
18805,1001.0,21.0,1.0,100.0,80.0,,6.0,0.2,11832.925,111343423.1375,941.0
18806,1001.0,21.0,1.0,100.0,80.0,,7.0,1.2375,11834.1625,111355257.3,941.0
18807,1001.0,21.0,1.0,100.0,80.0,,8.0,1.1875,11835.35,111367092.65,941.0
18808,1001.0,21.0,1.0,100.0,80.0,,9.0,0.1125,11835.4625,111378928.1125,941.0
18809,1001.0,21.0,1.0,100.0,80.0,,10.0,0.275,11835.7375,111390763.85,941.0
18810,1001.0,21.0,1.0,100.0,80.0,,11.0,0.0625,11835.8,111402599.65,941.0
18811,1001.0,21.0,1.0,100.0,80.0,,12.0,1.2125,11837.0125,111414436.6625,941.0
18812,1001.0,21.0,1.0,100.0,80.0,,13.0,0.05,11837.0625,111426273.725,941.0
18813,1001.0,21.0,1.0,100.0,80.0,,14.0,1.2125,11838.275,111438112.0,941.0
18814,1001.0,21.0,1.0,100.0,80.0,,15.0,0.1875,11838.4625,111449950.4625,941.0
18815,1001.0,21.0,1.0,100.0,80.0,,16.0,0.675,11839.1375,111461789.6,941.0
18816,1001.0,21.0,1.0,100.0,80.0,,17.0,0.65,11839.7875,111473629.3875,941.0
18817,1001.0,21.0,1.0,100.0,80.0,,18.0,0.525,11840.3125,111485469.7,941.0
18818,1001.0,21.0,1.0,100.0,80.0,,19.0,0.55,11840.8625,111497310.5625,941.0
18819,1001.0,21.0,1.0,100.0,80.0,,20.0,0.125,11840.9875,111509151.55,941.0
18820,1001.0,21.0,1.0,100.0,80.0,,1.0,0.9125,11841.9,111520993.45,942.0
18821,1001.0,21.0,1.0,100.0,80.0,,2.0,0.0875,11841.9875,111532835.4375,942.0
18822,1001.0,21.0,1.0,100.0,80.0,,3.0,0.525,11842.5125,111544677.95,942.0
18823,1001.0,21.0,1.0,100.0,80.0,,4.0,0.9125,11843.425,111556521.375,942.0
18824,1001.0,21.0,1.0,100.0,80.0,,5.0,0.225,11843.65,111568365.025,942.0
18825,1001.0,21.0,1.0,100.0,80.0,,6.0,1.2,11844.85,111580209.875,942.0
18826,1001.0,21.0,1.0,100.0,80.0,,7.0,0.1375,11844.9875,111592054.8625,942.0
18827,1001.0,21.0,1.0,100.0,80.0,,8.0,1.1875,11846.175,111603901.0375,942.0
18828,1001.0,21.0,1.0,100.0,80.0,,9.0,0.4,11846.575,111615747.6125,942.0
18829,1001.0,21.0,1.0,100.0,80.0,,10.0,0.6875,11847.2625,111627594.875,942.0
18830,1001.0,21.0,1.0,100.0,80.0,,11.0,0.0375,11847.3,111639442.175,942.0
18831,1001.0,21.0,1.0,100.0,80.0,,12.0,1.2125,11848.5125,111651290.6875,942.0
18832,1001.0,21.0,1.0,100.0,80.0,,13.0,0.5875,11849.1,111663139.7875,942.0
18833,1001.0,21.0,1.0,100.0,80.0,,14.0,0.325,11849.425,111674989.2125,942.0
18834,1001.0,21.0,1.0,100.0,80.0,,15.0,0.0125,11849.4375,111686838.65,942.0
18835,1001.0,21.0,1.0,100.0,80.0,,16.0,1.2125,11850.65,111698689.3,942.0
18836,1001.0,21.0,1.0,100.0,80.0,,17.0,0.725,11851.375,111710540.675,942.0
18837,1001.0,21.0,1.0,100.0,80.0,,18.0,0.1,11851.475,111722392.15,942.0
18838,1001.0,21.0,1.0,100.0,80.0,,19.0,0.9375,11852.4125,111734244.5625,942.0
18839,1001.0,21.0,1.0,100.0,80.0,,20.0,0.8875,11853.3,111746097.8625,942.0
18840,1001.0,21.0,1.0,100.0,80.0,,1.0,0.75,11854.05,111757951.9125,943.0
18841,1001.0,21.0,1.0,100.0,80.0,,2.0,0.4625,11854.5125,111769806.425,943.0
18842,1001.0,21.0,1.0,100.0,80.0,,3.0,0.6125,11855.125,111781661.55,943.0
18843,1001.0,21.0,1.0,100.0,80.0,,4.0,0.0875,11855.2125,111793516.7625,943.0
18844,1001.0,21.0,1.0,100.0,80.0,,5.0,0.5375,11855.75,111805372.5125,943.0
18845,1001.0,21.0,1.0,100.0,80.0,,6.0,0.175,11855.925,111817228.4375,943.0
18846,1001.0,21.0,1.0,100.0,80.0,,7.0,0.025,11855.95,111829084.3875,943.0
18847,1001.0,21.0,1.0,100.0,80.0,,8.0,0.725,11856.675,111840941.0625,943.0
18848,1001.0,21.0,1.0,100.0,80.0,,9.0,1.0625,11857.7375,111852798.8,943.0
18849,1001.0,21.0,1.0,100.0,80.0,,10.0,0.975,11858.7125,111864657.5125,943.0
18850,1001.0,21.0,1.0,100.0,80.0,,11.0,0.925,11859.6375,111876517.15,943.0
18851,1001.0,21.0,1.0,100.0,80.0,,12.0,0.075,11859.7125,111888376.8625,943.0
18852,1001.0,21.0,1.0,100.0,80.0,,13.0,1.0875,11860.8,111900237.6625,943.0
18853,1001.0,21.0,1.0,100.0,80.0,,14.0,0.75,11861.55,111912099.2125,943.0
18854,1001.0,21.0,1.0,100.0,80.0,,15.0,1.2125,11862.7625,111923961.975,943.0
18855,1001.0,21.0,1.0,100.0,80.0,,16.0,0.675,11863.4375,111935825.4125,943.0
18856,1001.0,21.0,1.0,100.0,80.0,,17.0,0.55,11863.9875,111947689.4,943.0
18857,1001.0,21.0,1.0,100.0,80.0,,18.0,0.775,11864.7625,111959554.1625,943.0
18858,1001.0,21.0,1.0,100.0,80.0,,19.0,0.7,11865.4625,111971419.625,943.0
18859,1001.0,21.0,1.0,100.0,80.0,,20.0,0.2375,11865.7,111983285.325,943.0
18860,1001.0,21.0,1.0,100.0,80.0,,1.0,0.9,11866.6,111995151.925,944.0
18861,1001.0,21.0,1.0,100.0,80.0,,2.0,0.25,11866.85,112007018.775,944.0
18862,1001.0,21.0,1.0,100.0,80.0,,3.0,0.3375,11867.1875,112018885.9625,944.0
18863,1001.0,21.0,1.0,100.0,80.0,,4.0,0.4,11867.5875,112030753.55,944.0
18864,1001.0,21.0,1.0,100.0,80.0,,5.0,1.1875,11868.775,112042622.325,944.0
18865,1001.0,21.0,1.0,100.0,80.0,,6.0,0.6375,11869.4125,112054491.7375,944.0
18866,1001.0,21.0,1.0,100.0,80.0,,7.0,1.0875,11870.5,112066362.2375,944.0
18867,1001.0,21.0,1.0,100.0,80.0,,8.0,0.0625,11870.5625,112078232.8,944.0
18868,1001.0,21.0,1.0,100.0,80.0,,9.0,1.225,11871.7875,112090104.5875,944.0
18869,1001.0,21.0,1.0,100.0,80.0,,10.0,1.15,11872.9375,112101977.525,944.0
18870,1001.0,21.0,1.0,100.0,80.0,,11.0,0.6375,11873.575,112113851.1,944.0
18871,1001.0,21.0,1.0,100.0,80.0,,12.0,0.525,11874.1,112125725.2,944.0
18872,1001.0,21.0,1.0,100.0,80.0,,13.0,0.8875,11874.9875,112137600.1875,944.0
18873,1001.0,21.0,1.0,100.0,80.0,,14.0,1.2375,11876.225,112149476.4125,944.0
18874,1001.0,21.0,1.0,100.0,80.0,,15.0,0.375,11876.6,112161353.0125,944.0
18875,1001.0,21.0,1.0,100.0,80.0,,16.0,0.45,11877.05,112173230.0625,944.0
18876,1001.0,21.0,1.0,100.0,80.0,,17.0,0.2375,11877.2875,112185107.35,944.0
18877,1001.0,21.0,1.0,100.0,80.0,,18.0,0.7,11877.9875,112196985.3375,944.0
18878,1001.0,21.0,1.0,100.0,80.0,,19.0,0.4125,11878.4,112208863.7375,944.0
18879,1001.0,21.0,1.0,100.0,80.0,,20.0,0.5875,11878.9875,112220742.725,944.0
18880,1001.0,21.0,1.0,100.0,80.0,,1.0,0.375,11879.3625,112232622.0875,945.0
18881,1001.0,21.0,1.0,100.0,80.0,,2.0,0.675,11880.0375,112244502.125,945.0
18882,1001.0,21.0,1.0,100.0,80.0,,3.0,0.15,11880.1875,112256382.3125,945.0
18883,1001.0,21.0,1.0,100.0,80.0,,4.0,0.45,11880.6375,112268262.95,945.0
18884,1001.0,21.0,1.0,100.0,80.0,,5.0,0.0125,11880.65,112280143.6,945.0
18885,1001.0,21.0,1.0,100.0,80.0,,6.0,1.175,11881.825,112292025.425,945.0
18886,1001.0,21.0,1.0,100.0,80.0,,7.0,0.4125,11882.2375,112303907.6625,945.0
18887,1001.0,21.0,1.0,100.0,80.0,,8.0,0.85,11883.0875,112315790.75,945.0
18888,1001.0,21.0,1.0,100.0,80.0,,9.0,0.6625,11883.75,112327674.5,945.0
18889,1001.0,21.0,1.0,100.0,80.0,,10.0,0.2125,11883.9625,112339558.4625,945.0
18890,1001.0,21.0,1.0,100.0,80.0,,11.0,1.1875,11885.15,112351443.6125,945.0
18891,1001.0,21.0,1.0,100.0,80.0,,12.0,0.075,11885.225,112363328.8375,945.0
18892,1001.0,21.0,1.0,100.0,80.0,,13.0,0.775,11886.0,112375214.8375,945.0
18893,1001.0,21.0,1.0,100.0,80.0,,14.0,0.375,11886.375,112387101.2125,945.0
18894,1001.0,21.0,1.0,100.0,80.0,,15.0,0.0625,11886.4375,112398987.65,945.0
18895,1001.0,21.0,1.0,100.0,80.0,,16.0,1.025,11887.4625,112410875.1125,945.0
18896,1001.0,21.0,1.0,100.0,80.0,,17.0,1.0875,11888.55,112422763.6625,945.0
18897,1001.0,21.0,1.0,100.0,80.0,,18.0,0.6,11889.15,112434652.8125,945.0
18898,1001.0,21.0,1.0,100.0,80.0,,19.0,0.9375,11890.0875,112446542.9,945.0
18899,1001.0,21.0,1.0,100.0,80.0,,20.0,1.1125,11891.2,112458434.1,945.0
18900,1001.0,21.0,1.0,100.0,80.0,,1.0,1.125,11892.325,112470326.425,946.0
18901,1001.0,21.0,1.0,100.0,80.0,,2.0,0.225,11892.55,112482218.975,946.0
18902,1001.0,21.0,1.0,100.0,80.0,,3.0,0.4,11892.95,112494111.925,946.0
18903,1001.0,21.0,1.0,100.0,80.0,,4.0,0.025,11892.975,112506004.9,946.0
18904,1001.0,21.0,1.0,100.0,80.0,,5.0,0.9625,11893.9375,112517898.8375,946.0
18905,1001.0,21.0,1.0,100.0,80.0,,6.0,0.8625,11894.8,112529793.6375,946.0
18906,1001.0,21.0,1.0,100.0,80.0,,7.0,0.525,11895.325,112541688.9625,946.0
18907,1001.0,21.0,1.0,100.0,80.0,,8.0,0.525,11895.85,112553584.8125,946.0
18908,1001.0,21.0,1.0,100.0,80.0,,9.0,0.95,11896.8,112565481.6125,946.0
18909,1001.0,21.0,1.0,100.0,80.0,,10.0,0.925,11897.725,112577379.3375,946.0
18910,1001.0,21.0,1.0,100.0,80.0,,11.0,0.9125,11898.6375,112589277.975,946.0
18911,1001.0,21.0,1.0,100.0,80.0,,12.0,0.4125,11899.05,112601177.025,946.0
18912,1001.0,21.0,1.0,100.0,80.0,,13.0,0.125,11899.175,112613076.2,946.0
18913,1001.0,21.0,1.0,100.0,80.0,,14.0,0.7625,11899.9375,112624976.1375,946.0
18914,1001.0,21.0,1.0,100.0,80.0,,15.0,0.375,11900.3125,112636876.45,946.0
18915,1001.0,21.0,1.0,100.0,80.0,,16.0,0.7625,11901.075,112648777.525,946.0
18916,1001.0,21.0,1.0,100.0,80.0,,17.0,1.2125,11902.2875,112660679.8125,946.0
18917,1001.0,21.0,1.0,100.0,80.0,,18.0,1.025,11903.3125,112672583.125,946.0
18918,1001.0,21.0,1.0,100.0,80.0,,19.0,0.1125,11903.425,112684486.55,946.0
18919,1001.0,21.0,1.0,100.0,80.0,,20.0,0.45,11903.875,112696390.425,946.0
18920,1001.0,21.0,1.0,100.0,80.0,,1.0,1.1,11904.975,112708295.4,947.0
18921,1001.0,21.0,1.0,100.0,80.0,,2.0,0.5875,11905.5625,112720200.9625,947.0
18922,1001.0,21.0,1.0,100.0,80.0,,3.0,0.275,11905.8375,112732106.8,947.0
18923,1001.0,21.0,1.0,100.0,80.0,,4.0,1.025,11906.8625,112744013.6625,947.0
18924,1001.0,21.0,1.0,100.0,80.0,,5.0,0.05,11906.9125,112755920.575,947.0
18925,1001.0,21.0,1.0,100.0,80.0,,6.0,0.7875,11907.7,112767828.275,947.0
18926,1001.0,21.0,1.0,100.0,80.0,,7.0,0.7625,11908.4625,112779736.7375,947.0
18927,1001.0,21.0,1.0,100.0,80.0,,8.0,0.075,11908.5375,112791645.275,947.0
18928,1001.0,21.0,1.0,100.0,80.0,,9.0,0.2875,11908.825,112803554.1,947.0
18929,1001.0,21.0,1.0,100.0,80.0,,10.0,0.075,11908.9,112815463.0,947.0
18930,1001.0,21.0,1.0,100.0,80.0,,11.0,0.7,11909.6,112827372.6,947.0
18931,1001.0,21.0,1.0,100.0,80.0,,12.0,0.0625,11909.6625,112839282.2625,947.0
18932,1001.0,21.0,1.0,100.0,80.0,,13.0,0.6,11910.2625,112851192.525,947.0
18933,1001.0,21.0,1.0,100.0,80.0,,14.0,0.875,11911.1375,112863103.6625,947.0
18934,1001.0,21.0,1.0,100.0,80.0,,15.0,0.9375,11912.075,112875015.7375,947.0
18935,1001.0,21.0,1.0,100.0,80.0,,16.0,0.5625,11912.6375,112886928.375,947.0
18936,1001.0,21.0,1.0,100.0,80.0,,17.0,1.0125,11913.65,112898842.025,947.0
18937,1001.0,21.0,1.0,100.0,80.0,,18.0,0.9125,11914.5625,112910756.5875,947.0
18938,1001.0,21.0,1.0,100.0,80.0,,19.0,0.6125,11915.175,112922671.7625,947.0
18939,1001.0,21.0,1.0,100.0,80.0,,20.0,0.475,11915.65,112934587.4125,947.0
18940,1001.0,21.0,1.0,100.0,80.0,,1.0,1.1,11916.75,112946504.1625,948.0
18941,1001.0,21.0,1.0,100.0,80.0,,2.0,0.8875,11917.6375,112958421.8,948.0
18942,1001.0,21.0,1.0,100.0,80.0,,3.0,0.85,11918.4875,112970340.2875,948.0
18943,1001.0,21.0,1.0,100.0,80.0,,4.0,1.125,11919.6125,112982259.9,948.0
18944,1001.0,21.0,1.0,100.0,80.0,,5.0,0.5125,11920.125,112994180.025,948.0
18945,1001.0,21.0,1.0,100.0,80.0,,6.0,0.7625,11920.8875,113006100.9125,948.0
18946,1001.0,21.0,1.0,100.0,80.0,,7.0,0.2,11921.0875,113018022.0,948.0
18947,1001.0,21.0,1.0,100.0,80.0,,8.0,0.05,11921.1375,113029943.1375,948.0
18948,1001.0,21.0,1.0,100.0,80.0,,9.0,0.0125,11921.15,113041864.2875,948.0
18949,1001.0,21.0,1.0,100.0,80.0,,10.0,1.0,11922.15,113053786.4375,948.0
18950,1001.0,21.0,1.0,100.0,80.0,,11.0,0.15,11922.3,113065708.7375,948.0
18951,1001.0,21.0,1.0,100.0,80.0,,12.0,0.2375,11922.5375,113077631.275,948.0
18952,1001.0,21.0,1.0,100.0,80.0,,13.0,0.875,11923.4125,113089554.6875,948.0
18953,1001.0,21.0,1.0,100.0,80.0,,14.0,0.3625,11923.775,113101478.4625,948.0
18954,1001.0,21.0,1.0,100.0,80.0,,15.0,0.9125,11924.6875,113113403.15,948.0
18955,1001.0,21.0,1.0,100.0,80.0,,16.0,0.25,11924.9375,113125328.0875,948.0
18956,1001.0,21.0,1.0,100.0,80.0,,17.0,0.6375,11925.575,113137253.6625,948.0
18957,1001.0,21.0,1.0,100.0,80.0,,18.0,0.0125,11925.5875,113149179.25,948.0
18958,1001.0,21.0,1.0,100.0,80.0,,19.0,0.1625,11925.75,113161105.0,948.0
18959,1001.0,21.0,1.0,100.0,80.0,,20.0,0.0125,11925.7625,113173030.7625,948.0
18960,1001.0,21.0,1.0,100.0,80.0,,1.0,0.4375,11926.2,113184956.9625,949.0
18961,1001.0,21.0,1.0,100.0,80.0,,2.0,0.525,11926.725,113196883.6875,949.0
18962,1001.0,21.0,1.0,100.0,80.0,,3.0,0.25,11926.975,113208810.6625,949.0
18963,1001.0,21.0,1.0,100.0,80.0,,4.0,1.0,11927.975,113220738.6375,949.0
18964,1001.0,21.0,1.0,100.0,80.0,,5.0,0.8375,11928.8125,113232667.45,949.0
18965,1001.0,21.0,1.0,100.0,80.0,,6.0,0.3375,11929.15,113244596.6,949.0
18966,1001.0,21.0,1.0,100.0,80.0,,7.0,0.65,11929.8,113256526.4,949.0
18967,1001.0,21.0,1.0,100.0,80.0,,8.0,1.025,11930.825,113268457.225,949.0
18968,1001.0,21.0,1.0,100.0,80.0,,9.0,0.0875,11930.9125,113280388.1375,949.0
18969,1001.0,21.0,1.0,100.0,80.0,,10.0,0.175,11931.0875,113292319.225,949.0
18970,1001.0,21.0,1.0,100.0,80.0,,11.0,0.4625,11931.55,113304250.775,949.0
18971,1001.0,21.0,1.0,100.0,80.0,,12.0,0.6,11932.15,113316182.925,949.0
18972,1001.0,21.0,1.0,100.0,80.0,,13.0,0.85,11933.0,113328115.925,949.0
18973,1001.0,21.0,1.0,100.0,80.0,,14.0,0.575,11933.575,113340049.5,949.0
18974,1001.0,21.0,1.0,100.0,80.0,,15.0,1.0625,11934.6375,113351984.1375,949.0
18975,1001.0,21.0,1.0,100.0,80.0,,16.0,0.725,11935.3625,113363919.5,949.0
18976,1001.0,21.0,1.0,100.0,80.0,,17.0,1.1125,11936.475,113375855.975,949.0
18977,1001.0,21.0,1.0,100.0,80.0,,18.0,1.0375,11937.5125,113387793.4875,949.0
18978,1001.0,21.0,1.0,100.0,80.0,,19.0,0.1375,11937.65,113399731.1375,949.0
18979,1001.0,21.0,1.0,100.0,80.0,,20.0,0.7125,11938.3625,113411669.5,949.0
18980,1001.0,21.0,1.0,100.0,80.0,,1.0,0.475,11938.8375,113423608.3375,950.0
18981,1001.0,21.0,1.0,100.0,80.0,,2.0,1.1875,11940.025,113435548.3625,950.0
18982,1001.0,21.0,1.0,100.0,80.0,,3.0,0.9,11940.925,113447489.2875,950.0
18983,1001.0,21.0,1.0,100.0,80.0,,4.0,0.8375,11941.7625,113459431.05,950.0
18984,1001.0,21.0,1.0,100.0,80.0,,5.0,0.7875,11942.55,113471373.6,950.0
18985,1001.0,21.0,1.0,100.0,80.0,,6.0,0.4,11942.95,113483316.55,950.0
18986,1001.0,21.0,1.0,100.0,80.0,,7.0,1.2125,11944.1625,113495260.7125,950.0
18987,1001.0,21.0,1.0,100.0,80.0,,8.0,0.1,11944.2625,113507204.975,950.0
18988,1001.0,21.0,1.0,100.0,80.0,,9.0,0.4125,11944.675,113519149.65,950.0
18989,1001.0,21.0,1.0,100.0,80.0,,10.0,1.2375,11945.9125,113531095.5625,950.0
18990,1001.0,21.0,1.0,100.0,80.0,,11.0,1.025,11946.9375,113543042.5,950.0
18991,1001.0,21.0,1.0,100.0,80.0,,12.0,0.35,11947.2875,113554989.7875,950.0
18992,1001.0,21.0,1.0,100.0,80.0,,13.0,0.875,11948.1625,113566937.95,950.0
18993,1001.0,21.0,1.0,100.0,80.0,,14.0,1.0,11949.1625,113578887.1125,950.0
18994,1001.0,21.0,1.0,100.0,80.0,,15.0,0.4875,11949.65,113590836.7625,950.0
18995,1001.0,21.0,1.0,100.0,80.0,,16.0,0.1875,11949.8375,113602786.6,950.0
18996,1001.0,21.0,1.0,100.0,80.0,,17.0,0.1125,11949.95,113614736.55,950.0
18997,1001.0,21.0,1.0,100.0,80.0,,18.0,0.4,11950.35,113626686.9,950.0
18998,1001.0,21.0,1.0,100.0,80.0,,19.0,0.2375,11950.5875,113638637.4875,950.0
18999,1001.0,21.0,1.0,100.0,80.0,,20.0,0.2,11950.7875,113650588.275,950.0
19000,1001.0,21.0,1.0,100.0,80.0,,1.0,0.675,11951.4625,113662539.7375,951.0
19001,1001.0,21.0,1.0,100.0,80.0,,2.0,0.2625,11951.725,113674491.4625,951.0
19002,1001.0,21.0,1.0,100.0,80.0,,3.0,0.6125,11952.3375,113686443.8,951.0
19003,1001.0,21.0,1.0,100.0,80.0,,4.0,1.0,11953.3375,113698397.1375,951.0
19004,1001.0,21.0,1.0,100.0,80.0,,5.0,0.075,11953.4125,113710350.55,951.0
19005,1001.0,21.0,1.0,100.0,80.0,,6.0,1.0375,11954.45,113722305.0,951.0
19006,1001.0,21.0,1.0,100.0,80.0,,7.0,0.575,11955.025,113734260.025,951.0
19007,1001.0,21.0,1.0,100.0,80.0,,8.0,0.2875,11955.3125,113746215.3375,951.0
19008,1001.0,21.0,1.0,100.0,80.0,,9.0,0.5625,11955.875,113758171.2125,951.0
19009,1001.0,21.0,1.0,100.0,80.0,,10.0,0.075,11955.95,113770127.1625,951.0
19010,1001.0,21.0,1.0,100.0,80.0,,11.0,0.7875,11956.7375,113782083.9,951.0
19011,1001.0,21.0,1.0,100.0,80.0,,12.0,0.9625,11957.7,113794041.6,951.0
19012,1001.0,21.0,1.0,100.0,80.0,,13.0,0.825,11958.525,113806000.125,951.0
19013,1001.0,21.0,1.0,100.0,80.0,,14.0,0.725,11959.25,113817959.375,951.0
19014,1001.0,21.0,1.0,100.0,80.0,,15.0,0.3125,11959.5625,113829918.9375,951.0
19015,1001.0,21.0,1.0,100.0,80.0,,16.0,0.175,11959.7375,113841878.675,951.0
19016,1001.0,21.0,1.0,100.0,80.0,,17.0,0.7625,11960.5,113853839.175,951.0
19017,1001.0,21.0,1.0,100.0,80.0,,18.0,0.85,11961.35,113865800.525,951.0
19018,1001.0,21.0,1.0,100.0,80.0,,19.0,0.775,11962.125,113877762.65,951.0
19019,1001.0,21.0,1.0,100.0,80.0,,20.0,1.0625,11963.1875,113889725.8375,951.0
19020,1001.0,21.0,1.0,100.0,80.0,,1.0,0.175,11963.3625,113901689.2,952.0
19021,1001.0,21.0,1.0,100.0,80.0,,2.0,0.7625,11964.125,113913653.325,952.0
19022,1001.0,21.0,1.0,100.0,80.0,,3.0,0.4625,11964.5875,113925617.9125,952.0
19023,1001.0,21.0,1.0,100.0,80.0,,4.0,0.6625,11965.25,113937583.1625,952.0
19024,1001.0,21.0,1.0,100.0,80.0,,5.0,1.025,11966.275,113949549.4375,952.0
19025,1001.0,21.0,1.0,100.0,80.0,,6.0,1.0875,11967.3625,113961516.8,952.0
19026,1001.0,21.0,1.0,100.0,80.0,,7.0,0.1625,11967.525,113973484.325,952.0
19027,1001.0,21.0,1.0,100.0,80.0,,8.0,0.4625,11967.9875,113985452.3125,952.0
19028,1001.0,21.0,1.0,100.0,80.0,,9.0,0.775,11968.7625,113997421.075,952.0
19029,1001.0,21.0,1.0,100.0,80.0,,10.0,1.0375,11969.8,114009390.875,952.0
19030,1001.0,21.0,1.0,100.0,80.0,,11.0,0.575,11970.375,114021361.25,952.0
19031,1001.0,21.0,1.0,100.0,80.0,,12.0,0.8,11971.175,114033332.425,952.0
19032,1001.0,21.0,1.0,100.0,80.0,,13.0,0.275,11971.45,114045303.875,952.0
19033,1001.0,21.0,1.0,100.0,80.0,,14.0,0.9875,11972.4375,114057276.3125,952.0
19034,1001.0,21.0,1.0,100.0,80.0,,15.0,0.325,11972.7625,114069249.075,952.0
19035,1001.0,21.0,1.0,100.0,80.0,,16.0,0.975,11973.7375,114081222.8125,952.0
19036,1001.0,21.0,1.0,100.0,80.0,,17.0,0.775,11974.5125,114093197.325,952.0
19037,1001.0,21.0,1.0,100.0,80.0,,18.0,1.0875,11975.6,114105172.925,952.0
19038,1001.0,21.0,1.0,100.0,80.0,,19.0,0.675,11976.275,114117149.2,952.0
19039,1001.0,21.0,1.0,100.0,80.0,,20.0,0.5875,11976.8625,114129126.0625,952.0
19040,1001.0,21.0,1.0,100.0,80.0,,1.0,0.7125,11977.575,114141103.6375,953.0
19041,1001.0,21.0,1.0,100.0,80.0,,2.0,0.45,11978.025,114153081.6625,953.0
19042,1001.0,21.0,1.0,100.0,80.0,,3.0,1.225,11979.25,114165060.9125,953.0
19043,1001.0,21.0,1.0,100.0,80.0,,4.0,0.3125,11979.5625,114177040.475,953.0
19044,1001.0,21.0,1.0,100.0,80.0,,5.0,0.8375,11980.4,114189020.875,953.0
19045,1001.0,21.0,1.0,100.0,80.0,,6.0,0.0125,11980.4125,114201001.2875,953.0
19046,1001.0,21.0,1.0,100.0,80.0,,7.0,0.2875,11980.7,114212981.9875,953.0
19047,1001.0,21.0,1.0,100.0,80.0,,8.0,0.8375,11981.5375,114224963.525,953.0
19048,1001.0,21.0,1.0,100.0,80.0,,9.0,1.025,11982.5625,114236946.0875,953.0
19049,1001.0,21.0,1.0,100.0,80.0,,10.0,1.225,11983.7875,114248929.875,953.0
19050,1001.0,21.0,1.0,100.0,80.0,,11.0,0.3375,11984.125,114260914.0,953.0
19051,1001.0,21.0,1.0,100.0,80.0,,12.0,1.0625,11985.1875,114272899.1875,953.0
19052,1001.0,21.0,1.0,100.0,80.0,,13.0,0.725,11985.9125,114284885.1,953.0
19053,1001.0,21.0,1.0,100.0,80.0,,14.0,0.65,11986.5625,114296871.6625,953.0
19054,1001.0,21.0,1.0,100.0,80.0,,15.0,1.2375,11987.8,114308859.4625,953.0
19055,1001.0,21.0,1.0,100.0,80.0,,16.0,0.9,11988.7,114320848.1625,953.0
19056,1001.0,21.0,1.0,100.0,80.0,,17.0,0.65,11989.35,114332837.5125,953.0
19057,1001.0,21.0,1.0,100.0,80.0,,18.0,1.0875,11990.4375,114344827.95,953.0
19058,1001.0,21.0,1.0,100.0,80.0,,19.0,1.1,11991.5375,114356819.4875,953.0
19059,1001.0,21.0,1.0,100.0,80.0,,20.0,0.0625,11991.6,114368811.0875,953.0
19060,1001.0,21.0,1.0,100.0,80.0,,1.0,1.0375,11992.6375,114380803.725,954.0
19061,1001.0,21.0,1.0,100.0,80.0,,2.0,0.3125,11992.95,114392796.675,954.0
19062,1001.0,21.0,1.0,100.0,80.0,,3.0,0.25,11993.2,114404789.875,954.0
19063,1001.0,21.0,1.0,100.0,80.0,,4.0,0.875,11994.075,114416783.95,954.0
19064,1001.0,21.0,1.0,100.0,80.0,,5.0,0.4125,11994.4875,114428778.4375,954.0
19065,1001.0,21.0,1.0,100.0,80.0,,6.0,0.9625,11995.45,114440773.8875,954.0
19066,1001.0,21.0,1.0,100.0,80.0,,7.0,0.15,11995.6,114452769.4875,954.0
19067,1001.0,21.0,1.0,100.0,80.0,,8.0,1.225,11996.825,114464766.3125,954.0
19068,1001.0,21.0,1.0,100.0,80.0,,9.0,0.075,11996.9,114476763.2125,954.0
19069,1001.0,21.0,1.0,100.0,80.0,,10.0,0.8875,11997.7875,114488761.0,954.0
19070,1001.0,21.0,1.0,100.0,80.0,,11.0,0.975,11998.7625,114500759.7625,954.0
19071,1001.0,21.0,1.0,100.0,80.0,,12.0,0.625,11999.3875,114512759.15,954.0
19072,1001.0,21.0,1.0,100.0,80.0,,13.0,0.75,12000.1375,114524759.2875,954.0
19073,1001.0,21.0,1.0,100.0,80.0,,14.0,0.025,12000.1625,114536759.45,954.0
19074,1001.0,21.0,1.0,100.0,80.0,,15.0,0.9,12001.0625,114548760.5125,954.0
19075,1001.0,21.0,1.0,100.0,80.0,,16.0,0.95,12002.0125,114560762.525,954.0
19076,1001.0,21.0,1.0,100.0,80.0,,17.0,0.3375,12002.35,114572764.875,954.0
19077,1001.0,21.0,1.0,100.0,80.0,,18.0,0.1375,12002.4875,114584767.3625,954.0
19078,1001.0,21.0,1.0,100.0,80.0,,19.0,0.175,12002.6625,114596770.025,954.0
19079,1001.0,21.0,1.0,100.0,80.0,,20.0,1.1625,12003.825,114608773.85,954.0
19080,1001.0,21.0,1.0,100.0,80.0,,1.0,0.5875,12004.4125,114620778.2625,955.0
19081,1001.0,21.0,1.0,100.0,80.0,,2.0,0.4125,12004.825,114632783.0875,955.0
19082,1001.0,21.0,1.0,100.0,80.0,,3.0,0.0875,12004.9125,114644788.0,955.0
19083,1001.0,21.0,1.0,100.0,80.0,,4.0,0.05,12004.9625,114656792.9625,955.0
19084,1001.0,21.0,1.0,100.0,80.0,,5.0,0.45,12005.4125,114668798.375,955.0
19085,1001.0,21.0,1.0,100.0,80.0,,6.0,1.125,12006.5375,114680804.9125,955.0
19086,1001.0,21.0,1.0,100.0,80.0,,7.0,1.1125,12007.65,114692812.5625,955.0
19087,1001.0,21.0,1.0,100.0,80.0,,8.0,1.075,12008.725,114704821.2875,955.0
19088,1001.0,21.0,1.0,100.0,80.0,,9.0,0.5625,12009.2875,114716830.575,955.0
19089,1001.0,21.0,1.0,100.0,80.0,,10.0,0.8375,12010.125,114728840.7,955.0
19090,1001.0,21.0,1.0,100.0,80.0,,11.0,1.0875,12011.2125,114740851.9125,955.0
19091,1001.0,21.0,1.0,100.0,80.0,,12.0,1.2,12012.4125,114752864.325,955.0
19092,1001.0,21.0,1.0,100.0,80.0,,13.0,0.5875,12013.0,114764877.325,955.0
19093,1001.0,21.0,1.0,100.0,80.0,,14.0,0.25,12013.25,114776890.575,955.0
19094,1001.0,21.0,1.0,100.0,80.0,,15.0,0.0875,12013.3375,114788903.9125,955.0
19095,1001.0,21.0,1.0,100.0,80.0,,16.0,0.1125,12013.45,114800917.3625,955.0
19096,1001.0,21.0,1.0,100.0,80.0,,17.0,0.45,12013.9,114812931.2625,955.0
19097,1001.0,21.0,1.0,100.0,80.0,,18.0,0.8625,12014.7625,114824946.025,955.0
19098,1001.0,21.0,1.0,100.0,80.0,,19.0,0.55,12015.3125,114836961.3375,955.0
19099,1001.0,21.0,1.0,100.0,80.0,,20.0,0.5375,12015.85,114848977.1875,955.0
19100,1001.0,21.0,1.0,100.0,80.0,,1.0,0.7,12016.55,114860993.7375,956.0
19101,1001.0,21.0,1.0,100.0,80.0,,2.0,0.325,12016.875,114873010.6125,956.0
19102,1001.0,21.0,1.0,100.0,80.0,,3.0,0.6875,12017.5625,114885028.175,956.0
19103,1001.0,21.0,1.0,100.0,80.0,,4.0,0.375,12017.9375,114897046.1125,956.0
19104,1001.0,21.0,1.0,100.0,80.0,,5.0,0.6875,12018.625,114909064.7375,956.0
19105,1001.0,21.0,1.0,100.0,80.0,,6.0,0.1625,12018.7875,114921083.525,956.0
19106,1001.0,21.0,1.0,100.0,80.0,,7.0,0.6125,12019.4,114933102.925,956.0
19107,1001.0,21.0,1.0,100.0,80.0,,8.0,0.35,12019.75,114945122.675,956.0
19108,1001.0,21.0,1.0,100.0,80.0,,9.0,0.25,12020.0,114957142.675,956.0
19109,1001.0,21.0,1.0,100.0,80.0,,10.0,0.8125,12020.8125,114969163.4875,956.0
19110,1001.0,21.0,1.0,100.0,80.0,,11.0,0.1,12020.9125,114981184.4,956.0
19111,1001.0,21.0,1.0,100.0,80.0,,12.0,0.1125,12021.025,114993205.425,956.0
19112,1001.0,21.0,1.0,100.0,80.0,,13.0,0.7,12021.725,115005227.15,956.0
19113,1001.0,21.0,1.0,100.0,80.0,,14.0,1.025,12022.75,115017249.9,956.0
19114,1001.0,21.0,1.0,100.0,80.0,,15.0,0.1625,12022.9125,115029272.8125,956.0
19115,1001.0,21.0,1.0,100.0,80.0,,16.0,0.425,12023.3375,115041296.15,956.0
19116,1001.0,21.0,1.0,100.0,80.0,,17.0,0.3125,12023.65,115053319.8,956.0
19117,1001.0,21.0,1.0,100.0,80.0,,18.0,0.1125,12023.7625,115065343.5625,956.0
19118,1001.0,21.0,1.0,100.0,80.0,,19.0,0.525,12024.2875,115077367.85,956.0
19119,1001.0,21.0,1.0,100.0,80.0,,20.0,0.7625,12025.05,115089392.9,956.0
19120,1001.0,21.0,1.0,100.0,80.0,,1.0,0.575,12025.625,115101418.525,957.0
19121,1001.0,21.0,1.0,100.0,80.0,,2.0,1.225,12026.85,115113445.375,957.0
19122,1001.0,21.0,1.0,100.0,80.0,,3.0,0.7375,12027.5875,115125472.9625,957.0
19123,1001.0,21.0,1.0,100.0,80.0,,4.0,1.1625,12028.75,115137501.7125,957.0
19124,1001.0,21.0,1.0,100.0,80.0,,5.0,0.2,12028.95,115149530.6625,957.0
19125,1001.0,21.0,1.0,100.0,80.0,,6.0,0.2125,12029.1625,115161559.825,957.0
19126,1001.0,21.0,1.0,100.0,80.0,,7.0,0.8,12029.9625,115173589.7875,957.0
19127,1001.0,21.0,1.0,100.0,80.0,,8.0,0.625,12030.5875,115185620.375,957.0
19128,1001.0,21.0,1.0,100.0,80.0,,9.0,1.225,12031.8125,115197652.1875,957.0
19129,1001.0,21.0,1.0,100.0,80.0,,10.0,1.125,12032.9375,115209685.125,957.0
19130,1001.0,21.0,1.0,100.0,80.0,,11.0,0.0875,12033.025,115221718.15,957.0
19131,1001.0,21.0,1.0,100.0,80.0,,12.0,0.3125,12033.3375,115233751.4875,957.0
19132,1001.0,21.0,1.0,100.0,80.0,,13.0,0.2375,12033.575,115245785.0625,957.0
19133,1001.0,21.0,1.0,100.0,80.0,,14.0,0.8,12034.375,115257819.4375,957.0
19134,1001.0,21.0,1.0,100.0,80.0,,15.0,0.85,12035.225,115269854.6625,957.0
19135,1001.0,21.0,1.0,100.0,80.0,,16.0,0.85,12036.075,115281890.7375,957.0
19136,1001.0,21.0,1.0,100.0,80.0,,17.0,0.425,12036.5,115293927.2375,957.0
19137,1001.0,21.0,1.0,100.0,80.0,,18.0,0.55,12037.05,115305964.2875,957.0
19138,1001.0,21.0,1.0,100.0,80.0,,19.0,0.5875,12037.6375,115318001.925,957.0
19139,1001.0,21.0,1.0,100.0,80.0,,20.0,0.075,12037.7125,115330039.6375,957.0
19140,1001.0,21.0,1.0,100.0,80.0,,1.0,0.2625,12037.975,115342077.6125,958.0
19141,1001.0,21.0,1.0,100.0,80.0,,2.0,0.0625,12038.0375,115354115.65,958.0
19142,1001.0,21.0,1.0,100.0,80.0,,3.0,1.15,12039.1875,115366154.8375,958.0
19143,1001.0,21.0,1.0,100.0,80.0,,4.0,0.05,12039.2375,115378194.075,958.0
19144,1001.0,21.0,1.0,100.0,80.0,,5.0,0.4125,12039.65,115390233.725,958.0
19145,1001.0,21.0,1.0,100.0,80.0,,6.0,1.225,12040.875,115402274.6,958.0
19146,1001.0,21.0,1.0,100.0,80.0,,7.0,0.525,12041.4,115414316.0,958.0
19147,1001.0,21.0,1.0,100.0,80.0,,8.0,0.9625,12042.3625,115426358.3625,958.0
19148,1001.0,21.0,1.0,100.0,80.0,,9.0,0.1,12042.4625,115438400.825,958.0
19149,1001.0,21.0,1.0,100.0,80.0,,10.0,0.3125,12042.775,115450443.6,958.0
19150,1001.0,21.0,1.0,100.0,80.0,,11.0,0.925,12043.7,115462487.3,958.0
19151,1001.0,21.0,1.0,100.0,80.0,,12.0,0.1,12043.8,115474531.1,958.0
19152,1001.0,21.0,1.0,100.0,80.0,,13.0,1.175,12044.975,115486576.075,958.0
19153,1001.0,21.0,1.0,100.0,80.0,,14.0,0.375,12045.35,115498621.425,958.0
19154,1001.0,21.0,1.0,100.0,80.0,,15.0,0.35,12045.7,115510667.125,958.0
19155,1001.0,21.0,1.0,100.0,80.0,,16.0,1.0375,12046.7375,115522713.8625,958.0
19156,1001.0,21.0,1.0,100.0,80.0,,17.0,0.0875,12046.825,115534760.6875,958.0
19157,1001.0,21.0,1.0,100.0,80.0,,18.0,1.0125,12047.8375,115546808.525,958.0
19158,1001.0,21.0,1.0,100.0,80.0,,19.0,0.1,12047.9375,115558856.4625,958.0
19159,1001.0,21.0,1.0,100.0,80.0,,20.0,1.15,12049.0875,115570905.55,958.0
19160,1001.0,21.0,1.0,100.0,80.0,,1.0,1.175,12050.2625,115582955.8125,959.0
19161,1001.0,21.0,1.0,100.0,80.0,,2.0,0.7,12050.9625,115595006.775,959.0
19162,1001.0,21.0,1.0,100.0,80.0,,3.0,1.05,12052.0125,115607058.7875,959.0
19163,1001.0,21.0,1.0,100.0,80.0,,4.0,0.925,12052.9375,115619111.725,959.0
19164,1001.0,21.0,1.0,100.0,80.0,,5.0,0.45,12053.3875,115631165.1125,959.0
19165,1001.0,21.0,1.0,100.0,80.0,,6.0,1.05,12054.4375,115643219.55,959.0
19166,1001.0,21.0,1.0,100.0,80.0,,7.0,0.3,12054.7375,115655274.2875,959.0
19167,1001.0,21.0,1.0,100.0,80.0,,8.0,0.4375,12055.175,115667329.4625,959.0
19168,1001.0,21.0,1.0,100.0,80.0,,9.0,0.8875,12056.0625,115679385.525,959.0
19169,1001.0,21.0,1.0,100.0,80.0,,10.0,0.975,12057.0375,115691442.5625,959.0
19170,1001.0,21.0,1.0,100.0,80.0,,11.0,0.8625,12057.9,115703500.4625,959.0
19171,1001.0,21.0,1.0,100.0,80.0,,12.0,0.8,12058.7,115715559.1625,959.0
19172,1001.0,21.0,1.0,100.0,80.0,,13.0,0.025,12058.725,115727617.8875,959.0
19173,1001.0,21.0,1.0,100.0,80.0,,14.0,1.1125,12059.8375,115739677.725,959.0
19174,1001.0,21.0,1.0,100.0,80.0,,15.0,0.6,12060.4375,115751738.1625,959.0
19175,1001.0,21.0,1.0,100.0,80.0,,16.0,0.1125,12060.55,115763798.7125,959.0
19176,1001.0,21.0,1.0,100.0,80.0,,17.0,0.6375,12061.1875,115775859.9,959.0
19177,1001.0,21.0,1.0,100.0,80.0,,18.0,0.1,12061.2875,115787921.1875,959.0
19178,1001.0,21.0,1.0,100.0,80.0,,19.0,0.4625,12061.75,115799982.9375,959.0
19179,1001.0,21.0,1.0,100.0,80.0,,20.0,0.4,12062.15,115812045.0875,959.0
19180,1001.0,21.0,1.0,100.0,80.0,,1.0,1.075,12063.225,115824108.3125,960.0
19181,1001.0,21.0,1.0,100.0,80.0,,2.0,1.0625,12064.2875,115836172.6,960.0
19182,1001.0,21.0,1.0,100.0,80.0,,3.0,0.4,12064.6875,115848237.2875,960.0
19183,1001.0,21.0,1.0,100.0,80.0,,4.0,0.8375,12065.525,115860302.8125,960.0
19184,1001.0,21.0,1.0,100.0,80.0,,5.0,0.425,12065.95,115872368.7625,960.0
19185,1001.0,21.0,1.0,100.0,80.0,,6.0,0.9,12066.85,115884435.6125,960.0
19186,1001.0,21.0,1.0,100.0,80.0,,7.0,0.15,12067.0,115896502.6125,960.0
19187,1001.0,21.0,1.0,100.0,80.0,,8.0,0.8125,12067.8125,115908570.425,960.0
19188,1001.0,21.0,1.0,100.0,80.0,,9.0,0.675,12068.4875,115920638.9125,960.0
19189,1001.0,21.0,1.0,100.0,80.0,,10.0,0.95,12069.4375,115932708.35,960.0
19190,1001.0,21.0,1.0,100.0,80.0,,11.0,0.1875,12069.625,115944777.975,960.0
19191,1001.0,21.0,1.0,100.0,80.0,,12.0,0.525,12070.15,115956848.125,960.0
19192,1001.0,21.0,1.0,100.0,80.0,,13.0,0.025,12070.175,115968918.3,960.0
19193,1001.0,21.0,1.0,100.0,80.0,,14.0,1.1125,12071.2875,115980989.5875,960.0
19194,1001.0,21.0,1.0,100.0,80.0,,15.0,0.6375,12071.925,115993061.5125,960.0
19195,1001.0,21.0,1.0,100.0,80.0,,16.0,1.0,12072.925,116005134.4375,960.0
19196,1001.0,21.0,1.0,100.0,80.0,,17.0,1.1875,12074.1125,116017208.55,960.0
19197,1001.0,21.0,1.0,100.0,80.0,,18.0,0.6125,12074.725,116029283.275,960.0
19198,1001.0,21.0,1.0,100.0,80.0,,19.0,0.8,12075.525,116041358.8,960.0
19199,1001.0,21.0,1.0,100.0,80.0,,20.0,0.65,12076.175,116053434.975,960.0
19200,1001.0,21.0,1.0,100.0,80.0,,1.0,0.675,12076.85,116065511.825,961.0
19201,1001.0,21.0,1.0,100.0,80.0,,2.0,0.425,12077.275,116077589.1,961.0
19202,1001.0,21.0,1.0,100.0,80.0,,3.0,0.9125,12078.1875,116089667.2875,961.0
19203,1001.0,21.0,1.0,100.0,80.0,,4.0,1.15,12079.3375,116101746.625,961.0
19204,1001.0,21.0,1.0,100.0,80.0,,5.0,0.4125,12079.75,116113826.375,961.0
19205,1001.0,21.0,1.0,100.0,80.0,,6.0,0.1,12079.85,116125906.225,961.0
19206,1001.0,21.0,1.0,100.0,80.0,,7.0,0.0625,12079.9125,116137986.1375,961.0
19207,1001.0,21.0,1.0,100.0,80.0,,8.0,0.6375,12080.55,116150066.6875,961.0
19208,1001.0,21.0,1.0,100.0,80.0,,9.0,0.7875,12081.3375,116162148.025,961.0
19209,1001.0,21.0,1.0,100.0,80.0,,10.0,1.0125,12082.35,116174230.375,961.0
19210,1001.0,21.0,1.0,100.0,80.0,,11.0,0.9125,12083.2625,116186313.6375,961.0
19211,1001.0,21.0,1.0,100.0,80.0,,12.0,0.9125,12084.175,116198397.8125,961.0
19212,1001.0,21.0,1.0,100.0,80.0,,13.0,0.85,12085.025,116210482.8375,961.0
19213,1001.0,21.0,1.0,100.0,80.0,,14.0,1.1,12086.125,116222568.9625,961.0
19214,1001.0,21.0,1.0,100.0,80.0,,15.0,0.4375,12086.5625,116234655.525,961.0
19215,1001.0,21.0,1.0,100.0,80.0,,16.0,0.9125,12087.475,116246743.0,961.0
19216,1001.0,21.0,1.0,100.0,80.0,,17.0,0.9875,12088.4625,116258831.4625,961.0
19217,1001.0,21.0,1.0,100.0,80.0,,18.0,1.225,12089.6875,116270921.15,961.0
19218,1001.0,21.0,1.0,100.0,80.0,,19.0,0.8875,12090.575,116283011.725,961.0
19219,1001.0,21.0,1.0,100.0,80.0,,20.0,0.925,12091.5,116295103.225,961.0
19220,1001.0,21.0,1.0,100.0,80.0,,1.0,0.6125,12092.1125,116307195.3375,962.0
19221,1001.0,21.0,1.0,100.0,80.0,,2.0,1.15,12093.2625,116319288.6,962.0
19222,1001.0,21.0,1.0,100.0,80.0,,3.0,1.1125,12094.375,116331382.975,962.0
19223,1001.0,21.0,1.0,100.0,80.0,,4.0,0.9625,12095.3375,116343478.3125,962.0
19224,1001.0,21.0,1.0,100.0,80.0,,5.0,0.1875,12095.525,116355573.8375,962.0
19225,1001.0,21.0,1.0,100.0,80.0,,6.0,0.675,12096.2,116367670.0375,962.0
19226,1001.0,21.0,1.0,100.0,80.0,,7.0,0.1375,12096.3375,116379766.375,962.0
19227,1001.0,21.0,1.0,100.0,80.0,,8.0,1.025,12097.3625,116391863.7375,962.0
19228,1001.0,21.0,1.0,100.0,80.0,,9.0,0.45,12097.8125,116403961.55,962.0
19229,1001.0,21.0,1.0,100.0,80.0,,10.0,0.525,12098.3375,116416059.8875,962.0
19230,1001.0,21.0,1.0,100.0,80.0,,11.0,0.1875,12098.525,116428158.4125,962.0
19231,1001.0,21.0,1.0,100.0,80.0,,12.0,0.9125,12099.4375,116440257.85,962.0
19232,1001.0,21.0,1.0,100.0,80.0,,13.0,0.6375,12100.075,116452357.925,962.0
19233,1001.0,21.0,1.0,100.0,80.0,,14.0,0.4125,12100.4875,116464458.4125,962.0
19234,1001.0,21.0,1.0,100.0,80.0,,15.0,0.25,12100.7375,116476559.15,962.0
19235,1001.0,21.0,1.0,100.0,80.0,,16.0,0.9875,12101.725,116488660.875,962.0
19236,1001.0,21.0,1.0,100.0,80.0,,17.0,0.925,12102.65,116500763.525,962.0
19237,1001.0,21.0,1.0,100.0,80.0,,18.0,0.1875,12102.8375,116512866.3625,962.0
19238,1001.0,21.0,1.0,100.0,80.0,,19.0,1.0875,12103.925,116524970.2875,962.0
19239,1001.0,21.0,1.0,100.0,80.0,,20.0,1.2,12105.125,116537075.4125,962.0
19240,1001.0,21.0,1.0,100.0,80.0,,1.0,0.525,12105.65,116549181.0625,963.0
19241,1001.0,21.0,1.0,100.0,80.0,,2.0,0.6625,12106.3125,116561287.375,963.0
19242,1001.0,21.0,1.0,100.0,80.0,,3.0,0.2375,12106.55,116573393.925,963.0
19243,1001.0,21.0,1.0,100.0,80.0,,4.0,0.5875,12107.1375,116585501.0625,963.0
19244,1001.0,21.0,1.0,100.0,80.0,,5.0,0.5125,12107.65,116597608.7125,963.0
19245,1001.0,21.0,1.0,100.0,80.0,,6.0,0.6375,12108.2875,116609717.0,963.0
19246,1001.0,21.0,1.0,100.0,80.0,,7.0,0.225,12108.5125,116621825.5125,963.0
19247,1001.0,21.0,1.0,100.0,80.0,,8.0,0.175,12108.6875,116633934.2,963.0
19248,1001.0,21.0,1.0,100.0,80.0,,9.0,0.075,12108.7625,116646042.9625,963.0
19249,1001.0,21.0,1.0,100.0,80.0,,10.0,1.1875,12109.95,116658152.9125,963.0
19250,1001.0,21.0,1.0,100.0,80.0,,11.0,0.55,12110.5,116670263.4125,963.0
19251,1001.0,21.0,1.0,100.0,80.0,,12.0,0.75,12111.25,116682374.6625,963.0
19252,1001.0,21.0,1.0,100.0,80.0,,13.0,0.3875,12111.6375,116694486.3,963.0
19253,1001.0,21.0,1.0,100.0,80.0,,14.0,0.4875,12112.125,116706598.425,963.0
19254,1001.0,21.0,1.0,100.0,80.0,,15.0,0.3375,12112.4625,116718710.8875,963.0
19255,1001.0,21.0,1.0,100.0,80.0,,16.0,0.2875,12112.75,116730823.6375,963.0
19256,1001.0,21.0,1.0,100.0,80.0,,17.0,0.075,12112.825,116742936.4625,963.0
19257,1001.0,21.0,1.0,100.0,80.0,,18.0,1.0375,12113.8625,116755050.325,963.0
19258,1001.0,21.0,1.0,100.0,80.0,,19.0,0.4,12114.2625,116767164.5875,963.0
19259,1001.0,21.0,1.0,100.0,80.0,,20.0,1.1375,12115.4,116779279.9875,963.0
19260,1001.0,21.0,1.0,100.0,80.0,,1.0,0.75,12116.15,116791396.1375,964.0
19261,1001.0,21.0,1.0,100.0,80.0,,2.0,0.6,12116.75,116803512.8875,964.0
19262,1001.0,21.0,1.0,100.0,80.0,,3.0,0.875,12117.625,116815630.5125,964.0
19263,1001.0,21.0,1.0,100.0,80.0,,4.0,0.325,12117.95,116827748.4625,964.0
19264,1001.0,21.0,1.0,100.0,80.0,,5.0,1.2125,12119.1625,116839867.625,964.0
19265,1001.0,21.0,1.0,100.0,80.0,,6.0,0.1625,12119.325,116851986.95,964.0
19266,1001.0,21.0,1.0,100.0,80.0,,7.0,0.4125,12119.7375,116864106.6875,964.0
19267,1001.0,21.0,1.0,100.0,80.0,,8.0,0.0125,12119.75,116876226.4375,964.0
19268,1001.0,21.0,1.0,100.0,80.0,,9.0,0.3375,12120.0875,116888346.525,964.0
19269,1001.0,21.0,1.0,100.0,80.0,,10.0,0.275,12120.3625,116900466.8875,964.0
19270,1001.0,21.0,1.0,100.0,80.0,,11.0,1.1625,12121.525,116912588.4125,964.0
19271,1001.0,21.0,1.0,100.0,80.0,,12.0,0.475,12122.0,116924710.4125,964.0
19272,1001.0,21.0,1.0,100.0,80.0,,13.0,0.1875,12122.1875,116936832.6,964.0
19273,1001.0,21.0,1.0,100.0,80.0,,14.0,0.6125,12122.8,116948955.4,964.0
19274,1001.0,21.0,1.0,100.0,80.0,,15.0,0.775,12123.575,116961078.975,964.0
19275,1001.0,21.0,1.0,100.0,80.0,,16.0,0.7375,12124.3125,116973203.2875,964.0
19276,1001.0,21.0,1.0,100.0,80.0,,17.0,0.0875,12124.4,116985327.6875,964.0
19277,1001.0,21.0,1.0,100.0,80.0,,18.0,1.1,12125.5,116997453.1875,964.0
19278,1001.0,21.0,1.0,100.0,80.0,,19.0,0.575,12126.075,117009579.2625,964.0
19279,1001.0,21.0,1.0,100.0,80.0,,20.0,0.475,12126.55,117021705.8125,964.0
19280,1001.0,21.0,1.0,100.0,80.0,,1.0,0.175,12126.725,117033832.5375,965.0
19281,1001.0,21.0,1.0,100.0,80.0,,2.0,0.45,12127.175,117045959.7125,965.0
19282,1001.0,21.0,1.0,100.0,80.0,,3.0,0.2625,12127.4375,117058087.15,965.0
19283,1001.0,21.0,1.0,100.0,80.0,,4.0,0.6,12128.0375,117070215.1875,965.0
19284,1001.0,21.0,1.0,100.0,80.0,,5.0,0.375,12128.4125,117082343.6,965.0
19285,1001.0,21.0,1.0,100.0,80.0,,6.0,0.725,12129.1375,117094472.7375,965.0
19286,1001.0,21.0,1.0,100.0,80.0,,7.0,0.9125,12130.05,117106602.7875,965.0
19287,1001.0,21.0,1.0,100.0,80.0,,8.0,0.6625,12130.7125,117118733.5,965.0
19288,1001.0,21.0,1.0,100.0,80.0,,9.0,0.6,12131.3125,117130864.8125,965.0
19289,1001.0,21.0,1.0,100.0,80.0,,10.0,0.2625,12131.575,117142996.3875,965.0
19290,1001.0,21.0,1.0,100.0,80.0,,11.0,0.8,12132.375,117155128.7625,965.0
19291,1001.0,21.0,1.0,100.0,80.0,,12.0,0.5125,12132.8875,117167261.65,965.0
19292,1001.0,21.0,1.0,100.0,80.0,,13.0,0.825,12133.7125,117179395.3625,965.0
19293,1001.0,21.0,1.0,100.0,80.0,,14.0,0.375,12134.0875,117191529.45,965.0
19294,1001.0,21.0,1.0,100.0,80.0,,15.0,0.1625,12134.25,117203663.7,965.0
19295,1001.0,21.0,1.0,100.0,80.0,,16.0,0.325,12134.575,117215798.275,965.0
19296,1001.0,21.0,1.0,100.0,80.0,,17.0,0.5,12135.075,117227933.35,965.0
19297,1001.0,21.0,1.0,100.0,80.0,,18.0,0.875,12135.95,117240069.3,965.0
19298,1001.0,21.0,1.0,100.0,80.0,,19.0,1.1375,12137.0875,117252206.3875,965.0
19299,1001.0,21.0,1.0,100.0,80.0,,20.0,1.1375,12138.225,117264344.6125,965.0
19300,1001.0,21.0,1.0,100.0,80.0,,1.0,1.0875,12139.3125,117276483.925,966.0
19301,1001.0,21.0,1.0,100.0,80.0,,2.0,0.425,12139.7375,117288623.6625,966.0
19302,1001.0,21.0,1.0,100.0,80.0,,3.0,0.8,12140.5375,117300764.2,966.0
19303,1001.0,21.0,1.0,100.0,80.0,,4.0,0.3875,12140.925,117312905.125,966.0
19304,1001.0,21.0,1.0,100.0,80.0,,5.0,0.5125,12141.4375,117325046.5625,966.0
19305,1001.0,21.0,1.0,100.0,80.0,,6.0,0.2,12141.6375,117337188.2,966.0
19306,1001.0,21.0,1.0,100.0,80.0,,7.0,0.7875,12142.425,117349330.625,966.0
19307,1001.0,21.0,1.0,100.0,80.0,,8.0,1.0625,12143.4875,117361474.1125,966.0
19308,1001.0,21.0,1.0,100.0,80.0,,9.0,1.05,12144.5375,117373618.65,966.0
19309,1001.0,21.0,1.0,100.0,80.0,,10.0,0.7375,12145.275,117385763.925,966.0
19310,1001.0,21.0,1.0,100.0,80.0,,11.0,0.45,12145.725,117397909.65,966.0
19311,1001.0,21.0,1.0,100.0,80.0,,12.0,0.525,12146.25,117410055.9,966.0
19312,1001.0,21.0,1.0,100.0,80.0,,13.0,0.1125,12146.3625,117422202.2625,966.0
19313,1001.0,21.0,1.0,100.0,80.0,,14.0,1.1625,12147.525,117434349.7875,966.0
19314,1001.0,21.0,1.0,100.0,80.0,,15.0,0.625,12148.15,117446497.9375,966.0
19315,1001.0,21.0,1.0,100.0,80.0,,16.0,0.0625,12148.2125,117458646.15,966.0
19316,1001.0,21.0,1.0,100.0,80.0,,17.0,0.6875,12148.9,117470795.05,966.0
19317,1001.0,21.0,1.0,100.0,80.0,,18.0,0.4125,12149.3125,117482944.3625,966.0
19318,1001.0,21.0,1.0,100.0,80.0,,19.0,0.6875,12150.0,117495094.3625,966.0
19319,1001.0,21.0,1.0,100.0,80.0,,20.0,0.25,12150.25,117507244.6125,966.0
19320,1001.0,21.0,1.0,100.0,80.0,,1.0,0.75,12151.0,117519395.6125,967.0
19321,1001.0,21.0,1.0,100.0,80.0,,2.0,0.1375,12151.1375,117531546.75,967.0
19322,1001.0,21.0,1.0,100.0,80.0,,3.0,0.8625,12152.0,117543698.75,967.0
19323,1001.0,21.0,1.0,100.0,80.0,,4.0,0.9125,12152.9125,117555851.6625,967.0
19324,1001.0,21.0,1.0,100.0,80.0,,5.0,0.8375,12153.75,117568005.4125,967.0
19325,1001.0,21.0,1.0,100.0,80.0,,6.0,0.7375,12154.4875,117580159.9,967.0
19326,1001.0,21.0,1.0,100.0,80.0,,7.0,0.7625,12155.25,117592315.15,967.0
19327,1001.0,21.0,1.0,100.0,80.0,,8.0,0.1875,12155.4375,117604470.5875,967.0
19328,1001.0,21.0,1.0,100.0,80.0,,9.0,0.45,12155.8875,117616626.475,967.0
19329,1001.0,21.0,1.0,100.0,80.0,,10.0,1.05,12156.9375,117628783.4125,967.0
19330,1001.0,21.0,1.0,100.0,80.0,,11.0,1.1875,12158.125,117640941.5375,967.0
19331,1001.0,21.0,1.0,100.0,80.0,,12.0,0.3125,12158.4375,117653099.975,967.0
19332,1001.0,21.0,1.0,100.0,80.0,,13.0,0.7625,12159.2,117665259.175,967.0
19333,1001.0,21.0,1.0,100.0,80.0,,14.0,0.65,12159.85,117677419.025,967.0
19334,1001.0,21.0,1.0,100.0,80.0,,15.0,0.6125,12160.4625,117689579.4875,967.0
19335,1001.0,21.0,1.0,100.0,80.0,,16.0,0.95,12161.4125,117701740.9,967.0
19336,1001.0,21.0,1.0,100.0,80.0,,17.0,0.9375,12162.35,117713903.25,967.0
19337,1001.0,21.0,1.0,100.0,80.0,,18.0,1.0125,12163.3625,117726066.6125,967.0
19338,1001.0,21.0,1.0,100.0,80.0,,19.0,1.05,12164.4125,117738231.025,967.0
19339,1001.0,21.0,1.0,100.0,80.0,,20.0,0.1875,12164.6,117750395.625,967.0
19340,1001.0,21.0,1.0,100.0,80.0,,1.0,0.475,12165.075,117762560.7,968.0
19341,1001.0,21.0,1.0,100.0,80.0,,2.0,0.2625,12165.3375,117774726.0375,968.0
19342,1001.0,21.0,1.0,100.0,80.0,,3.0,0.8125,12166.15,117786892.1875,968.0
19343,1001.0,21.0,1.0,100.0,80.0,,4.0,0.975,12167.125,117799059.3125,968.0
19344,1001.0,21.0,1.0,100.0,80.0,,5.0,0.4625,12167.5875,117811226.9,968.0
19345,1001.0,21.0,1.0,100.0,80.0,,6.0,0.2625,12167.85,117823394.75,968.0
19346,1001.0,21.0,1.0,100.0,80.0,,7.0,0.375,12168.225,117835562.975,968.0
19347,1001.0,21.0,1.0,100.0,80.0,,8.0,0.1,12168.325,117847731.3,968.0
19348,1001.0,21.0,1.0,100.0,80.0,,9.0,1.05,12169.375,117859900.675,968.0
19349,1001.0,21.0,1.0,100.0,80.0,,10.0,0.5375,12169.9125,117872070.5875,968.0
19350,1001.0,21.0,1.0,100.0,80.0,,11.0,0.675,12170.5875,117884241.175,968.0
19351,1001.0,21.0,1.0,100.0,80.0,,12.0,0.65,12171.2375,117896412.4125,968.0
19352,1001.0,21.0,1.0,100.0,80.0,,13.0,0.8,12172.0375,117908584.45,968.0
19353,1001.0,21.0,1.0,100.0,80.0,,14.0,0.0625,12172.1,117920756.55,968.0
19354,1001.0,21.0,1.0,100.0,80.0,,15.0,0.975,12173.075,117932929.625,968.0
19355,1001.0,21.0,1.0,100.0,80.0,,16.0,1.1375,12174.2125,117945103.8375,968.0
19356,1001.0,21.0,1.0,100.0,80.0,,17.0,0.3625,12174.575,117957278.4125,968.0
19357,1001.0,21.0,1.0,100.0,80.0,,18.0,0.3625,12174.9375,117969453.35,968.0
19358,1001.0,21.0,1.0,100.0,80.0,,19.0,0.2125,12175.15,117981628.5,968.0
19359,1001.0,21.0,1.0,100.0,80.0,,20.0,0.075,12175.225,117993803.725,968.0
19360,1001.0,21.0,1.0,100.0,80.0,,1.0,1.1625,12176.3875,118005980.1125,969.0
19361,1001.0,21.0,1.0,100.0,80.0,,2.0,0.1625,12176.55,118018156.6625,969.0
19362,1001.0,21.0,1.0,100.0,80.0,,3.0,0.25,12176.8,118030333.4625,969.0
19363,1001.0,21.0,1.0,100.0,80.0,,4.0,0.225,12177.025,118042510.4875,969.0
19364,1001.0,21.0,1.0,100.0,80.0,,5.0,0.8625,12177.8875,118054688.375,969.0
19365,1001.0,21.0,1.0,100.0,80.0,,6.0,0.7375,12178.625,118066867.0,969.0
19366,1001.0,21.0,1.0,100.0,80.0,,7.0,0.4125,12179.0375,118079046.0375,969.0
19367,1001.0,21.0,1.0,100.0,80.0,,8.0,0.35,12179.3875,118091225.425,969.0
19368,1001.0,21.0,1.0,100.0,80.0,,9.0,0.025,12179.4125,118103404.8375,969.0
19369,1001.0,21.0,1.0,100.0,80.0,,10.0,0.2875,12179.7,118115584.5375,969.0
19370,1001.0,21.0,1.0,100.0,80.0,,11.0,1.1875,12180.8875,118127765.425,969.0
19371,1001.0,21.0,1.0,100.0,80.0,,12.0,0.2625,12181.15,118139946.575,969.0
19372,1001.0,21.0,1.0,100.0,80.0,,13.0,0.475,12181.625,118152128.2,969.0
19373,1001.0,21.0,1.0,100.0,80.0,,14.0,0.425,12182.05,118164310.25,969.0
19374,1001.0,21.0,1.0,100.0,80.0,,15.0,0.875,12182.925,118176493.175,969.0
19375,1001.0,21.0,1.0,100.0,80.0,,16.0,0.025,12182.95,118188676.125,969.0
19376,1001.0,21.0,1.0,100.0,80.0,,17.0,0.2625,12183.2125,118200859.3375,969.0
19377,1001.0,21.0,1.0,100.0,80.0,,18.0,1.0,12184.2125,118213043.55,969.0
19378,1001.0,21.0,1.0,100.0,80.0,,19.0,1.05,12185.2625,118225228.8125,969.0
19379,1001.0,21.0,1.0,100.0,80.0,,20.0,0.3875,12185.65,118237414.4625,969.0
19380,1001.0,21.0,1.0,100.0,80.0,,1.0,0.375,12186.025,118249600.4875,970.0
19381,1001.0,21.0,1.0,100.0,80.0,,2.0,1.15,12187.175,118261787.6625,970.0
19382,1001.0,21.0,1.0,100.0,80.0,,3.0,0.525,12187.7,118273975.3625,970.0
19383,1001.0,21.0,1.0,100.0,80.0,,4.0,1.05,12188.75,118286164.1125,970.0
19384,1001.0,21.0,1.0,100.0,80.0,,5.0,1.1125,12189.8625,118298353.975,970.0
19385,1001.0,21.0,1.0,100.0,80.0,,6.0,0.3125,12190.175,118310544.15,970.0
19386,1001.0,21.0,1.0,100.0,80.0,,7.0,1.1125,12191.2875,118322735.4375,970.0
19387,1001.0,21.0,1.0,100.0,80.0,,8.0,0.5375,12191.825,118334927.2625,970.0
19388,1001.0,21.0,1.0,100.0,80.0,,9.0,0.3625,12192.1875,118347119.45,970.0
19389,1001.0,21.0,1.0,100.0,80.0,,10.0,0.6125,12192.8,118359312.25,970.0
19390,1001.0,21.0,1.0,100.0,80.0,,11.0,0.6375,12193.4375,118371505.6875,970.0
19391,1001.0,21.0,1.0,100.0,80.0,,12.0,0.025,12193.4625,118383699.15,970.0
19392,1001.0,21.0,1.0,100.0,80.0,,13.0,0.425,12193.8875,118395893.0375,970.0
19393,1001.0,21.0,1.0,100.0,80.0,,14.0,0.85,12194.7375,118408087.775,970.0
19394,1001.0,21.0,1.0,100.0,80.0,,15.0,1.1375,12195.875,118420283.65,970.0
19395,1001.0,21.0,1.0,100.0,80.0,,16.0,1.2125,12197.0875,118432480.7375,970.0
19396,1001.0,21.0,1.0,100.0,80.0,,17.0,0.925,12198.0125,118444678.75,970.0
19397,1001.0,21.0,1.0,100.0,80.0,,18.0,0.4375,12198.45,118456877.2,970.0
19398,1001.0,21.0,1.0,100.0,80.0,,19.0,0.8875,12199.3375,118469076.5375,970.0
19399,1001.0,21.0,1.0,100.0,80.0,,20.0,1.1375,12200.475,118481277.0125,970.0
19400,1001.0,21.0,1.0,100.0,80.0,,1.0,1.225,12201.7,118493478.7125,971.0
19401,1001.0,21.0,1.0,100.0,80.0,,2.0,0.275,12201.975,118505680.6875,971.0
19402,1001.0,21.0,1.0,100.0,80.0,,3.0,1.05,12203.025,118517883.7125,971.0
19403,1001.0,21.0,1.0,100.0,80.0,,4.0,0.9875,12204.0125,118530087.725,971.0
19404,1001.0,21.0,1.0,100.0,80.0,,5.0,0.4375,12204.45,118542292.175,971.0
19405,1001.0,21.0,1.0,100.0,80.0,,6.0,0.2375,12204.6875,118554496.8625,971.0
19406,1001.0,21.0,1.0,100.0,80.0,,7.0,1.1375,12205.825,118566702.6875,971.0
19407,1001.0,21.0,1.0,100.0,80.0,,8.0,0.3375,12206.1625,118578908.85,971.0
19408,1001.0,21.0,1.0,100.0,80.0,,9.0,1.0125,12207.175,118591116.025,971.0
19409,1001.0,21.0,1.0,100.0,80.0,,10.0,0.75,12207.925,118603323.95,971.0
19410,1001.0,21.0,1.0,100.0,80.0,,11.0,1.1625,12209.0875,118615533.0375,971.0
19411,1001.0,21.0,1.0,100.0,80.0,,12.0,0.85,12209.9375,118627742.975,971.0
19412,1001.0,21.0,1.0,100.0,80.0,,13.0,0.2625,12210.2,118639953.175,971.0
19413,1001.0,21.0,1.0,100.0,80.0,,14.0,0.775,12210.975,118652164.15,971.0
19414,1001.0,21.0,1.0,100.0,80.0,,15.0,0.0875,12211.0625,118664375.2125,971.0
19415,1001.0,21.0,1.0,100.0,80.0,,16.0,1.2,12212.2625,118676587.475,971.0
19416,1001.0,21.0,1.0,100.0,80.0,,17.0,1.0875,12213.35,118688800.825,971.0
19417,1001.0,21.0,1.0,100.0,80.0,,18.0,0.7125,12214.0625,118701014.8875,971.0
19418,1001.0,21.0,1.0,100.0,80.0,,19.0,0.1125,12214.175,118713229.0625,971.0
19419,1001.0,21.0,1.0,100.0,80.0,,20.0,0.25,12214.425,118725443.4875,971.0
19420,1001.0,21.0,1.0,100.0,80.0,,1.0,0.4375,12214.8625,118737658.35,972.0
19421,1001.0,21.0,1.0,100.0,80.0,,2.0,0.325,12215.1875,118749873.5375,972.0
19422,1001.0,21.0,1.0,100.0,80.0,,3.0,0.1375,12215.325,118762088.8625,972.0
19423,1001.0,21.0,1.0,100.0,80.0,,4.0,1.1,12216.425,118774305.2875,972.0
19424,1001.0,21.0,1.0,100.0,80.0,,5.0,1.175,12217.6,118786522.8875,972.0
19425,1001.0,21.0,1.0,100.0,80.0,,6.0,0.8,12218.4,118798741.2875,972.0
19426,1001.0,21.0,1.0,100.0,80.0,,7.0,0.525,12218.925,118810960.2125,972.0
19427,1001.0,21.0,1.0,100.0,80.0,,8.0,0.7625,12219.6875,118823179.9,972.0
19428,1001.0,21.0,1.0,100.0,80.0,,9.0,1.075,12220.7625,118835400.6625,972.0
19429,1001.0,21.0,1.0,100.0,80.0,,10.0,0.4,12221.1625,118847621.825,972.0
19430,1001.0,21.0,1.0,100.0,80.0,,11.0,1.2,12222.3625,118859844.1875,972.0
19431,1001.0,21.0,1.0,100.0,80.0,,12.0,0.2625,12222.625,118872066.8125,972.0
19432,1001.0,21.0,1.0,100.0,80.0,,13.0,0.45,12223.075,118884289.8875,972.0
19433,1001.0,21.0,1.0,100.0,80.0,,14.0,0.7125,12223.7875,118896513.675,972.0
19434,1001.0,21.0,1.0,100.0,80.0,,15.0,0.425,12224.2125,118908737.8875,972.0
19435,1001.0,21.0,1.0,100.0,80.0,,16.0,0.7,12224.9125,118920962.8,972.0
19436,1001.0,21.0,1.0,100.0,80.0,,17.0,0.5,12225.4125,118933188.2125,972.0
19437,1001.0,21.0,1.0,100.0,80.0,,18.0,1.1,12226.5125,118945414.725,972.0
19438,1001.0,21.0,1.0,100.0,80.0,,19.0,0.05,12226.5625,118957641.2875,972.0
19439,1001.0,21.0,1.0,100.0,80.0,,20.0,0.3,12226.8625,118969868.15,972.0
19440,1001.0,21.0,1.0,100.0,80.0,,1.0,1.1875,12228.05,118982096.2,973.0
19441,1001.0,21.0,1.0,100.0,80.0,,2.0,0.2625,12228.3125,118994324.5125,973.0
19442,1001.0,21.0,1.0,100.0,80.0,,3.0,0.975,12229.2875,119006553.8,973.0
19443,1001.0,21.0,1.0,100.0,80.0,,4.0,0.2,12229.4875,119018783.2875,973.0
19444,1001.0,21.0,1.0,100.0,80.0,,5.0,0.975,12230.4625,119031013.75,973.0
19445,1001.0,21.0,1.0,100.0,80.0,,6.0,1.0875,12231.55,119043245.3,973.0
19446,1001.0,21.0,1.0,100.0,80.0,,7.0,0.3,12231.85,119055477.15,973.0
19447,1001.0,21.0,1.0,100.0,80.0,,8.0,0.6625,12232.5125,119067709.6625,973.0
19448,1001.0,21.0,1.0,100.0,80.0,,9.0,0.325,12232.8375,119079942.5,973.0
19449,1001.0,21.0,1.0,100.0,80.0,,10.0,0.525,12233.3625,119092175.8625,973.0
19450,1001.0,21.0,1.0,100.0,80.0,,11.0,1.225,12234.5875,119104410.45,973.0
19451,1001.0,21.0,1.0,100.0,80.0,,12.0,0.4625,12235.05,119116645.5,973.0
19452,1001.0,21.0,1.0,100.0,80.0,,13.0,0.825,12235.875,119128881.375,973.0
19453,1001.0,21.0,1.0,100.0,80.0,,14.0,0.3625,12236.2375,119141117.6125,973.0
19454,1001.0,21.0,1.0,100.0,80.0,,15.0,0.7625,12237.0,119153354.6125,973.0
19455,1001.0,21.0,1.0,100.0,80.0,,16.0,1.025,12238.025,119165592.6375,973.0
19456,1001.0,21.0,1.0,100.0,80.0,,17.0,0.1125,12238.1375,119177830.775,973.0
19457,1001.0,21.0,1.0,100.0,80.0,,18.0,0.9875,12239.125,119190069.9,973.0
19458,1001.0,21.0,1.0,100.0,80.0,,19.0,0.4625,12239.5875,119202309.4875,973.0
19459,1001.0,21.0,1.0,100.0,80.0,,20.0,0.6125,12240.2,119214549.6875,973.0
19460,1001.0,21.0,1.0,100.0,80.0,,1.0,0.125,12240.325,119226790.0125,974.0
19461,1001.0,21.0,1.0,100.0,80.0,,2.0,1.0375,12241.3625,119239031.375,974.0
19462,1001.0,21.0,1.0,100.0,80.0,,3.0,1.1375,12242.5,119251273.875,974.0
19463,1001.0,21.0,1.0,100.0,80.0,,4.0,1.0625,12243.5625,119263517.4375,974.0
19464,1001.0,21.0,1.0,100.0,80.0,,5.0,0.1875,12243.75,119275761.1875,974.0
19465,1001.0,21.0,1.0,100.0,80.0,,6.0,0.3125,12244.0625,119288005.25,974.0
19466,1001.0,21.0,1.0,100.0,80.0,,7.0,0.6625,12244.725,119300249.975,974.0
19467,1001.0,21.0,1.0,100.0,80.0,,8.0,1.2,12245.925,119312495.9,974.0
19468,1001.0,21.0,1.0,100.0,80.0,,9.0,0.7125,12246.6375,119324742.5375,974.0
19469,1001.0,21.0,1.0,100.0,80.0,,10.0,0.675,12247.3125,119336989.85,974.0
19470,1001.0,21.0,1.0,100.0,80.0,,11.0,0.1125,12247.425,119349237.275,974.0
19471,1001.0,21.0,1.0,100.0,80.0,,12.0,0.275,12247.7,119361484.975,974.0
19472,1001.0,21.0,1.0,100.0,80.0,,13.0,1.15,12248.85,119373733.825,974.0
19473,1001.0,21.0,1.0,100.0,80.0,,14.0,1.2125,12250.0625,119385983.8875,974.0
19474,1001.0,21.0,1.0,100.0,80.0,,15.0,0.8,12250.8625,119398234.75,974.0
19475,1001.0,21.0,1.0,100.0,80.0,,16.0,1.025,12251.8875,119410486.6375,974.0
19476,1001.0,21.0,1.0,100.0,80.0,,17.0,1.225,12253.1125,119422739.75,974.0
19477,1001.0,21.0,1.0,100.0,80.0,,18.0,0.4625,12253.575,119434993.325,974.0
19478,1001.0,21.0,1.0,100.0,80.0,,19.0,0.075,12253.65,119447246.975,974.0
19479,1001.0,21.0,1.0,100.0,80.0,,20.0,1.0875,12254.7375,119459501.7125,974.0
19480,1001.0,21.0,1.0,100.0,80.0,,1.0,1.125,12255.8625,119471757.575,975.0
19481,1001.0,21.0,1.0,100.0,80.0,,2.0,0.4125,12256.275,119484013.85,975.0
19482,1001.0,21.0,1.0,100.0,80.0,,3.0,0.35,12256.625,119496270.475,975.0
19483,1001.0,21.0,1.0,100.0,80.0,,4.0,0.2625,12256.8875,119508527.3625,975.0
19484,1001.0,21.0,1.0,100.0,80.0,,5.0,0.3125,12257.2,119520784.5625,975.0
19485,1001.0,21.0,1.0,100.0,80.0,,6.0,0.1625,12257.3625,119533041.925,975.0
19486,1001.0,21.0,1.0,100.0,80.0,,7.0,0.7625,12258.125,119545300.05,975.0
19487,1001.0,21.0,1.0,100.0,80.0,,8.0,1.15,12259.275,119557559.325,975.0
19488,1001.0,21.0,1.0,100.0,80.0,,9.0,0.375,12259.65,119569818.975,975.0
19489,1001.0,21.0,1.0,100.0,80.0,,10.0,0.9375,12260.5875,119582079.5625,975.0
19490,1001.0,21.0,1.0,100.0,80.0,,11.0,0.6875,12261.275,119594340.8375,975.0
19491,1001.0,21.0,1.0,100.0,80.0,,12.0,0.475,12261.75,119606602.5875,975.0
19492,1001.0,21.0,1.0,100.0,80.0,,13.0,0.3375,12262.0875,119618864.675,975.0
19493,1001.0,21.0,1.0,100.0,80.0,,14.0,0.0875,12262.175,119631126.85,975.0
19494,1001.0,21.0,1.0,100.0,80.0,,15.0,0.525,12262.7,119643389.55,975.0
19495,1001.0,21.0,1.0,100.0,80.0,,16.0,0.2,12262.9,119655652.45,975.0
19496,1001.0,21.0,1.0,100.0,80.0,,17.0,0.75,12263.65,119667916.1,975.0
19497,1001.0,21.0,1.0,100.0,80.0,,18.0,0.65,12264.3,119680180.4,975.0
19498,1001.0,21.0,1.0,100.0,80.0,,19.0,0.325,12264.625,119692445.025,975.0
19499,1001.0,21.0,1.0,100.0,80.0,,20.0,0.55,12265.175,119704710.2,975.0
19500,1001.0,21.0,1.0,100.0,80.0,,1.0,0.4,12265.575,119716975.775,976.0
19501,1001.0,21.0,1.0,100.0,80.0,,2.0,0.1625,12265.7375,119729241.5125,976.0
19502,1001.0,21.0,1.0,100.0,80.0,,3.0,0.6625,12266.4,119741507.9125,976.0
19503,1001.0,21.0,1.0,100.0,80.0,,4.0,0.1375,12266.5375,119753774.45,976.0
19504,1001.0,21.0,1.0,100.0,80.0,,5.0,0.8375,12267.375,119766041.825,976.0
19505,1001.0,21.0,1.0,100.0,80.0,,6.0,0.25,12267.625,119778309.45,976.0
19506,1001.0,21.0,1.0,100.0,80.0,,7.0,0.725,12268.35,119790577.8,976.0
19507,1001.0,21.0,1.0,100.0,80.0,,8.0,0.775,12269.125,119802846.925,976.0
19508,1001.0,21.0,1.0,100.0,80.0,,9.0,0.9125,12270.0375,119815116.9625,976.0
19509,1001.0,21.0,1.0,100.0,80.0,,10.0,1.2,12271.2375,119827388.2,976.0
19510,1001.0,21.0,1.0,100.0,80.0,,11.0,0.525,12271.7625,119839659.9625,976.0
19511,1001.0,21.0,1.0,100.0,80.0,,12.0,0.4625,12272.225,119851932.1875,976.0
19512,1001.0,21.0,1.0,100.0,80.0,,13.0,0.45,12272.675,119864204.8625,976.0
19513,1001.0,21.0,1.0,100.0,80.0,,14.0,0.925,12273.6,119876478.4625,976.0
19514,1001.0,21.0,1.0,100.0,80.0,,15.0,0.4,12274.0,119888752.4625,976.0
19515,1001.0,21.0,1.0,100.0,80.0,,16.0,0.0625,12274.0625,119901026.525,976.0
19516,1001.0,21.0,1.0,100.0,80.0,,17.0,1.0,12275.0625,119913301.5875,976.0
19517,1001.0,21.0,1.0,100.0,80.0,,18.0,0.8625,12275.925,119925577.5125,976.0
19518,1001.0,21.0,1.0,100.0,80.0,,19.0,0.0375,12275.9625,119937853.475,976.0
19519,1001.0,21.0,1.0,100.0,80.0,,20.0,0.4,12276.3625,119950129.8375,976.0
19520,1001.0,21.0,1.0,100.0,80.0,,1.0,0.35,12276.7125,119962406.55,977.0
19521,1001.0,21.0,1.0,100.0,80.0,,2.0,0.675,12277.3875,119974683.9375,977.0
19522,1001.0,21.0,1.0,100.0,80.0,,3.0,0.2125,12277.6,119986961.5375,977.0
19523,1001.0,21.0,1.0,100.0,80.0,,4.0,0.825,12278.425,119999239.9625,977.0
19524,1001.0,21.0,1.0,100.0,80.0,,5.0,0.925,12279.35,120011519.3125,977.0
19525,1001.0,21.0,1.0,100.0,80.0,,6.0,0.4875,12279.8375,120023799.15,977.0
19526,1001.0,21.0,1.0,100.0,80.0,,7.0,0.825,12280.6625,120036079.8125,977.0
19527,1001.0,21.0,1.0,100.0,80.0,,8.0,0.2375,12280.9,120048360.7125,977.0
19528,1001.0,21.0,1.0,100.0,80.0,,9.0,0.05,12280.95,120060641.6625,977.0
19529,1001.0,21.0,1.0,100.0,80.0,,10.0,0.375,12281.325,120072922.9875,977.0
19530,1001.0,21.0,1.0,100.0,80.0,,11.0,0.6375,12281.9625,120085204.95,977.0
19531,1001.0,21.0,1.0,100.0,80.0,,12.0,0.4,12282.3625,120097487.3125,977.0
19532,1001.0,21.0,1.0,100.0,80.0,,13.0,1.1,12283.4625,120109770.775,977.0
19533,1001.0,21.0,1.0,100.0,80.0,,14.0,0.525,12283.9875,120122054.7625,977.0
19534,1001.0,21.0,1.0,100.0,80.0,,15.0,0.05,12284.0375,120134338.8,977.0
19535,1001.0,21.0,1.0,100.0,80.0,,16.0,0.2375,12284.275,120146623.075,977.0
19536,1001.0,21.0,1.0,100.0,80.0,,17.0,0.7625,12285.0375,120158908.1125,977.0
19537,1001.0,21.0,1.0,100.0,80.0,,18.0,0.65,12285.6875,120171193.8,977.0
19538,1001.0,21.0,1.0,100.0,80.0,,19.0,0.0375,12285.725,120183479.525,977.0
19539,1001.0,21.0,1.0,100.0,80.0,,20.0,1.05,12286.775,120195766.3,977.0
19540,1001.0,21.0,1.0,100.0,80.0,,1.0,0.15,12286.925,120208053.225,978.0
19541,1001.0,21.0,1.0,100.0,80.0,,2.0,0.3125,12287.2375,120220340.4625,978.0
19542,1001.0,21.0,1.0,100.0,80.0,,3.0,0.95,12288.1875,120232628.65,978.0
19543,1001.0,21.0,1.0,100.0,80.0,,4.0,0.625,12288.8125,120244917.4625,978.0
19544,1001.0,21.0,1.0,100.0,80.0,,5.0,0.5375,12289.35,120257206.8125,978.0
19545,1001.0,21.0,1.0,100.0,80.0,,6.0,0.4,12289.75,120269496.5625,978.0
19546,1001.0,21.0,1.0,100.0,80.0,,7.0,0.85,12290.6,120281787.1625,978.0
19547,1001.0,21.0,1.0,100.0,80.0,,8.0,1.225,12291.825,120294078.9875,978.0
19548,1001.0,21.0,1.0,100.0,80.0,,9.0,0.7625,12292.5875,120306371.575,978.0
19549,1001.0,21.0,1.0,100.0,80.0,,10.0,0.3,12292.8875,120318664.4625,978.0
19550,1001.0,21.0,1.0,100.0,80.0,,11.0,0.7125,12293.6,120330958.0625,978.0
19551,1001.0,21.0,1.0,100.0,80.0,,12.0,0.7875,12294.3875,120343252.45,978.0
19552,1001.0,21.0,1.0,100.0,80.0,,13.0,1.2,12295.5875,120355548.0375,978.0
19553,1001.0,21.0,1.0,100.0,80.0,,14.0,0.5125,12296.1,120367844.1375,978.0
19554,1001.0,21.0,1.0,100.0,80.0,,15.0,1.0875,12297.1875,120380141.325,978.0
19555,1001.0,21.0,1.0,100.0,80.0,,16.0,0.725,12297.9125,120392439.2375,978.0
19556,1001.0,21.0,1.0,100.0,80.0,,17.0,0.375,12298.2875,120404737.525,978.0
19557,1001.0,21.0,1.0,100.0,80.0,,18.0,0.9375,12299.225,120417036.75,978.0
19558,1001.0,21.0,1.0,100.0,80.0,,19.0,0.225,12299.45,120429336.2,978.0
19559,1001.0,21.0,1.0,100.0,80.0,,20.0,0.925,12300.375,120441636.575,978.0
19560,1001.0,21.0,1.0,100.0,80.0,,1.0,1.0625,12301.4375,120453938.0125,979.0
19561,1001.0,21.0,1.0,100.0,80.0,,2.0,0.475,12301.9125,120466239.925,979.0
19562,1001.0,21.0,1.0,100.0,80.0,,3.0,1.125,12303.0375,120478542.9625,979.0
19563,1001.0,21.0,1.0,100.0,80.0,,4.0,0.2875,12303.325,120490846.2875,979.0
19564,1001.0,21.0,1.0,100.0,80.0,,5.0,0.3875,12303.7125,120503150.0,979.0
19565,1001.0,21.0,1.0,100.0,80.0,,6.0,0.9375,12304.65,120515454.65,979.0
19566,1001.0,21.0,1.0,100.0,80.0,,7.0,1.0875,12305.7375,120527760.3875,979.0
19567,1001.0,21.0,1.0,100.0,80.0,,8.0,0.3375,12306.075,120540066.4625,979.0
19568,1001.0,21.0,1.0,100.0,80.0,,9.0,1.075,12307.15,120552373.6125,979.0
19569,1001.0,21.0,1.0,100.0,80.0,,10.0,0.275,12307.425,120564681.0375,979.0
19570,1001.0,21.0,1.0,100.0,80.0,,11.0,0.4375,12307.8625,120576988.9,979.0
19571,1001.0,21.0,1.0,100.0,80.0,,12.0,1.2375,12309.1,120589298.0,979.0
19572,1001.0,21.0,1.0,100.0,80.0,,13.0,0.35,12309.45,120601607.45,979.0
19573,1001.0,21.0,1.0,100.0,80.0,,14.0,0.2125,12309.6625,120613917.1125,979.0
19574,1001.0,21.0,1.0,100.0,80.0,,15.0,0.5,12310.1625,120626227.275,979.0
19575,1001.0,21.0,1.0,100.0,80.0,,16.0,0.6,12310.7625,120638538.0375,979.0
19576,1001.0,21.0,1.0,100.0,80.0,,17.0,0.3,12311.0625,120650849.1,979.0
19577,1001.0,21.0,1.0,100.0,80.0,,18.0,0.0625,12311.125,120663160.225,979.0
19578,1001.0,21.0,1.0,100.0,80.0,,19.0,0.5,12311.625,120675471.85,979.0
19579,1001.0,21.0,1.0,100.0,80.0,,20.0,1.1625,12312.7875,120687784.6375,979.0
19580,1001.0,21.0,1.0,100.0,80.0,,1.0,0.4125,12313.2,120700097.8375,980.0
19581,1001.0,21.0,1.0,100.0,80.0,,2.0,0.3875,12313.5875,120712411.425,980.0
19582,1001.0,21.0,1.0,100.0,80.0,,3.0,0.2375,12313.825,120724725.25,980.0
19583,1001.0,21.0,1.0,100.0,80.0,,4.0,0.9375,12314.7625,120737040.0125,980.0
19584,1001.0,21.0,1.0,100.0,80.0,,5.0,0.2,12314.9625,120749354.975,980.0
19585,1001.0,21.0,1.0,100.0,80.0,,6.0,0.425,12315.3875,120761670.3625,980.0
19586,1001.0,21.0,1.0,100.0,80.0,,7.0,0.4875,12315.875,120773986.2375,980.0
19587,1001.0,21.0,1.0,100.0,80.0,,8.0,1.2125,12317.0875,120786303.325,980.0
19588,1001.0,21.0,1.0,100.0,80.0,,9.0,0.7,12317.7875,120798621.1125,980.0
19589,1001.0,21.0,1.0,100.0,80.0,,10.0,0.95,12318.7375,120810939.85,980.0
19590,1001.0,21.0,1.0,100.0,80.0,,11.0,0.825,12319.5625,120823259.4125,980.0
19591,1001.0,21.0,1.0,100.0,80.0,,12.0,1.225,12320.7875,120835580.2,980.0
19592,1001.0,21.0,1.0,100.0,80.0,,13.0,0.2625,12321.05,120847901.25,980.0
19593,1001.0,21.0,1.0,100.0,80.0,,14.0,0.625,12321.675,120860222.925,980.0
19594,1001.0,21.0,1.0,100.0,80.0,,15.0,0.75,12322.425,120872545.35,980.0
19595,1001.0,21.0,1.0,100.0,80.0,,16.0,1.1,12323.525,120884868.875,980.0
19596,1001.0,21.0,1.0,100.0,80.0,,17.0,0.475,12324.0,120897192.875,980.0
19597,1001.0,21.0,1.0,100.0,80.0,,18.0,0.2375,12324.2375,120909517.1125,980.0
19598,1001.0,21.0,1.0,100.0,80.0,,19.0,1.2125,12325.45,120921842.5625,980.0
19599,1001.0,21.0,1.0,100.0,80.0,,20.0,0.825,12326.275,120934168.8375,980.0
19600,1001.0,21.0,1.0,100.0,80.0,,1.0,0.4375,12326.7125,120946495.55,981.0
19601,1001.0,21.0,1.0,100.0,80.0,,2.0,0.275,12326.9875,120958822.5375,981.0
19602,1001.0,21.0,1.0,100.0,80.0,,3.0,0.8625,12327.85,120971150.3875,981.0
19603,1001.0,21.0,1.0,100.0,80.0,,4.0,0.3,12328.15,120983478.5375,981.0
19604,1001.0,21.0,1.0,100.0,80.0,,5.0,0.2,12328.35,120995806.8875,981.0
19605,1001.0,21.0,1.0,100.0,80.0,,6.0,0.7875,12329.1375,121008136.025,981.0
19606,1001.0,21.0,1.0,100.0,80.0,,7.0,0.9875,12330.125,121020466.15,981.0
19607,1001.0,21.0,1.0,100.0,80.0,,8.0,1.1625,12331.2875,121032797.4375,981.0
19608,1001.0,21.0,1.0,100.0,80.0,,9.0,0.925,12332.2125,121045129.65,981.0
19609,1001.0,21.0,1.0,100.0,80.0,,10.0,0.3375,12332.55,121057462.2,981.0
19610,1001.0,21.0,1.0,100.0,80.0,,11.0,0.4125,12332.9625,121069795.1625,981.0
19611,1001.0,21.0,1.0,100.0,80.0,,12.0,0.9875,12333.95,121082129.1125,981.0
19612,1001.0,21.0,1.0,100.0,80.0,,13.0,0.9,12334.85,121094463.9625,981.0
19613,1001.0,21.0,1.0,100.0,80.0,,14.0,0.275,12335.125,121106799.0875,981.0
19614,1001.0,21.0,1.0,100.0,80.0,,15.0,1.075,12336.2,121119135.2875,981.0
19615,1001.0,21.0,1.0,100.0,80.0,,16.0,0.55,12336.75,121131472.0375,981.0
19616,1001.0,21.0,1.0,100.0,80.0,,17.0,0.425,12337.175,121143809.2125,981.0
19617,1001.0,21.0,1.0,100.0,80.0,,18.0,0.2,12337.375,121156146.5875,981.0
19618,1001.0,21.0,1.0,100.0,80.0,,19.0,0.7375,12338.1125,121168484.7,981.0
19619,1001.0,21.0,1.0,100.0,80.0,,20.0,1.0375,12339.15,121180823.85,981.0
19620,1001.0,21.0,1.0,100.0,80.0,,1.0,0.3375,12339.4875,121193163.3375,982.0
19621,1001.0,21.0,1.0,100.0,80.0,,2.0,1.125,12340.6125,121205503.95,982.0
19622,1001.0,21.0,1.0,100.0,80.0,,3.0,1.175,12341.7875,121217845.7375,982.0
19623,1001.0,21.0,1.0,100.0,80.0,,4.0,0.975,12342.7625,121230188.5,982.0
19624,1001.0,21.0,1.0,100.0,80.0,,5.0,0.0375,12342.8,121242531.3,982.0
19625,1001.0,21.0,1.0,100.0,80.0,,6.0,0.6,12343.4,121254874.7,982.0
19626,1001.0,21.0,1.0,100.0,80.0,,7.0,0.4625,12343.8625,121267218.5625,982.0
19627,1001.0,21.0,1.0,100.0,80.0,,8.0,0.2,12344.0625,121279562.625,982.0
19628,1001.0,21.0,1.0,100.0,80.0,,9.0,0.2125,12344.275,121291906.9,982.0
19629,1001.0,21.0,1.0,100.0,80.0,,10.0,0.7,12344.975,121304251.875,982.0
19630,1001.0,21.0,1.0,100.0,80.0,,11.0,0.025,12345.0,121316596.875,982.0
19631,1001.0,21.0,1.0,100.0,80.0,,12.0,0.9625,12345.9625,121328942.8375,982.0
19632,1001.0,21.0,1.0,100.0,80.0,,13.0,0.5875,12346.55,121341289.3875,982.0
19633,1001.0,21.0,1.0,100.0,80.0,,14.0,1.1,12347.65,121353637.0375,982.0
19634,1001.0,21.0,1.0,100.0,80.0,,15.0,0.0875,12347.7375,121365984.775,982.0
19635,1001.0,21.0,1.0,100.0,80.0,,16.0,1.025,12348.7625,121378333.5375,982.0
19636,1001.0,21.0,1.0,100.0,80.0,,17.0,0.4,12349.1625,121390682.7,982.0
19637,1001.0,21.0,1.0,100.0,80.0,,18.0,0.2875,12349.45,121403032.15,982.0
19638,1001.0,21.0,1.0,100.0,80.0,,19.0,0.675,12350.125,121415382.275,982.0
19639,1001.0,21.0,1.0,100.0,80.0,,20.0,0.3125,12350.4375,121427732.7125,982.0
19640,1001.0,21.0,1.0,100.0,80.0,,1.0,0.9125,12351.35,121440084.0625,983.0
19641,1001.0,21.0,1.0,100.0,80.0,,2.0,0.9875,12352.3375,121452436.4,983.0
19642,1001.0,21.0,1.0,100.0,80.0,,3.0,0.45,12352.7875,121464789.1875,983.0
19643,1001.0,21.0,1.0,100.0,80.0,,4.0,0.4875,12353.275,121477142.4625,983.0
19644,1001.0,21.0,1.0,100.0,80.0,,5.0,0.3875,12353.6625,121489496.125,983.0
19645,1001.0,21.0,1.0,100.0,80.0,,6.0,0.6,12354.2625,121501850.3875,983.0
19646,1001.0,21.0,1.0,100.0,80.0,,7.0,0.3625,12354.625,121514205.0125,983.0
19647,1001.0,21.0,1.0,100.0,80.0,,8.0,0.0125,12354.6375,121526559.65,983.0
19648,1001.0,21.0,1.0,100.0,80.0,,9.0,0.8875,12355.525,121538915.175,983.0
19649,1001.0,21.0,1.0,100.0,80.0,,10.0,0.975,12356.5,121551271.675,983.0
19650,1001.0,21.0,1.0,100.0,80.0,,11.0,1.025,12357.525,121563629.2,983.0
19651,1001.0,21.0,1.0,100.0,80.0,,12.0,0.225,12357.75,121575986.95,983.0
19652,1001.0,21.0,1.0,100.0,80.0,,13.0,0.3375,12358.0875,121588345.0375,983.0
19653,1001.0,21.0,1.0,100.0,80.0,,14.0,0.1375,12358.225,121600703.2625,983.0
19654,1001.0,21.0,1.0,100.0,80.0,,15.0,0.45,12358.675,121613061.9375,983.0
19655,1001.0,21.0,1.0,100.0,80.0,,16.0,1.15,12359.825,121625421.7625,983.0
19656,1001.0,21.0,1.0,100.0,80.0,,17.0,1.2125,12361.0375,121637782.8,983.0
19657,1001.0,21.0,1.0,100.0,80.0,,18.0,0.425,12361.4625,121650144.2625,983.0
19658,1001.0,21.0,1.0,100.0,80.0,,19.0,0.175,12361.6375,121662505.9,983.0
19659,1001.0,21.0,1.0,100.0,80.0,,20.0,0.225,12361.8625,121674867.7625,983.0
19660,1001.0,21.0,1.0,100.0,80.0,,1.0,0.625,12362.4875,121687230.25,984.0
19661,1001.0,21.0,1.0,100.0,80.0,,2.0,0.15,12362.6375,121699592.8875,984.0
19662,1001.0,21.0,1.0,100.0,80.0,,3.0,0.3625,12363.0,121711955.8875,984.0
19663,1001.0,21.0,1.0,100.0,80.0,,4.0,1.025,12364.025,121724319.9125,984.0
19664,1001.0,21.0,1.0,100.0,80.0,,5.0,1.1125,12365.1375,121736685.05,984.0
19665,1001.0,21.0,1.0,100.0,80.0,,6.0,0.325,12365.4625,121749050.5125,984.0
19666,1001.0,21.0,1.0,100.0,80.0,,7.0,0.075,12365.5375,121761416.05,984.0
19667,1001.0,21.0,1.0,100.0,80.0,,8.0,0.65,12366.1875,121773782.2375,984.0
19668,1001.0,21.0,1.0,100.0,80.0,,9.0,1.1,12367.2875,121786149.525,984.0
19669,1001.0,21.0,1.0,100.0,80.0,,10.0,0.425,12367.7125,121798517.2375,984.0
19670,1001.0,21.0,1.0,100.0,80.0,,11.0,0.6,12368.3125,121810885.55,984.0
19671,1001.0,21.0,1.0,100.0,80.0,,12.0,0.475,12368.7875,121823254.3375,984.0
19672,1001.0,21.0,1.0,100.0,80.0,,13.0,0.175,12368.9625,121835623.3,984.0
19673,1001.0,21.0,1.0,100.0,80.0,,14.0,1.225,12370.1875,121847993.4875,984.0
19674,1001.0,21.0,1.0,100.0,80.0,,15.0,1.2,12371.3875,121860364.875,984.0
19675,1001.0,21.0,1.0,100.0,80.0,,16.0,0.4625,12371.85,121872736.725,984.0
19676,1001.0,21.0,1.0,100.0,80.0,,17.0,1.1125,12372.9625,121885109.6875,984.0
19677,1001.0,21.0,1.0,100.0,80.0,,18.0,1.0875,12374.05,121897483.7375,984.0
19678,1001.0,21.0,1.0,100.0,80.0,,19.0,1.075,12375.125,121909858.8625,984.0
19679,1001.0,21.0,1.0,100.0,80.0,,20.0,0.3125,12375.4375,121922234.3,984.0
19680,1001.0,21.0,1.0,100.0,80.0,,1.0,0.9,12376.3375,121934610.6375,985.0
19681,1001.0,21.0,1.0,100.0,80.0,,2.0,0.8125,12377.15,121946987.7875,985.0
19682,1001.0,21.0,1.0,100.0,80.0,,3.0,1.0625,12378.2125,121959366.0,985.0
19683,1001.0,21.0,1.0,100.0,80.0,,4.0,0.9,12379.1125,121971745.1125,985.0
19684,1001.0,21.0,1.0,100.0,80.0,,5.0,1.0625,12380.175,121984125.2875,985.0
19685,1001.0,21.0,1.0,100.0,80.0,,6.0,1.175,12381.35,121996506.6375,985.0
19686,1001.0,21.0,1.0,100.0,80.0,,7.0,0.3625,12381.7125,122008888.35,985.0
19687,1001.0,21.0,1.0,100.0,80.0,,8.0,1.2375,12382.95,122021271.3,985.0
19688,1001.0,21.0,1.0,100.0,80.0,,9.0,0.9875,12383.9375,122033655.2375,985.0
19689,1001.0,21.0,1.0,100.0,80.0,,10.0,0.2375,12384.175,122046039.4125,985.0
19690,1001.0,21.0,1.0,100.0,80.0,,11.0,0.7875,12384.9625,122058424.375,985.0
19691,1001.0,21.0,1.0,100.0,80.0,,12.0,0.3375,12385.3,122070809.675,985.0
19692,1001.0,21.0,1.0,100.0,80.0,,13.0,1.2375,12386.5375,122083196.2125,985.0
19693,1001.0,21.0,1.0,100.0,80.0,,14.0,0.05,12386.5875,122095582.8,985.0
19694,1001.0,21.0,1.0,100.0,80.0,,15.0,0.475,12387.0625,122107969.8625,985.0
19695,1001.0,21.0,1.0,100.0,80.0,,16.0,1.0,12388.0625,122120357.925,985.0
19696,1001.0,21.0,1.0,100.0,80.0,,17.0,1.2375,12389.3,122132747.225,985.0
19697,1001.0,21.0,1.0,100.0,80.0,,18.0,0.7375,12390.0375,122145137.2625,985.0
19698,1001.0,21.0,1.0,100.0,80.0,,19.0,0.9125,12390.95,122157528.2125,985.0
19699,1001.0,21.0,1.0,100.0,80.0,,20.0,1.175,12392.125,122169920.3375,985.0
19700,1001.0,21.0,1.0,100.0,80.0,,1.0,0.725,12392.85,122182313.1875,986.0
19701,1001.0,21.0,1.0,100.0,80.0,,2.0,0.7375,12393.5875,122194706.775,986.0
19702,1001.0,21.0,1.0,100.0,80.0,,3.0,0.2625,12393.85,122207100.625,986.0
19703,1001.0,21.0,1.0,100.0,80.0,,4.0,0.3875,12394.2375,122219494.8625,986.0
19704,1001.0,21.0,1.0,100.0,80.0,,5.0,0.1875,12394.425,122231889.2875,986.0
19705,1001.0,21.0,1.0,100.0,80.0,,6.0,1.15,12395.575,122244284.8625,986.0
19706,1001.0,21.0,1.0,100.0,80.0,,7.0,0.7,12396.275,122256681.1375,986.0
19707,1001.0,21.0,1.0,100.0,80.0,,8.0,0.5,12396.775,122269077.9125,986.0
19708,1001.0,21.0,1.0,100.0,80.0,,9.0,1.2,12397.975,122281475.8875,986.0
19709,1001.0,21.0,1.0,100.0,80.0,,10.0,0.5375,12398.5125,122293874.4,986.0
19710,1001.0,21.0,1.0,100.0,80.0,,11.0,0.1625,12398.675,122306273.075,986.0
19711,1001.0,21.0,1.0,100.0,80.0,,12.0,0.3875,12399.0625,122318672.1375,986.0
19712,1001.0,21.0,1.0,100.0,80.0,,13.0,0.7875,12399.85,122331071.9875,986.0
19713,1001.0,21.0,1.0,100.0,80.0,,14.0,0.1125,12399.9625,122343471.95,986.0
19714,1001.0,21.0,1.0,100.0,80.0,,15.0,1.15,12401.1125,122355873.0625,986.0
19715,1001.0,21.0,1.0,100.0,80.0,,16.0,0.15,12401.2625,122368274.325,986.0
19716,1001.0,21.0,1.0,100.0,80.0,,17.0,0.55,12401.8125,122380676.1375,986.0
19717,1001.0,21.0,1.0,100.0,80.0,,18.0,1.2125,12403.025,122393079.1625,986.0
19718,1001.0,21.0,1.0,100.0,80.0,,19.0,1.0,12404.025,122405483.1875,986.0
19719,1001.0,21.0,1.0,100.0,80.0,,20.0,0.9375,12404.9625,122417888.15,986.0
19720,1001.0,21.0,1.0,100.0,80.0,,1.0,0.3875,12405.35,122430293.5,987.0
19721,1001.0,21.0,1.0,100.0,80.0,,2.0,0.9,12406.25,122442699.75,987.0
19722,1001.0,21.0,1.0,100.0,80.0,,3.0,0.5,12406.75,122455106.5,987.0
19723,1001.0,21.0,1.0,100.0,80.0,,4.0,0.1125,12406.8625,122467513.3625,987.0
19724,1001.0,21.0,1.0,100.0,80.0,,5.0,0.8125,12407.675,122479921.0375,987.0
19725,1001.0,21.0,1.0,100.0,80.0,,6.0,0.975,12408.65,122492329.6875,987.0
19726,1001.0,21.0,1.0,100.0,80.0,,7.0,0.9125,12409.5625,122504739.25,987.0
19727,1001.0,21.0,1.0,100.0,80.0,,8.0,1.1125,12410.675,122517149.925,987.0
19728,1001.0,21.0,1.0,100.0,80.0,,9.0,0.375,12411.05,122529560.975,987.0
19729,1001.0,21.0,1.0,100.0,80.0,,10.0,1.2375,12412.2875,122541973.2625,987.0
19730,1001.0,21.0,1.0,100.0,80.0,,11.0,0.375,12412.6625,122554385.925,987.0
19731,1001.0,21.0,1.0,100.0,80.0,,12.0,0.825,12413.4875,122566799.4125,987.0
19732,1001.0,21.0,1.0,100.0,80.0,,13.0,0.95,12414.4375,122579213.85,987.0
19733,1001.0,21.0,1.0,100.0,80.0,,14.0,0.2625,12414.7,122591628.55,987.0
19734,1001.0,21.0,1.0,100.0,80.0,,15.0,0.8875,12415.5875,122604044.1375,987.0
19735,1001.0,21.0,1.0,100.0,80.0,,16.0,0.2375,12415.825,122616459.9625,987.0
19736,1001.0,21.0,1.0,100.0,80.0,,17.0,0.4375,12416.2625,122628876.225,987.0
19737,1001.0,21.0,1.0,100.0,80.0,,18.0,0.9625,12417.225,122641293.45,987.0
19738,1001.0,21.0,1.0,100.0,80.0,,19.0,0.575,12417.8,122653711.25,987.0
19739,1001.0,21.0,1.0,100.0,80.0,,20.0,1.0625,12418.8625,122666130.1125,987.0
19740,1001.0,21.0,1.0,100.0,80.0,,1.0,0.8125,12419.675,122678549.7875,988.0
19741,1001.0,21.0,1.0,100.0,80.0,,2.0,0.25,12419.925,122690969.7125,988.0
19742,1001.0,21.0,1.0,100.0,80.0,,3.0,1.1875,12421.1125,122703390.825,988.0
19743,1001.0,21.0,1.0,100.0,80.0,,4.0,0.8625,12421.975,122715812.8,988.0
19744,1001.0,21.0,1.0,100.0,80.0,,5.0,0.9625,12422.9375,122728235.7375,988.0
19745,1001.0,21.0,1.0,100.0,80.0,,6.0,0.1875,12423.125,122740658.8625,988.0
19746,1001.0,21.0,1.0,100.0,80.0,,7.0,1.0625,12424.1875,122753083.05,988.0
19747,1001.0,21.0,1.0,100.0,80.0,,8.0,0.55,12424.7375,122765507.7875,988.0
19748,1001.0,21.0,1.0,100.0,80.0,,9.0,0.475,12425.2125,122777933.0,988.0
19749,1001.0,21.0,1.0,100.0,80.0,,10.0,0.1,12425.3125,122790358.3125,988.0
19750,1001.0,21.0,1.0,100.0,80.0,,11.0,0.6,12425.9125,122802784.225,988.0
19751,1001.0,21.0,1.0,100.0,80.0,,12.0,0.5125,12426.425,122815210.65,988.0
19752,1001.0,21.0,1.0,100.0,80.0,,13.0,0.4625,12426.8875,122827637.5375,988.0
19753,1001.0,21.0,1.0,100.0,80.0,,14.0,0.4625,12427.35,122840064.8875,988.0
19754,1001.0,21.0,1.0,100.0,80.0,,15.0,0.1125,12427.4625,122852492.35,988.0
19755,1001.0,21.0,1.0,100.0,80.0,,16.0,0.2125,12427.675,122864920.025,988.0
19756,1001.0,21.0,1.0,100.0,80.0,,17.0,0.2875,12427.9625,122877347.9875,988.0
19757,1001.0,21.0,1.0,100.0,80.0,,18.0,0.425,12428.3875,122889776.375,988.0
19758,1001.0,21.0,1.0,100.0,80.0,,19.0,0.9375,12429.325,122902205.7,988.0
19759,1001.0,21.0,1.0,100.0,80.0,,20.0,0.875,12430.2,122914635.9,988.0
19760,1001.0,21.0,1.0,100.0,80.0,,1.0,0.2,12430.4,122927066.3,989.0
19761,1001.0,21.0,1.0,100.0,80.0,,2.0,0.925,12431.325,122939497.625,989.0
19762,1001.0,21.0,1.0,100.0,80.0,,3.0,0.9625,12432.2875,122951929.9125,989.0
19763,1001.0,21.0,1.0,100.0,80.0,,4.0,1.0625,12433.35,122964363.2625,989.0
19764,1001.0,21.0,1.0,100.0,80.0,,5.0,0.35,12433.7,122976796.9625,989.0
19765,1001.0,21.0,1.0,100.0,80.0,,6.0,0.0375,12433.7375,122989230.7,989.0
19766,1001.0,21.0,1.0,100.0,80.0,,7.0,0.1625,12433.9,123001664.6,989.0
19767,1001.0,21.0,1.0,100.0,80.0,,8.0,1.0125,12434.9125,123014099.5125,989.0
19768,1001.0,21.0,1.0,100.0,80.0,,9.0,0.4125,12435.325,123026534.8375,989.0
19769,1001.0,21.0,1.0,100.0,80.0,,10.0,0.8,12436.125,123038970.9625,989.0
19770,1001.0,21.0,1.0,100.0,80.0,,11.0,1.075,12437.2,123051408.1625,989.0
19771,1001.0,21.0,1.0,100.0,80.0,,12.0,0.2,12437.4,123063845.5625,989.0
19772,1001.0,21.0,1.0,100.0,80.0,,13.0,1.0625,12438.4625,123076284.025,989.0
19773,1001.0,21.0,1.0,100.0,80.0,,14.0,0.8375,12439.3,123088723.325,989.0
19774,1001.0,21.0,1.0,100.0,80.0,,15.0,0.7375,12440.0375,123101163.3625,989.0
19775,1001.0,21.0,1.0,100.0,80.0,,16.0,0.325,12440.3625,123113603.725,989.0
19776,1001.0,21.0,1.0,100.0,80.0,,17.0,0.0125,12440.375,123126044.1,989.0
19777,1001.0,21.0,1.0,100.0,80.0,,18.0,0.9375,12441.3125,123138485.4125,989.0
19778,1001.0,21.0,1.0,100.0,80.0,,19.0,0.825,12442.1375,123150927.55,989.0
19779,1001.0,21.0,1.0,100.0,80.0,,20.0,0.225,12442.3625,123163369.9125,989.0
19780,1001.0,21.0,1.0,100.0,80.0,,1.0,1.15,12443.5125,123175813.425,990.0
19781,1001.0,21.0,1.0,100.0,80.0,,2.0,1.0125,12444.525,123188257.95,990.0
19782,1001.0,21.0,1.0,100.0,80.0,,3.0,0.7875,12445.3125,123200703.2625,990.0
19783,1001.0,21.0,1.0,100.0,80.0,,4.0,0.5,12445.8125,123213149.075,990.0
19784,1001.0,21.0,1.0,100.0,80.0,,5.0,0.4875,12446.3,123225595.375,990.0
19785,1001.0,21.0,1.0,100.0,80.0,,6.0,0.7875,12447.0875,123238042.4625,990.0
19786,1001.0,21.0,1.0,100.0,80.0,,7.0,0.5,12447.5875,123250490.05,990.0
19787,1001.0,21.0,1.0,100.0,80.0,,8.0,0.2375,12447.825,123262937.875,990.0
19788,1001.0,21.0,1.0,100.0,80.0,,9.0,0.975,12448.8,123275386.675,990.0
19789,1001.0,21.0,1.0,100.0,80.0,,10.0,0.3125,12449.1125,123287835.7875,990.0
19790,1001.0,21.0,1.0,100.0,80.0,,11.0,0.225,12449.3375,123300285.125,990.0
19791,1001.0,21.0,1.0,100.0,80.0,,12.0,0.6875,12450.025,123312735.15,990.0
19792,1001.0,21.0,1.0,100.0,80.0,,13.0,0.7375,12450.7625,123325185.9125,990.0
19793,1001.0,21.0,1.0,100.0,80.0,,14.0,0.5375,12451.3,123337637.2125,990.0
19794,1001.0,21.0,1.0,100.0,80.0,,15.0,0.025,12451.325,123350088.5375,990.0
19795,1001.0,21.0,1.0,100.0,80.0,,16.0,0.1875,12451.5125,123362540.05,990.0
19796,1001.0,21.0,1.0,100.0,80.0,,17.0,0.55,12452.0625,123374992.1125,990.0
19797,1001.0,21.0,1.0,100.0,80.0,,18.0,0.825,12452.8875,123387445.0,990.0
19798,1001.0,21.0,1.0,100.0,80.0,,19.0,0.6625,12453.55,123399898.55,990.0
19799,1001.0,21.0,1.0,100.0,80.0,,20.0,0.725,12454.275,123412352.825,990.0
19800,1001.0,21.0,1.0,100.0,80.0,,1.0,0.225,12454.5,123424807.325,991.0
19801,1001.0,21.0,1.0,100.0,80.0,,2.0,1.2,12455.7,123437263.025,991.0
19802,1001.0,21.0,1.0,100.0,80.0,,3.0,1.0375,12456.7375,123449719.7625,991.0
19803,1001.0,21.0,1.0,100.0,80.0,,4.0,1.1,12457.8375,123462177.6,991.0
19804,1001.0,21.0,1.0,100.0,80.0,,5.0,1.0875,12458.925,123474636.525,991.0
19805,1001.0,21.0,1.0,100.0,80.0,,6.0,0.55,12459.475,123487096.0,991.0
19806,1001.0,21.0,1.0,100.0,80.0,,7.0,0.2,12459.675,123499555.675,991.0
19807,1001.0,21.0,1.0,100.0,80.0,,8.0,0.2375,12459.9125,123512015.5875,991.0
19808,1001.0,21.0,1.0,100.0,80.0,,9.0,0.0125,12459.925,123524475.5125,991.0
19809,1001.0,21.0,1.0,100.0,80.0,,10.0,0.05,12459.975,123536935.4875,991.0
19810,1001.0,21.0,1.0,100.0,80.0,,11.0,0.3625,12460.3375,123549395.825,991.0
19811,1001.0,21.0,1.0,100.0,80.0,,12.0,0.6375,12460.975,123561856.8,991.0
19812,1001.0,21.0,1.0,100.0,80.0,,13.0,0.2125,12461.1875,123574317.9875,991.0
19813,1001.0,21.0,1.0,100.0,80.0,,14.0,0.6125,12461.8,123586779.7875,991.0
19814,1001.0,21.0,1.0,100.0,80.0,,15.0,0.3375,12462.1375,123599241.925,991.0
19815,1001.0,21.0,1.0,100.0,80.0,,16.0,0.35,12462.4875,123611704.4125,991.0
19816,1001.0,21.0,1.0,100.0,80.0,,17.0,1.0625,12463.55,123624167.9625,991.0
19817,1001.0,21.0,1.0,100.0,80.0,,18.0,0.1375,12463.6875,123636631.65,991.0
19818,1001.0,21.0,1.0,100.0,80.0,,19.0,0.125,12463.8125,123649095.4625,991.0
19819,1001.0,21.0,1.0,100.0,80.0,,20.0,1.225,12465.0375,123661560.5,991.0
19820,1001.0,21.0,1.0,100.0,80.0,,1.0,1.025,12466.0625,123674026.5625,992.0
19821,1001.0,21.0,1.0,100.0,80.0,,2.0,1.0,12467.0625,123686493.625,992.0
19822,1001.0,21.0,1.0,100.0,80.0,,3.0,1.1875,12468.25,123698961.875,992.0
19823,1001.0,21.0,1.0,100.0,80.0,,4.0,0.4625,12468.7125,123711430.5875,992.0
19824,1001.0,21.0,1.0,100.0,80.0,,5.0,0.7125,12469.425,123723900.0125,992.0
19825,1001.0,21.0,1.0,100.0,80.0,,6.0,0.6625,12470.0875,123736370.1,992.0
19826,1001.0,21.0,1.0,100.0,80.0,,7.0,0.275,12470.3625,123748840.4625,992.0
19827,1001.0,21.0,1.0,100.0,80.0,,8.0,1.1,12471.4625,123761311.925,992.0
19828,1001.0,21.0,1.0,100.0,80.0,,9.0,0.675,12472.1375,123773784.0625,992.0
19829,1001.0,21.0,1.0,100.0,80.0,,10.0,0.7625,12472.9,123786256.9625,992.0
19830,1001.0,21.0,1.0,100.0,80.0,,11.0,1.15,12474.05,123798731.0125,992.0
19831,1001.0,21.0,1.0,100.0,80.0,,12.0,0.25,12474.3,123811205.3125,992.0
19832,1001.0,21.0,1.0,100.0,80.0,,13.0,0.925,12475.225,123823680.5375,992.0
19833,1001.0,21.0,1.0,100.0,80.0,,14.0,0.275,12475.5,123836156.0375,992.0
19834,1001.0,21.0,1.0,100.0,80.0,,15.0,0.3,12475.8,123848631.8375,992.0
19835,1001.0,21.0,1.0,100.0,80.0,,16.0,0.725,12476.525,123861108.3625,992.0
19836,1001.0,21.0,1.0,100.0,80.0,,17.0,0.7625,12477.2875,123873585.65,992.0
19837,1001.0,21.0,1.0,100.0,80.0,,18.0,0.7375,12478.025,123886063.675,992.0
19838,1001.0,21.0,1.0,100.0,80.0,,19.0,0.8625,12478.8875,123898542.5625,992.0
19839,1001.0,21.0,1.0,100.0,80.0,,20.0,0.1875,12479.075,123911021.6375,992.0
19840,1001.0,21.0,1.0,100.0,80.0,,1.0,0.425,12479.5,123923501.1375,993.0
19841,1001.0,21.0,1.0,100.0,80.0,,2.0,0.275,12479.775,123935980.9125,993.0
19842,1001.0,21.0,1.0,100.0,80.0,,3.0,0.9625,12480.7375,123948461.65,993.0
19843,1001.0,21.0,1.0,100.0,80.0,,4.0,1.0375,12481.775,123960943.425,993.0
19844,1001.0,21.0,1.0,100.0,80.0,,5.0,0.3,12482.075,123973425.5,993.0
19845,1001.0,21.0,1.0,100.0,80.0,,6.0,0.4375,12482.5125,123985908.0125,993.0
19846,1001.0,21.0,1.0,100.0,80.0,,7.0,0.05,12482.5625,123998390.575,993.0
19847,1001.0,21.0,1.0,100.0,80.0,,8.0,1.125,12483.6875,124010874.2625,993.0
19848,1001.0,21.0,1.0,100.0,80.0,,9.0,0.9375,12484.625,124023358.8875,993.0
19849,1001.0,21.0,1.0,100.0,80.0,,10.0,0.1125,12484.7375,124035843.625,993.0
19850,1001.0,21.0,1.0,100.0,80.0,,11.0,0.05,12484.7875,124048328.4125,993.0
19851,1001.0,21.0,1.0,100.0,80.0,,12.0,1.2125,12486.0,124060814.4125,993.0
19852,1001.0,21.0,1.0,100.0,80.0,,13.0,1.1375,12487.1375,124073301.55,993.0
19853,1001.0,21.0,1.0,100.0,80.0,,14.0,0.5,12487.6375,124085789.1875,993.0
19854,1001.0,21.0,1.0,100.0,80.0,,15.0,0.2875,12487.925,124098277.1125,993.0
19855,1001.0,21.0,1.0,100.0,80.0,,16.0,0.275,12488.2,124110765.3125,993.0
19856,1001.0,21.0,1.0,100.0,80.0,,17.0,0.45,12488.65,124123253.9625,993.0
19857,1001.0,21.0,1.0,100.0,80.0,,18.0,0.05,12488.7,124135742.6625,993.0
19858,1001.0,21.0,1.0,100.0,80.0,,19.0,0.875,12489.575,124148232.2375,993.0
19859,1001.0,21.0,1.0,100.0,80.0,,20.0,0.3625,12489.9375,124160722.175,993.0
19860,1001.0,21.0,1.0,100.0,80.0,,1.0,0.425,12490.3625,124173212.5375,994.0
19861,1001.0,21.0,1.0,100.0,80.0,,2.0,0.2,12490.5625,124185703.1,994.0
19862,1001.0,21.0,1.0,100.0,80.0,,3.0,1.075,12491.6375,124198194.7375,994.0
19863,1001.0,21.0,1.0,100.0,80.0,,4.0,0.4625,12492.1,124210686.8375,994.0
19864,1001.0,21.0,1.0,100.0,80.0,,5.0,0.025,12492.125,124223178.9625,994.0
19865,1001.0,21.0,1.0,100.0,80.0,,6.0,0.05,12492.175,124235671.1375,994.0
19866,1001.0,21.0,1.0,100.0,80.0,,7.0,0.575,12492.75,124248163.8875,994.0
19867,1001.0,21.0,1.0,100.0,80.0,,8.0,0.5875,12493.3375,124260657.225,994.0
19868,1001.0,21.0,1.0,100.0,80.0,,9.0,1.15,12494.4875,124273151.7125,994.0
19869,1001.0,21.0,1.0,100.0,80.0,,10.0,0.75,12495.2375,124285646.95,994.0
19870,1001.0,21.0,1.0,100.0,80.0,,11.0,0.1875,12495.425,124298142.375,994.0
19871,1001.0,21.0,1.0,100.0,80.0,,12.0,0.7875,12496.2125,124310638.5875,994.0
19872,1001.0,21.0,1.0,100.0,80.0,,13.0,1.1375,12497.35,124323135.9375,994.0
19873,1001.0,21.0,1.0,100.0,80.0,,14.0,0.4875,12497.8375,124335633.775,994.0
19874,1001.0,21.0,1.0,100.0,80.0,,15.0,0.775,12498.6125,124348132.3875,994.0
19875,1001.0,21.0,1.0,100.0,80.0,,16.0,0.5625,12499.175,124360631.5625,994.0
19876,1001.0,21.0,1.0,100.0,80.0,,17.0,0.25,12499.425,124373130.9875,994.0
19877,1001.0,21.0,1.0,100.0,80.0,,18.0,0.8625,12500.2875,124385631.275,994.0
19878,1001.0,21.0,1.0,100.0,80.0,,19.0,0.6625,12500.95,124398132.225,994.0
19879,1001.0,21.0,1.0,100.0,80.0,,20.0,0.6125,12501.5625,124410633.7875,994.0
19880,1001.0,21.0,1.0,100.0,80.0,,1.0,0.15,12501.7125,124423135.5,995.0
19881,1001.0,21.0,1.0,100.0,80.0,,2.0,0.2,12501.9125,124435637.4125,995.0
19882,1001.0,21.0,1.0,100.0,80.0,,3.0,0.225,12502.1375,124448139.55,995.0
19883,1001.0,21.0,1.0,100.0,80.0,,4.0,0.4125,12502.55,124460642.1,995.0
19884,1001.0,21.0,1.0,100.0,80.0,,5.0,0.725,12503.275,124473145.375,995.0
19885,1001.0,21.0,1.0,100.0,80.0,,6.0,1.0875,12504.3625,124485649.7375,995.0
19886,1001.0,21.0,1.0,100.0,80.0,,7.0,0.7,12505.0625,124498154.8,995.0
19887,1001.0,21.0,1.0,100.0,80.0,,8.0,0.425,12505.4875,124510660.2875,995.0
19888,1001.0,21.0,1.0,100.0,80.0,,9.0,0.1625,12505.65,124523165.9375,995.0
19889,1001.0,21.0,1.0,100.0,80.0,,10.0,0.8125,12506.4625,124535672.4,995.0
19890,1001.0,21.0,1.0,100.0,80.0,,11.0,1.1625,12507.625,124548180.025,995.0
19891,1001.0,21.0,1.0,100.0,80.0,,12.0,0.975,12508.6,124560688.625,995.0
19892,1001.0,21.0,1.0,100.0,80.0,,13.0,0.225,12508.825,124573197.45,995.0
19893,1001.0,21.0,1.0,100.0,80.0,,14.0,0.2,12509.025,124585706.475,995.0
19894,1001.0,21.0,1.0,100.0,80.0,,15.0,0.6875,12509.7125,124598216.1875,995.0
19895,1001.0,21.0,1.0,100.0,80.0,,16.0,0.2125,12509.925,124610726.1125,995.0
19896,1001.0,21.0,1.0,100.0,80.0,,17.0,0.9125,12510.8375,124623236.95,995.0
19897,1001.0,21.0,1.0,100.0,80.0,,18.0,0.25,12511.0875,124635748.0375,995.0
19898,1001.0,21.0,1.0,100.0,80.0,,19.0,1.2,12512.2875,124648260.325,995.0
19899,1001.0,21.0,1.0,100.0,80.0,,20.0,0.0375,12512.325,124660772.65,995.0
19900,1001.0,21.0,1.0,100.0,80.0,,1.0,0.2,12512.525,124673285.175,996.0
19901,1001.0,21.0,1.0,100.0,80.0,,2.0,0.7875,12513.3125,124685798.4875,996.0
19902,1001.0,21.0,1.0,100.0,80.0,,3.0,0.85,12514.1625,124698312.65,996.0
19903,1001.0,21.0,1.0,100.0,80.0,,4.0,0.0875,12514.25,124710826.9,996.0
19904,1001.0,21.0,1.0,100.0,80.0,,5.0,0.7375,12514.9875,124723341.8875,996.0
19905,1001.0,21.0,1.0,100.0,80.0,,6.0,1.2375,12516.225,124735858.1125,996.0
19906,1001.0,21.0,1.0,100.0,80.0,,7.0,0.9375,12517.1625,124748375.275,996.0
19907,1001.0,21.0,1.0,100.0,80.0,,8.0,1.075,12518.2375,124760893.5125,996.0
19908,1001.0,21.0,1.0,100.0,80.0,,9.0,0.8125,12519.05,124773412.5625,996.0
19909,1001.0,21.0,1.0,100.0,80.0,,10.0,0.1375,12519.1875,124785931.75,996.0
19910,1001.0,21.0,1.0,100.0,80.0,,11.0,0.7125,12519.9,124798451.65,996.0
19911,1001.0,21.0,1.0,100.0,80.0,,12.0,0.275,12520.175,124810971.825,996.0
19912,1001.0,21.0,1.0,100.0,80.0,,13.0,0.875,12521.05,124823492.875,996.0
19913,1001.0,21.0,1.0,100.0,80.0,,14.0,1.025,12522.075,124836014.95,996.0
19914,1001.0,21.0,1.0,100.0,80.0,,15.0,0.8625,12522.9375,124848537.8875,996.0
19915,1001.0,21.0,1.0,100.0,80.0,,16.0,1.1875,12524.125,124861062.0125,996.0
19916,1001.0,21.0,1.0,100.0,80.0,,17.0,0.575,12524.7,124873586.7125,996.0
19917,1001.0,21.0,1.0,100.0,80.0,,18.0,0.4375,12525.1375,124886111.85,996.0
19918,1001.0,21.0,1.0,100.0,80.0,,19.0,1.2125,12526.35,124898638.2,996.0
19919,1001.0,21.0,1.0,100.0,80.0,,20.0,0.825,12527.175,124911165.375,996.0
19920,1001.0,21.0,1.0,100.0,80.0,,1.0,0.2125,12527.3875,124923692.7625,997.0
19921,1001.0,21.0,1.0,100.0,80.0,,2.0,0.7875,12528.175,124936220.9375,997.0
19922,1001.0,21.0,1.0,100.0,80.0,,3.0,1.1875,12529.3625,124948750.3,997.0
19923,1001.0,21.0,1.0,100.0,80.0,,4.0,1.1875,12530.55,124961280.85,997.0
19924,1001.0,21.0,1.0,100.0,80.0,,5.0,0.025,12530.575,124973811.425,997.0
19925,1001.0,21.0,1.0,100.0,80.0,,6.0,0.6,12531.175,124986342.6,997.0
19926,1001.0,21.0,1.0,100.0,80.0,,7.0,0.5375,12531.7125,124998874.3125,997.0
19927,1001.0,21.0,1.0,100.0,80.0,,8.0,0.575,12532.2875,125011406.6,997.0
19928,1001.0,21.0,1.0,100.0,80.0,,9.0,0.5375,12532.825,125023939.425,997.0
19929,1001.0,21.0,1.0,100.0,80.0,,10.0,0.0375,12532.8625,125036472.2875,997.0
19930,1001.0,21.0,1.0,100.0,80.0,,11.0,0.3375,12533.2,125049005.4875,997.0
19931,1001.0,21.0,1.0,100.0,80.0,,12.0,0.3125,12533.5125,125061539.0,997.0
19932,1001.0,21.0,1.0,100.0,80.0,,13.0,0.3375,12533.85,125074072.85,997.0
19933,1001.0,21.0,1.0,100.0,80.0,,14.0,0.1875,12534.0375,125086606.8875,997.0
19934,1001.0,21.0,1.0,100.0,80.0,,15.0,0.925,12534.9625,125099141.85,997.0
19935,1001.0,21.0,1.0,100.0,80.0,,16.0,0.5,12535.4625,125111677.3125,997.0
19936,1001.0,21.0,1.0,100.0,80.0,,17.0,1.0375,12536.5,125124213.8125,997.0
19937,1001.0,21.0,1.0,100.0,80.0,,18.0,0.2875,12536.7875,125136750.6,997.0
19938,1001.0,21.0,1.0,100.0,80.0,,19.0,1.1,12537.8875,125149288.4875,997.0
19939,1001.0,21.0,1.0,100.0,80.0,,20.0,1.0625,12538.95,125161827.4375,997.0
19940,1001.0,21.0,1.0,100.0,80.0,,1.0,0.9375,12539.8875,125174367.325,998.0
19941,1001.0,21.0,1.0,100.0,80.0,,2.0,0.8125,12540.7,125186908.025,998.0
19942,1001.0,21.0,1.0,100.0,80.0,,3.0,0.825,12541.525,125199449.55,998.0
19943,1001.0,21.0,1.0,100.0,80.0,,4.0,1.1625,12542.6875,125211992.2375,998.0
19944,1001.0,21.0,1.0,100.0,80.0,,5.0,0.7875,12543.475,125224535.7125,998.0
19945,1001.0,21.0,1.0,100.0,80.0,,6.0,0.9875,12544.4625,125237080.175,998.0
19946,1001.0,21.0,1.0,100.0,80.0,,7.0,1.025,12545.4875,125249625.6625,998.0
19947,1001.0,21.0,1.0,100.0,80.0,,8.0,1.1375,12546.625,125262172.2875,998.0
19948,1001.0,21.0,1.0,100.0,80.0,,9.0,0.275,12546.9,125274719.1875,998.0
19949,1001.0,21.0,1.0,100.0,80.0,,10.0,0.525,12547.425,125287266.6125,998.0
19950,1001.0,21.0,1.0,100.0,80.0,,11.0,1.1375,12548.5625,125299815.175,998.0
19951,1001.0,21.0,1.0,100.0,80.0,,12.0,0.2375,12548.8,125312363.975,998.0
19952,1001.0,21.0,1.0,100.0,80.0,,13.0,0.0625,12548.8625,125324912.8375,998.0
19953,1001.0,21.0,1.0,100.0,80.0,,14.0,0.725,12549.5875,125337462.425,998.0
19954,1001.0,21.0,1.0,100.0,80.0,,15.0,0.525,12550.1125,125350012.5375,998.0
19955,1001.0,21.0,1.0,100.0,80.0,,16.0,1.0375,12551.15,125362563.6875,998.0
19956,1001.0,21.0,1.0,100.0,80.0,,17.0,0.5875,12551.7375,125375115.425,998.0
19957,1001.0,21.0,1.0,100.0,80.0,,18.0,0.85,12552.5875,125387668.0125,998.0
19958,1001.0,21.0,1.0,100.0,80.0,,19.0,0.925,12553.5125,125400221.525,998.0
19959,1001.0,21.0,1.0,100.0,80.0,,20.0,1.175,12554.6875,125412776.2125,998.0
19960,1001.0,21.0,1.0,100.0,80.0,,1.0,0.725,12555.4125,125425331.625,999.0
19961,1001.0,21.0,1.0,100.0,80.0,,2.0,1.2375,12556.65,125437888.275,999.0
19962,1001.0,21.0,1.0,100.0,80.0,,3.0,0.525,12557.175,125450445.45,999.0
19963,1001.0,21.0,1.0,100.0,80.0,,4.0,0.225,12557.4,125463002.85,999.0
19964,1001.0,21.0,1.0,100.0,80.0,,5.0,1.1625,12558.5625,125475561.4125,999.0
19965,1001.0,21.0,1.0,100.0,80.0,,6.0,0.3375,12558.9,125488120.3125,999.0
19966,1001.0,21.0,1.0,100.0,80.0,,7.0,1.225,12560.125,125500680.4375,999.0
19967,1001.0,21.0,1.0,100.0,80.0,,8.0,0.6,12560.725,125513241.1625,999.0
19968,1001.0,21.0,1.0,100.0,80.0,,9.0,0.2,12560.925,125525802.0875,999.0
19969,1001.0,21.0,1.0,100.0,80.0,,10.0,1.1875,12562.1125,125538364.2,999.0
19970,1001.0,21.0,1.0,100.0,80.0,,11.0,0.7375,12562.85,125550927.05,999.0
19971,1001.0,21.0,1.0,100.0,80.0,,12.0,0.3125,12563.1625,125563490.2125,999.0
19972,1001.0,21.0,1.0,100.0,80.0,,13.0,0.2125,12563.375,125576053.5875,999.0
19973,1001.0,21.0,1.0,100.0,80.0,,14.0,0.225,12563.6,125588617.1875,999.0
19974,1001.0,21.0,1.0,100.0,80.0,,15.0,0.1625,12563.7625,125601180.95,999.0
19975,1001.0,21.0,1.0,100.0,80.0,,16.0,0.825,12564.5875,125613745.5375,999.0
19976,1001.0,21.0,1.0,100.0,80.0,,17.0,0.4,12564.9875,125626310.525,999.0
19977,1001.0,21.0,1.0,100.0,80.0,,18.0,0.4625,12565.45,125638875.975,999.0
19978,1001.0,21.0,1.0,100.0,80.0,,19.0,0.6625,12566.1125,125651442.0875,999.0
19979,1001.0,21.0,1.0,100.0,80.0,,20.0,0.4625,12566.575,125664008.6625,999.0
19980,1001.0,21.0,1.0,100.0,80.0,,1.0,0.7375,12567.3125,125676575.975,1000.0
19981,1001.0,21.0,1.0,100.0,80.0,,2.0,0.9875,12568.3,125689144.275,1000.0
19982,1001.0,21.0,1.0,100.0,80.0,,3.0,0.675,12568.975,125701713.25,1000.0
19983,1001.0,21.0,1.0,100.0,80.0,,4.0,0.2875,12569.2625,125714282.5125,1000.0
19984,1001.0,21.0,1.0,100.0,80.0,,5.0,0.125,12569.3875,125726851.9,1000.0
19985,1001.0,21.0,1.0,100.0,80.0,,6.0,0.775,12570.1625,125739422.0625,1000.0
19986,1001.0,21.0,1.0,100.0,80.0,,7.0,0.4875,12570.65,125751992.7125,1000.0
19987,1001.0,21.0,1.0,100.0,80.0,,8.0,0.675,12571.325,125764564.0375,1000.0
19988,1001.0,21.0,1.0,100.0,80.0,,9.0,0.6125,12571.9375,125777135.975,1000.0
19989,1001.0,21.0,1.0,100.0,80.0,,10.0,0.8875,12572.825,125789708.8,1000.0
19990,1001.0,21.0,1.0,100.0,80.0,,11.0,0.2625,12573.0875,125802281.8875,1000.0
19991,1001.0,21.0,1.0,100.0,80.0,,12.0,1.2375,12574.325,125814856.2125,1000.0
19992,1001.0,21.0,1.0,100.0,80.0,,13.0,0.35,12574.675,125827430.8875,1000.0
19993,1001.0,21.0,1.0,100.0,80.0,,14.0,0.625,12575.3,125840006.1875,1000.0
19994,1001.0,21.0,1.0,100.0,80.0,,15.0,0.8,12576.1,125852582.2875,1000.0
19995,1001.0,21.0,1.0,100.0,80.0,,16.0,0.9625,12577.0625,125865159.35,1000.0
19996,1001.0,21.0,1.0,100.0,80.0,,17.0,0.7,12577.7625,125877737.1125,1000.0
19997,1001.0,21.0,1.0,100.0,80.0,,18.0,0.2375,12578.0,125890315.1125,1000.0
19998,1001.0,21.0,1.0,100.0,80.0,,19.0,0.2375,12578.2375,125902893.35,1000.0
19999,1001.0,21.0,1.0,100.0,80.0,,20.0,0.025,12578.2625,125915471.6125,1000.0
